0.01 	 1.866727e-08 
0.0201 	 4.515013e-08 
0.030301 	 6.636124e-08 
0.040604 	 7.871221e-08 
0.05101 	 8.311918e-08 
0.06152 	 8.211736e-08 
0.072135 	 8.551321e-08 
0.082857 	 9.662391e-08 
0.093685 	 1.187118e-07 
0.104622 	 1.527478e-07 
0.115668 	 2.132587e-07 
0.126825 	 2.972175e-07 
0.138093 	 4.266644e-07 
0.149474 	 6.103614e-07 
0.160969 	 8.635201e-07 
0.172579 	 1.199138e-06 
0.184304 	 1.663738e-06 
0.196147 	 2.291377e-06 
0.208109 	 3.076682e-06 
0.22019 	 4.194261e-06 
0.232392 	 5.989773e-06 
0.244716 	 8.706549e-06 
0.257163 	 1.373841e-05 
0.269735 	 2.290975e-05 
0.282432 	 3.859886e-05 
0.295256 	 6.707996e-05 
0.308209 	 0.0001134608 
0.321291 	 0.0001723073 
0.334504 	 0.0002467064 
0.347849 	 0.0003424822 
0.361327 	 0.0004521266 
0.374941 	 0.0005690567 
0.38869 	 0.0006861747 
0.402577 	 0.0007988617 
0.416603 	 0.0009371107 
0.430769 	 0.001089584 
0.445076 	 0.00124191 
0.459527 	 0.001454383 
0.474123 	 0.001686908 
0.488864 	 0.001979447 
0.503752 	 0.002317104 
0.51879 	 0.002702397 
0.533978 	 0.002997049 
0.549318 	 0.003058474 
0.564811 	 0.003054243 
0.580459 	 0.003160097 
0.596263 	 0.003261735 
0.612226 	 0.003478628 
0.628348 	 0.003899639 
0.644632 	 0.004602809 
0.661078 	 0.005599855 
0.677689 	 0.007110408 
0.694466 	 0.009232899 
0.71141 	 0.01194171 
0.728525 	 0.01357473 
0.74581 	 0.0132428 
0.763268 	 0.01216103 
0.780901 	 0.01142993 
0.79871 	 0.01139179 
0.816697 	 0.01214977 
0.834864 	 0.01349929 
0.853212 	 0.01554638 
0.871744 	 0.01848479 
0.890462 	 0.02343157 
0.909366 	 0.03296818 
0.92846 	 0.05128113 
0.947745 	 0.08729416 
0.967222 	 0.1590183 
0.986894 	 0.2978125 
1.006763 	 0.5473331 
1.026831 	 0.9547969 
1.047099 	 1.503519 
1.06757 	 2.139828 
1.088246 	 2.858311 
1.109128 	 3.61587 
1.13022 	 4.417654 
1.151522 	 5.008684 
1.173037 	 4.84205 
1.194768 	 4.245753 
1.216715 	 3.556312 
1.238882 	 2.978336 
1.261271 	 2.526482 
1.283884 	 2.048668 
1.306723 	 1.527243 
1.32979 	 1.069481 
1.353088 	 0.6929033 
1.376619 	 0.4105802 
1.400385 	 0.2215385 
1.424389 	 0.1099542 
1.448633 	 0.05253593 
1.473119 	 0.02425934 
1.49785 	 0.01143109 
1.522829 	 0.005959405 
1.548057 	 0.003179182 
1.573538 	 0.001636671 
1.599273 	 0.0008723419 
1.625266 	 0.0004769434 
1.651518 	 0.0002929583 
1.678033 	 0.0002057518 
1.704814 	 0.0001458334 
1.731862 	 0.0001071768 
1.759181 	 9.703579e-05 
1.786772 	 0.0001105526 
1.81464 	 0.0001473781 
1.842787 	 0.0001835168 
1.871214 	 0.0002084372 
1.899927 	 0.0002438599 
1.928926 	 0.0003476694 
1.958215 	 0.0005522711 
1.987797 	 0.0008826797 
2.017675 	 0.001432655 
2.047852 	 0.002239703 
2.07833 	 0.003104889 
2.109114 	 0.003902114 
2.140205 	 0.004290134 
2.171607 	 0.004045392 
2.203323 	 0.003452772 
2.235356 	 0.002693103 
2.26771 	 0.001903571 
2.300387 	 0.001152717 
2.333391 	 0.0006321736 
2.366725 	 0.0002986725 
2.400392 	 0.0001513393 
2.434396 	 6.125752e-05 
2.46874 	 1.898652e-05 
2.503427 	 5.426283e-06 
2.538461 	 1.674348e-06 
2.573846 	 6.095586e-07 
2.609585 	 1.767175e-07 
2.64568 	 6.036678e-08 
2.682137 	 1.673836e-08 
2.718959 	 5.100289e-09 
2.756148 	 1.06971e-09 
2.79371 	 9.735619e-11 
2.831647 	 5.667268e-12 
2.869963 	 7.79838e-14 
2.908663 	 3.226933e-16 
2.947749 	 9.314709e-20 
2.987227 	 2.605243e-24 
3.027099 	 8.585228e-31 
3.06737 	 6.437745e-40 
3.108044 	 2.732487e-54 
3.149124 	 1.63968e-68 
3.190616 	 3.980844e-84 
3.232522 	 1.276265e-104 
3.274847 	 6.240774e-114 
3.317595 	 2.00556e-124 
3.360771 	 4.274538e-127 
3.404379 	 1.754145e-130 
3.448423 	 1.714204e-132 
3.492907 	 1.825554e-133 
3.537836 	 6.367637e-135 
3.583215 	 2.642019e-135 
3.629047 	 4.141249e-136 
3.675337 	 1.928561e-136 
3.722091 	 7.792463e-137 
3.769311 	 2.506192e-137 
3.817005 	 1.035515e-137 
3.865175 	 3.780767e-138 
3.913826 	 1.475525e-138 
3.962965 	 5.189266e-139 
4.012594 	 1.52979e-139 
4.06272 	 4.198435e-140 
4.113347 	 9.690484e-141 
4.164481 	 1.645136e-141 
4.216126 	 2.292934e-142 
4.268287 	 2.261304e-143 
4.32097 	 1.329155e-144 
4.37418 	 5.364836e-146 
4.427921 	 1.305769e-147 
4.482201 	 1.656309e-149 
4.537023 	 1.233873e-151 
4.592393 	 7.340412e-154 
4.648317 	 3.499654e-156 
4.7048 	 2.0053e-158 
4.761848 	 2.164188e-160 
4.819466 	 5.597992e-162 
4.877661 	 4.556602e-163 
4.936438 	 1.201419e-163 
4.995802 	 6.312149e-164 
5.05576 	 4.955877e-164 
5.116318 	 1.0885e-164 
5.177481 	 5.068193e-165 
5.239256 	 5.589974e-166 
5.301648 	 1.122211e-166 
5.364665 	 1.02694e-167 
5.428311 	 1.165205e-169 
5.492594 	 1.028309e-171 
5.55752 	 7.341991e-175 
5.623096 	 2.360258e-178 
5.689326 	 5.59885e-183 
5.75622 	 5.112198e-188 
5.823782 	 8.193208e-194 
5.89202 	 2.721882e-200 
5.96094 	 2.531988e-206 
