0.01 	 9.160324e-45 
0.0201 	 1.222565e-44 
0.030301 	 1.052199e-44 
0.040604 	 7.825593e-45 
0.05101 	 5.585042e-45 
0.06152 	 5.019182e-45 
0.072135 	 5.966097e-45 
0.082857 	 9.292516e-45 
0.093685 	 1.632387e-44 
0.104622 	 2.931985e-44 
0.115668 	 6.232385e-44 
0.126825 	 1.334656e-43 
0.138093 	 2.814058e-43 
0.149474 	 6.053073e-43 
0.160969 	 1.229115e-42 
0.172579 	 2.473044e-42 
0.184304 	 5.209306e-42 
0.196147 	 1.166305e-41 
0.208109 	 2.62039e-41 
0.22019 	 6.308375e-41 
0.232392 	 1.457692e-40 
0.244716 	 3.314951e-40 
0.257163 	 8.526997e-40 
0.269735 	 2.349454e-39 
0.282432 	 6.462386e-39 
0.295256 	 1.913534e-38 
0.308209 	 5.496317e-38 
0.321291 	 1.235404e-37 
0.334504 	 2.686953e-37 
0.347849 	 6.604707e-37 
0.361327 	 1.556921e-36 
0.374941 	 3.804417e-36 
0.38869 	 9.84308e-36 
0.402577 	 2.739482e-35 
0.416603 	 1.012028e-34 
0.430769 	 4.014032e-34 
0.445076 	 1.235947e-33 
0.459527 	 3.705709e-33 
0.474123 	 1.019041e-32 
0.488864 	 2.699417e-32 
0.503752 	 8.338662e-32 
0.51879 	 2.606509e-31 
0.533978 	 7.495959e-31 
0.549318 	 2.181319e-30 
0.564811 	 6.419306e-30 
0.580459 	 2.037563e-29 
0.596263 	 7.420332e-29 
0.612226 	 2.800356e-28 
0.628348 	 9.958671e-28 
0.644632 	 3.949714e-27 
0.661078 	 1.793388e-26 
0.677689 	 9.701663e-26 
0.694466 	 7.584747e-25 
0.71141 	 6.756731e-24 
0.728525 	 4.454604e-23 
0.74581 	 2.076721e-22 
0.763268 	 7.790736e-22 
0.780901 	 3.235692e-21 
0.79871 	 2.762852e-20 
0.816697 	 5.272001e-19 
0.834864 	 1.65674e-17 
0.853212 	 6.787477e-16 
0.871744 	 3.102221e-14 
0.890462 	 1.456612e-12 
0.909366 	 6.446288e-11 
0.92846 	 2.268183e-09 
0.947745 	 5.993474e-08 
0.967222 	 1.176313e-06 
0.986894 	 1.698635e-05 
1.006763 	 0.0001904315 
1.026831 	 0.001841726 
1.047099 	 0.01468573 
1.06757 	 0.091139 
1.088246 	 0.4246712 
1.109128 	 1.461945 
1.13022 	 3.548827 
1.151522 	 5.987108 
1.173037 	 7.066815 
1.194768 	 6.439628 
1.216715 	 5.468485 
1.238882 	 4.523027 
1.261271 	 3.509431 
1.283884 	 2.555084 
1.306723 	 1.853121 
1.32979 	 1.182844 
1.353088 	 0.6791744 
1.376619 	 0.3588595 
1.400385 	 0.1797734 
1.424389 	 0.08857121 
1.448633 	 0.04493316 
1.473119 	 0.02285442 
1.49785 	 0.01184929 
1.522829 	 0.006249347 
1.548057 	 0.003086043 
1.573538 	 0.001426725 
1.599273 	 0.0006051005 
1.625266 	 0.0002246423 
1.651518 	 7.737235e-05 
1.678033 	 2.56236e-05 
1.704814 	 7.470406e-06 
1.731862 	 2.097886e-06 
1.759181 	 6.945426e-07 
1.786772 	 2.529536e-07 
1.81464 	 7.920132e-08 
1.842787 	 1.896125e-08 
1.871214 	 3.356377e-09 
1.899927 	 4.711048e-10 
1.928926 	 6.084623e-11 
1.958215 	 5.572232e-12 
1.987797 	 3.299729e-13 
2.017675 	 2.270925e-14 
2.047852 	 2.091733e-15 
2.07833 	 1.775944e-16 
2.109114 	 1.159602e-17 
2.140205 	 7.205342e-19 
2.171607 	 4.106965e-20 
2.203323 	 2.675936e-21 
2.235356 	 2.604508e-22 
2.26771 	 2.206583e-23 
2.300387 	 1.76101e-24 
2.333391 	 1.496971e-25 
2.366725 	 1.17898e-26 
2.400392 	 9.036784e-28 
2.434396 	 5.219841e-29 
2.46874 	 1.412603e-30 
2.503427 	 3.889259e-32 
2.538461 	 2.909001e-33 
2.573846 	 2.365693e-34 
2.609585 	 1.212362e-35 
2.64568 	 4.489923e-37 
2.682137 	 1.049889e-38 
2.718959 	 2.184471e-40 
2.756148 	 3.734548e-42 
2.79371 	 3.538064e-44 
2.831647 	 1.39769e-46 
2.869963 	 2.681912e-49 
2.908663 	 2.669445e-52 
2.947749 	 8.661782e-56 
2.987227 	 1.880265e-59 
3.027099 	 8.506105e-64 
3.06737 	 2.498567e-68 
3.108044 	 1.768504e-73 
3.149124 	 3.775092e-77 
3.190616 	 4.426921e-80 
3.232522 	 7.653788e-83 
3.274847 	 2.590217e-84 
3.317595 	 3.386359e-86 
3.360771 	 4.083148e-87 
3.404379 	 3.650788e-88 
3.448423 	 7.934704e-89 
3.492907 	 5.320299e-89 
3.537836 	 4.44514e-89 
3.583215 	 7.78969e-89 
3.629047 	 1.755035e-88 
3.675337 	 4.639567e-88 
3.722091 	 1.489933e-87 
3.769311 	 5.661434e-87 
3.817005 	 2.178412e-86 
3.865175 	 6.611503e-86 
3.913826 	 2.332184e-85 
3.962965 	 7.431241e-85 
4.012594 	 1.670961e-84 
4.06272 	 3.684961e-84 
4.113347 	 5.985851e-84 
4.164481 	 5.946554e-84 
4.216126 	 4.879087e-84 
4.268287 	 2.786124e-84 
4.32097 	 9.092622e-85 
4.37418 	 2.337752e-85 
4.427921 	 3.644837e-86 
4.482201 	 3.335503e-87 
4.537023 	 2.459053e-88 
4.592393 	 2.027401e-89 
4.648317 	 1.499776e-90 
4.7048 	 1.43878e-91 
4.761848 	 2.473192e-92 
4.819466 	 7.843048e-93 
4.877661 	 6.563986e-93 
4.936438 	 1.481789e-92 
4.995802 	 4.82543e-92 
5.05576 	 2.290504e-91 
5.116318 	 9.174207e-91 
5.177481 	 4.222232e-90 
5.239256 	 1.450817e-89 
5.301648 	 5.869819e-89 
5.364665 	 1.493892e-88 
5.428311 	 1.588091e-88 
5.492594 	 9.528436e-89 
5.55752 	 1.219807e-89 
5.623096 	 3.808532e-91 
5.689326 	 2.365901e-93 
5.75622 	 2.583757e-96 
5.823782 	 3.604286e-100 
5.89202 	 1.105921e-104 
5.96094 	 2.848383e-109 
