0.01 	 1.169019e-54 
0.0201 	 3.308815e-52 
0.030301 	 2.494086e-50 
0.040604 	 9.417936e-49 
0.05101 	 2.041813e-47 
0.06152 	 2.711562e-46 
0.072135 	 2.333093e-45 
0.082857 	 1.597854e-44 
0.093685 	 7.960299e-44 
0.104622 	 2.95048e-43 
0.115668 	 8.83512e-43 
0.126825 	 2.61163e-42 
0.138093 	 6.886182e-42 
0.149474 	 1.808875e-41 
0.160969 	 4.50094e-41 
0.172579 	 1.073709e-40 
0.184304 	 2.64838e-40 
0.196147 	 6.795879e-40 
0.208109 	 1.722085e-39 
0.22019 	 4.557662e-39 
0.232392 	 1.196112e-38 
0.244716 	 3.028907e-38 
0.257163 	 8.545676e-38 
0.269735 	 2.630589e-37 
0.282432 	 7.831222e-37 
0.295256 	 2.573471e-36 
0.308209 	 8.966844e-36 
0.321291 	 2.827763e-35 
0.334504 	 1.012888e-34 
0.347849 	 4.494446e-34 
0.361327 	 1.928659e-33 
0.374941 	 9.880566e-33 
0.38869 	 6.250374e-32 
0.402577 	 4.717474e-31 
0.416603 	 5.129448e-30 
0.430769 	 5.636323e-29 
0.445076 	 4.401163e-28 
0.459527 	 3.348968e-27 
0.474123 	 2.562361e-26 
0.488864 	 1.983923e-25 
0.503752 	 1.9074e-24 
0.51879 	 1.812912e-23 
0.533978 	 1.51207e-22 
0.549318 	 1.260222e-21 
0.564811 	 1.007363e-20 
0.580459 	 7.605804e-20 
0.596263 	 5.934718e-19 
0.612226 	 4.193421e-18 
0.628348 	 2.605611e-17 
0.644632 	 1.628132e-16 
0.661078 	 1.08754e-15 
0.677689 	 7.699523e-15 
0.694466 	 6.466534e-14 
0.71141 	 5.483941e-13 
0.728525 	 3.723019e-12 
0.74581 	 2.124854e-11 
0.763268 	 1.164886e-10 
0.780901 	 8.451125e-10 
0.79871 	 8.861185e-09 
0.816697 	 1.230452e-07 
0.834864 	 1.82206e-06 
0.853212 	 2.38597e-05 
0.871744 	 0.0002447469 
0.890462 	 0.001792561 
0.909366 	 0.008331054 
0.92846 	 0.02339806 
0.947745 	 0.05006661 
0.967222 	 0.09589596 
0.986894 	 0.1715922 
1.006763 	 0.3550457 
1.026831 	 0.557016 
1.047099 	 0.8978844 
1.06757 	 1.299898 
1.088246 	 1.755877 
1.109128 	 2.322355 
1.13022 	 2.943191 
1.151522 	 3.592127 
1.173037 	 4.335854 
1.194768 	 4.969029 
1.216715 	 5.318133 
1.238882 	 5.138744 
1.261271 	 4.468029 
1.283884 	 3.444457 
1.306723 	 2.218013 
1.32979 	 1.136132 
1.353088 	 0.4532714 
1.376619 	 0.1426497 
1.400385 	 0.03746961 
1.424389 	 0.008224213 
1.448633 	 0.001589845 
1.473119 	 0.000266826 
1.49785 	 4.29348e-05 
1.522829 	 7.115719e-06 
1.548057 	 1.045506e-06 
1.573538 	 1.176254e-07 
1.599273 	 1.017868e-08 
1.625266 	 6.415574e-10 
1.651518 	 3.298032e-11 
1.678033 	 1.580203e-12 
1.704814 	 6.073068e-14 
1.731862 	 2.269913e-15 
1.759181 	 1.170025e-16 
1.786772 	 7.080618e-18 
1.81464 	 3.881688e-19 
1.842787 	 1.856379e-20 
1.871214 	 7.362357e-22 
1.899927 	 2.327605e-23 
1.928926 	 7.997098e-25 
1.958215 	 2.317059e-26 
1.987797 	 5.149177e-28 
2.017675 	 2.138702e-29 
2.047852 	 1.645447e-30 
2.07833 	 1.108089e-31 
2.109114 	 5.899889e-33 
2.140205 	 2.64588e-34 
2.171607 	 8.695408e-36 
2.203323 	 3.40225e-37 
2.235356 	 1.703438e-38 
2.26771 	 7.057498e-40 
2.300387 	 2.637292e-41 
2.333391 	 1.19931e-42 
2.366725 	 4.913941e-44 
2.400392 	 2.295101e-45 
2.434396 	 1.019712e-46 
2.46874 	 2.283317e-48 
2.503427 	 5.105369e-50 
2.538461 	 1.753107e-51 
2.573846 	 4.326646e-53 
2.609585 	 8.491292e-55 
2.64568 	 1.621177e-56 
2.682137 	 2.017206e-58 
2.718959 	 2.983272e-60 
2.756148 	 5.305841e-62 
2.79371 	 6.706825e-64 
2.831647 	 5.364425e-66 
2.869963 	 4.583224e-68 
2.908663 	 2.886398e-70 
2.947749 	 8.162248e-73 
2.987227 	 1.593602e-75 
3.027099 	 5.579685e-79 
3.06737 	 3.490877e-83 
3.108044 	 1.871096e-89 
3.149124 	 7.448784e-95 
3.190616 	 3.280242e-101 
3.232522 	 2.31232e-109 
3.274847 	 5.911062e-113 
3.317595 	 6.061616e-117 
3.360771 	 3.740108e-118 
3.404379 	 8.591011e-120 
3.448423 	 2.886326e-120 
3.492907 	 5.251401e-120 
3.537836 	 1.086425e-119 
3.583215 	 5.07548e-119 
3.629047 	 2.418729e-118 
3.675337 	 9.649235e-118 
3.722091 	 3.49829e-117 
3.769311 	 1.005285e-116 
3.817005 	 2.320862e-116 
3.865175 	 2.651166e-116 
3.913826 	 3.02771e-116 
3.962965 	 3.027624e-116 
4.012594 	 2.194036e-116 
4.06272 	 1.742345e-116 
4.113347 	 1.237492e-116 
4.164481 	 8.693448e-117 
4.216126 	 7.93159e-117 
4.268287 	 8.98855e-117 
4.32097 	 9.215449e-117 
4.37418 	 9.599427e-117 
4.427921 	 6.866891e-117 
4.482201 	 2.391045e-117 
4.537023 	 3.83572e-118 
4.592393 	 3.127188e-119 
4.648317 	 6.389793e-121 
4.7048 	 5.949907e-123 
4.761848 	 4.964186e-125 
4.819466 	 5.99346e-127 
4.877661 	 4.164973e-128 
4.936438 	 2.365823e-128 
4.995802 	 3.268357e-128 
5.05576 	 1.10621e-127 
5.116318 	 1.481153e-127 
5.177481 	 4.021708e-127 
5.239256 	 3.535186e-127 
5.301648 	 9.60495e-127 
5.364665 	 1.29722e-126 
5.428311 	 1.112344e-127 
5.492594 	 8.360962e-129 
5.55752 	 1.270781e-131 
5.623096 	 4.450054e-135 
5.689326 	 1.267988e-140 
5.75622 	 4.043747e-147 
5.823782 	 3.639785e-155 
5.89202 	 6.678424e-165 
5.96094 	 3.64932e-174 
