0.01 	 1.371312e-100 
0.0201 	 8.987682e-97 
0.030301 	 3.341513e-94 
0.040604 	 4.088051e-92 
0.05101 	 9.680448e-90 
0.06152 	 1.200917e-87 
0.072135 	 2.070344e-85 
0.082857 	 1.286839e-82 
0.093685 	 5.184573e-80 
0.104622 	 2.186812e-77 
0.115668 	 1.820523e-74 
0.126825 	 8.816555e-72 
0.138093 	 3.02697e-69 
0.149474 	 1.380722e-66 
0.160969 	 8.758412e-64 
0.172579 	 7.400135e-61 
0.184304 	 1.422627e-57 
0.196147 	 5.929732e-54 
0.208109 	 3.918123e-50 
0.22019 	 4.860412e-46 
0.232392 	 9.004515e-42 
0.244716 	 6.183229e-38 
0.257163 	 3.662817e-34 
0.269735 	 3.291711e-30 
0.282432 	 1.773397e-25 
0.295256 	 1.033073e-19 
0.308209 	 2.879123e-13 
0.321291 	 1.154735e-07 
0.334504 	 0.002828686 
0.347849 	 2.271285 
0.361327 	 26.34168 
0.374941 	 24.78676 
0.38869 	 14.2695 
0.402577 	 4.400363 
0.416603 	 0.9047515 
0.430769 	 0.1335965 
0.445076 	 0.0177476 
0.459527 	 0.003118169 
0.474123 	 0.0007148329 
0.488864 	 0.0002772362 
0.503752 	 9.081439e-05 
0.51879 	 2.081153e-05 
0.533978 	 1.948858e-06 
0.549318 	 6.425014e-08 
0.564811 	 5.85277e-10 
0.580459 	 2.019046e-12 
0.596263 	 3.80672e-15 
0.612226 	 2.964339e-18 
0.628348 	 8.476789e-22 
0.644632 	 1.374281e-25 
0.661078 	 1.423363e-29 
0.677689 	 1.227988e-33 
0.694466 	 9.348529e-38 
0.71141 	 1.235044e-41 
0.728525 	 2.357916e-45 
0.74581 	 5.381838e-49 
0.763268 	 1.229488e-52 
0.780901 	 1.627255e-56 
0.79871 	 1.010672e-60 
0.816697 	 4.075746e-65 
0.834864 	 8.407907e-70 
0.853212 	 9.093612e-75 
0.871744 	 1.183128e-79 
0.890462 	 7.219007e-85 
0.909366 	 3.364185e-90 
0.92846 	 1.467932e-95 
0.947745 	 5.045795e-101 
0.967222 	 1.720392e-106 
0.986894 	 7.248043e-112 
1.006763 	 2.208936e-117 
1.026831 	 7.481839e-123 
1.047099 	 2.145606e-128 
1.06757 	 4.933881e-134 
1.088246 	 8.033141e-140 
1.109128 	 2.640786e-145 
1.13022 	 7.430203e-151 
1.151522 	 3.922787e-156 
1.173037 	 4.657447e-161 
1.194768 	 8.384864e-166 
1.216715 	 1.399467e-170 
1.238882 	 5.021174e-175 
1.261271 	 1.661593e-179 
1.283884 	 4.094259e-184 
1.306723 	 2.273544e-188 
1.32979 	 1.308381e-192 
1.353088 	 6.106899e-197 
1.376619 	 8.658642e-201 
1.400385 	 2.006268e-204 
1.424389 	 2.845461e-208 
1.448633 	 1.407239e-211 
1.473119 	 9.701113e-215 
1.49785 	 4.291076e-218 
1.522829 	 8.470194e-221 
1.548057 	 1.447476e-223 
1.573538 	 2.059359e-226 
1.599273 	 2.57872e-228 
1.625266 	 3.075547e-230 
1.651518 	 3.533136e-232 
1.678033 	 3.129305e-233 
1.704814 	 2.734042e-234 
1.731862 	 2.665044e-235 
1.759181 	 1.94143e-235 
1.786772 	 2.255717e-235 
1.81464 	 1.842197e-235 
1.842787 	 7.523967e-235 
1.871214 	 8.796693e-234 
1.899927 	 9.139516e-233 
1.928926 	 9.519376e-231 
1.958215 	 3.533203e-228 
1.987797 	 1.628589e-225 
2.017675 	 7.489226e-222 
2.047852 	 1.114339e-217 
2.07833 	 2.368373e-214 
2.109114 	 1.725105e-211 
2.140205 	 1.607783e-209 
2.171607 	 4.558586e-209 
2.203323 	 1.728596e-209 
2.235356 	 1.049497e-210 
2.26771 	 1.703663e-212 
2.300387 	 2.825474e-214 
2.333391 	 9.830728e-216 
2.366725 	 1.773811e-217 
2.400392 	 5.089479e-219 
2.434396 	 3.909023e-220 
2.46874 	 1.502596e-221 
2.503427 	 1.10004e-222 
2.538461 	 2.072607e-223 
2.573846 	 1.658895e-224 
2.609585 	 3.127768e-225 
2.64568 	 2.267267e-225 
2.682137 	 1.132011e-225 
2.718959 	 7.623439e-226 
2.756148 	 4.397882e-225 
2.79371 	 7.78912e-224 
2.831647 	 2.9027e-222 
2.869963 	 2.524943e-219 
2.908663 	 1.135509e-215 
2.947749 	 3.930735e-211 
2.987227 	 1.004266e-204 
3.027099 	 1.019287e-196 
3.06737 	 4.408163e-186 
3.108044 	 5.329694e-170 
3.149124 	 4.165869e-158 
3.190616 	 1.280605e-148 
3.232522 	 6.660957e-153 
3.274847 	 2.812742e-173 
3.317595 	 2.061198e-245 
3.360771 	 2.380361e-278 
3.404379 	 0.0 
3.448423 	 0.0 
3.492907 	 0.0 
3.537836 	 0.0 
3.583215 	 0.0 
3.629047 	 0.0 
3.675337 	 0.0 
3.722091 	 0.0 
3.769311 	 0.0 
3.817005 	 0.0 
3.865175 	 0.0 
3.913826 	 0.0 
3.962965 	 0.0 
4.012594 	 0.0 
4.06272 	 0.0 
4.113347 	 0.0 
4.164481 	 0.0 
4.216126 	 0.0 
4.268287 	 0.0 
4.32097 	 0.0 
4.37418 	 0.0 
4.427921 	 0.0 
4.482201 	 0.0 
4.537023 	 0.0 
4.592393 	 0.0 
4.648317 	 0.0 
4.7048 	 0.0 
4.761848 	 0.0 
4.819466 	 0.0 
4.877661 	 0.0 
4.936438 	 0.0 
4.995802 	 0.0 
5.05576 	 0.0 
5.116318 	 0.0 
5.177481 	 0.0 
5.239256 	 0.0 
5.301648 	 0.0 
5.364665 	 0.0 
5.428311 	 0.0 
5.492594 	 0.0 
5.55752 	 0.0 
5.623096 	 0.0 
5.689326 	 0.0 
5.75622 	 0.0 
5.823782 	 0.0 
5.89202 	 0.0 
5.96094 	 0.0 
