0.01 	 8.982326e-23 
0.0201 	 9.576783e-23 
0.030301 	 6.41193e-23 
0.040604 	 3.605805e-23 
0.05101 	 2.130686e-23 
0.06152 	 1.670783e-23 
0.072135 	 1.980526e-23 
0.082857 	 3.488111e-23 
0.093685 	 7.600504e-23 
0.104622 	 1.712618e-22 
0.115668 	 5.162872e-22 
0.126825 	 1.468911e-21 
0.138093 	 4.045312e-21 
0.149474 	 1.106104e-20 
0.160969 	 2.689659e-20 
0.172579 	 5.412136e-20 
0.184304 	 9.646848e-20 
0.196147 	 1.704465e-19 
0.208109 	 3.253858e-19 
0.22019 	 6.818788e-19 
0.232392 	 1.435714e-18 
0.244716 	 2.978195e-18 
0.257163 	 6.847248e-18 
0.269735 	 1.658274e-17 
0.282432 	 4.002284e-17 
0.295256 	 1.003417e-16 
0.308209 	 2.71016e-16 
0.321291 	 7.208017e-16 
0.334504 	 2.031288e-15 
0.347849 	 6.11314e-15 
0.361327 	 1.84661e-14 
0.374941 	 5.646692e-14 
0.38869 	 1.739532e-13 
0.402577 	 5.523006e-13 
0.416603 	 2.002923e-12 
0.430769 	 7.265065e-12 
0.445076 	 2.191007e-11 
0.459527 	 5.99131e-11 
0.474123 	 1.561977e-10 
0.488864 	 3.969489e-10 
0.503752 	 1.013353e-09 
0.51879 	 2.53903e-09 
0.533978 	 5.859333e-09 
0.549318 	 1.240496e-08 
0.564811 	 2.62523e-08 
0.580459 	 5.502539e-08 
0.596263 	 1.063329e-07 
0.612226 	 1.974061e-07 
0.628348 	 3.362418e-07 
0.644632 	 5.619855e-07 
0.661078 	 1.126338e-06 
0.677689 	 2.585515e-06 
0.694466 	 6.615554e-06 
0.71141 	 1.705357e-05 
0.728525 	 3.608926e-05 
0.74581 	 6.246147e-05 
0.763268 	 9.811551e-05 
0.780901 	 0.0001820296 
0.79871 	 0.00042157 
0.816697 	 0.001072826 
0.834864 	 0.002610091 
0.853212 	 0.005859557 
0.871744 	 0.01211185 
0.890462 	 0.02262898 
0.909366 	 0.0410237 
0.92846 	 0.07610659 
0.947745 	 0.146279 
0.967222 	 0.2835561 
0.986894 	 0.5426173 
1.006763 	 1.017968 
1.026831 	 1.843717 
1.047099 	 3.041324 
1.06757 	 4.38956 
1.088246 	 5.565078 
1.109128 	 6.259613 
1.13022 	 6.158843 
1.151522 	 5.62481 
1.173037 	 4.551943 
1.194768 	 3.237792 
1.216715 	 2.046754 
1.238882 	 1.177214 
1.261271 	 0.6553466 
1.283884 	 0.3525769 
1.306723 	 0.1745452 
1.32979 	 0.07674925 
1.353088 	 0.02944318 
1.376619 	 0.009867509 
1.400385 	 0.002802202 
1.424389 	 0.0006595642 
1.448633 	 0.0001379776 
1.473119 	 2.506489e-05 
1.49785 	 4.216259e-06 
1.522829 	 6.905479e-07 
1.548057 	 9.474052e-08 
1.573538 	 1.054897e-08 
1.599273 	 1.07204e-09 
1.625266 	 9.444104e-11 
1.651518 	 7.287754e-12 
1.678033 	 6.084142e-13 
1.704814 	 6.724426e-14 
1.731862 	 9.584369e-15 
1.759181 	 1.853311e-15 
1.786772 	 4.434972e-16 
1.81464 	 1.247591e-16 
1.842787 	 4.530119e-17 
1.871214 	 2.252684e-17 
1.899927 	 1.181083e-17 
1.928926 	 6.927649e-18 
1.958215 	 3.612829e-18 
1.987797 	 1.505498e-18 
2.017675 	 5.183586e-19 
2.047852 	 1.603148e-19 
2.07833 	 4.270989e-20 
2.109114 	 9.930996e-21 
2.140205 	 2.380008e-21 
2.171607 	 5.305827e-22 
2.203323 	 1.053551e-22 
2.235356 	 3.021419e-23 
2.26771 	 9.179443e-24 
2.300387 	 3.068794e-24 
2.333391 	 1.164857e-24 
2.366725 	 4.573434e-25 
2.400392 	 1.575183e-25 
2.434396 	 3.750192e-26 
2.46874 	 5.062927e-27 
2.503427 	 5.323186e-28 
2.538461 	 8.84236e-29 
2.573846 	 1.79182e-29 
2.609585 	 2.317672e-30 
2.64568 	 2.638301e-31 
2.682137 	 1.79848e-32 
2.718959 	 1.103402e-33 
2.756148 	 4.021545e-35 
2.79371 	 6.600828e-37 
2.831647 	 3.982755e-39 
2.869963 	 3.071653e-42 
2.908663 	 5.520146e-46 
2.947749 	 1.883015e-51 
2.987227 	 3.885361e-58 
3.027099 	 1.900866e-67 
3.06737 	 1.458758e-79 
3.108044 	 2.190793e-97 
3.149124 	 3.153668e-114 
3.190616 	 5.536543e-132 
3.232522 	 4.952629e-157 
3.274847 	 9.671885e-170 
3.317595 	 2.222604e-187 
3.360771 	 3.768433e-193 
3.404379 	 2.4804e-200 
3.448423 	 2.112677e-204 
3.492907 	 1.272832e-206 
3.537836 	 1.089528e-209 
3.583215 	 6.848016e-211 
3.629047 	 7.18172e-213 
3.675337 	 2.848862e-214 
3.722091 	 1.659429e-215 
3.769311 	 4.691384e-217 
3.817005 	 2.746889e-218 
3.865175 	 7.731545e-220 
3.913826 	 4.015452e-221 
3.962965 	 1.558414e-222 
4.012594 	 2.893326e-224 
4.06272 	 7.638566e-226 
4.113347 	 1.275961e-227 
4.164481 	 2.888328e-229 
4.216126 	 6.539035e-231 
4.268287 	 2.068484e-232 
4.32097 	 5.057933e-234 
4.37418 	 8.54299e-236 
4.427921 	 1.032138e-237 
4.482201 	 6.007049e-240 
4.537023 	 1.194206e-242 
4.592393 	 8.660952e-246 
4.648317 	 1.673051e-249 
4.7048 	 1.855453e-253 
4.761848 	 2.95485e-257 
4.819466 	 1.333685e-260 
4.877661 	 5.046388e-263 
4.936438 	 2.232737e-264 
4.995802 	 4.174752e-265 
5.05576 	 2.311523e-265 
5.116318 	 6.128986e-267 
5.177481 	 1.520795e-267 
5.239256 	 1.2549e-269 
5.301648 	 1.033098e-270 
5.364665 	 2.784994e-272 
5.428311 	 5.7437e-276 
5.492594 	 4.169283e-279 
5.55752 	 1.047374e-284 
5.623096 	 4.170995e-290 
5.689326 	 4.451458e-298 
5.75622 	 4.829569e-306 
5.823782 	 3.20889300088e-315 
5.89202 	 0.0 
5.96094 	 0.0 
