0.01 	 5.276325e-21 
0.0201 	 3.908925e-21 
0.030301 	 1.802738e-21 
0.040604 	 6.937393e-22 
0.05101 	 3.064941e-22 
0.06152 	 1.841497e-22 
0.072135 	 1.882232e-22 
0.082857 	 3.471578e-22 
0.093685 	 8.453788e-22 
0.104622 	 2.093562e-21 
0.115668 	 8.419558e-21 
0.126825 	 3.033429e-20 
0.138093 	 1.089348e-19 
0.149474 	 3.981818e-19 
0.160969 	 1.327982e-18 
0.172579 	 4.030669e-18 
0.184304 	 1.246078e-17 
0.196147 	 3.641316e-17 
0.208109 	 9.917379e-17 
0.22019 	 2.741458e-16 
0.232392 	 7.394446e-16 
0.244716 	 1.939363e-15 
0.257163 	 5.337596e-15 
0.269735 	 1.494644e-14 
0.282432 	 3.950251e-14 
0.295256 	 1.01741e-13 
0.308209 	 2.497618e-13 
0.321291 	 5.151002e-13 
0.334504 	 1.059155e-12 
0.347849 	 2.522343e-12 
0.361327 	 6.489604e-12 
0.374941 	 1.805027e-11 
0.38869 	 5.829199e-11 
0.402577 	 2.175204e-10 
0.416603 	 9.727553e-10 
0.430769 	 4.094663e-09 
0.445076 	 1.252026e-08 
0.459527 	 3.135541e-08 
0.474123 	 7.171195e-08 
0.488864 	 1.532754e-07 
0.503752 	 3.436396e-07 
0.51879 	 7.879757e-07 
0.533978 	 1.798152e-06 
0.549318 	 3.804885e-06 
0.564811 	 8.608228e-06 
0.580459 	 1.979932e-05 
0.596263 	 4.508199e-05 
0.612226 	 0.0001031046 
0.628348 	 0.0002426532 
0.644632 	 0.0005857098 
0.661078 	 0.001439908 
0.677689 	 0.003566225 
0.694466 	 0.00878947 
0.71141 	 0.02032073 
0.728525 	 0.03911741 
0.74581 	 0.06267446 
0.763268 	 0.09346836 
0.780901 	 0.1415045 
0.79871 	 0.2195944 
0.816697 	 0.3305584 
0.834864 	 0.4722211 
0.853212 	 0.6769442 
0.871744 	 0.9582461 
0.890462 	 1.250718 
0.909366 	 1.66043 
0.92846 	 2.100069 
0.947745 	 2.657885 
0.967222 	 3.346853 
0.986894 	 4.134288 
1.006763 	 4.880789 
1.026831 	 5.359225 
1.047099 	 5.309347 
1.06757 	 4.732745 
1.088246 	 3.888663 
1.109128 	 2.920219 
1.13022 	 2.001599 
1.151522 	 1.23685 
1.173037 	 0.6900686 
1.194768 	 0.3466736 
1.216715 	 0.1577557 
1.238882 	 0.06723597 
1.261271 	 0.02721089 
1.283884 	 0.01029022 
1.306723 	 0.003745124 
1.32979 	 0.001248412 
1.353088 	 0.0003725513 
1.376619 	 0.0001091759 
1.400385 	 3.11803e-05 
1.424389 	 8.246149e-06 
1.448633 	 2.179853e-06 
1.473119 	 5.520903e-07 
1.49785 	 1.419443e-07 
1.522829 	 4.200476e-08 
1.548057 	 1.247825e-08 
1.573538 	 3.58456e-09 
1.599273 	 1.089564e-09 
1.625266 	 3.199578e-10 
1.651518 	 9.410717e-11 
1.678033 	 3.03649e-11 
1.704814 	 8.618189e-12 
1.731862 	 2.209279e-12 
1.759181 	 6.650692e-13 
1.786772 	 2.111403e-13 
1.81464 	 5.610795e-14 
1.842787 	 1.170677e-14 
1.871214 	 1.970204e-15 
1.899927 	 2.639163e-16 
1.928926 	 3.859426e-17 
1.958215 	 4.754829e-18 
1.987797 	 3.670574e-19 
2.017675 	 2.777178e-20 
2.047852 	 2.288913e-21 
2.07833 	 1.555768e-22 
2.109114 	 9.312508e-24 
2.140205 	 7.424738e-25 
2.171607 	 6.464404e-26 
2.203323 	 7.979313e-27 
2.235356 	 2.47207e-27 
2.26771 	 9.783296e-28 
2.300387 	 4.909509e-28 
2.333391 	 3.00565e-28 
2.366725 	 1.667645e-28 
2.400392 	 8.091201e-29 
2.434396 	 2.469172e-29 
2.46874 	 4.01e-30 
2.503427 	 4.205736e-31 
2.538461 	 5.462542e-32 
2.573846 	 6.264494e-33 
2.609585 	 3.171603e-34 
2.64568 	 1.285196e-35 
2.682137 	 1.63421e-37 
2.718959 	 1.559881e-39 
2.756148 	 5.23039e-42 
2.79371 	 3.316728e-45 
2.831647 	 4.713095e-49 
2.869963 	 2.272633e-54 
2.908663 	 2.846037e-60 
2.947749 	 7.480418e-69 
2.987227 	 4.843182e-78 
3.027099 	 1.72747e-90 
3.06737 	 8.366454e-105 
3.108044 	 8.917233e-124 
3.149124 	 1.440639e-140 
3.190616 	 3.517841e-156 
3.232522 	 1.975856e-177 
3.274847 	 1.222389e-187 
3.317595 	 3.471239e-203 
3.360771 	 1.55307e-208 
3.404379 	 6.593655e-216 
3.448423 	 1.979423e-220 
3.492907 	 2.017561e-223 
3.537836 	 2.82805e-227 
3.583215 	 3.257399e-229 
3.629047 	 4.712367e-232 
3.675337 	 5.04846e-234 
3.722091 	 7.213235e-236 
3.769311 	 6.424144e-238 
3.817005 	 1.407947e-239 
3.865175 	 1.777426e-241 
3.913826 	 5.263616e-243 
3.962965 	 1.447263e-244 
4.012594 	 2.457629e-246 
4.06272 	 7.886972e-248 
4.113347 	 2.13946e-249 
4.164481 	 1.246586e-250 
4.216126 	 9.301854e-252 
4.268287 	 1.355855e-252 
4.32097 	 1.91333e-253 
4.37418 	 1.891825e-254 
4.427921 	 1.135628e-255 
4.482201 	 1.932704e-257 
4.537023 	 9.301621e-260 
4.592393 	 1.300622e-262 
4.648317 	 4.141369e-266 
4.7048 	 6.354133e-270 
4.761848 	 1.094737e-273 
4.819466 	 4.686647e-277 
4.877661 	 1.40925e-279 
4.936438 	 3.703455e-281 
4.995802 	 3.231431e-282 
5.05576 	 6.874901e-283 
5.116318 	 9.624436e-285 
5.177481 	 7.32451e-286 
5.239256 	 2.396805e-288 
5.301648 	 4.857662e-290 
5.364665 	 2.987102e-292 
5.428311 	 1.699164e-296 
5.492594 	 2.023923e-300 
5.55752 	 1.166178e-306 
5.623096 	 7.76260899998e-313 
5.689326 	 3.14719816401e-321 
5.75622 	 0.0 
5.823782 	 0.0 
5.89202 	 0.0 
5.96094 	 0.0 
