0.01 	 6.908337e-20 
0.0201 	 5.407218e-20 
0.030301 	 2.925263e-20 
0.040604 	 1.411809e-20 
0.05101 	 7.921242e-21 
0.06152 	 6.168939e-21 
0.072135 	 7.880065e-21 
0.082857 	 1.643594e-20 
0.093685 	 4.131641e-20 
0.104622 	 1.002571e-19 
0.115668 	 3.457042e-19 
0.126825 	 1.028453e-18 
0.138093 	 2.849641e-18 
0.149474 	 7.877311e-18 
0.160969 	 1.94136e-17 
0.172579 	 4.463223e-17 
0.184304 	 1.030929e-16 
0.196147 	 2.206253e-16 
0.208109 	 4.364547e-16 
0.22019 	 8.872603e-16 
0.232392 	 1.748956e-15 
0.244716 	 3.27154e-15 
0.257163 	 6.214671e-15 
0.269735 	 1.143616e-14 
0.282432 	 1.922161e-14 
0.295256 	 3.082818e-14 
0.308209 	 4.853652e-14 
0.321291 	 7.285505e-14 
0.334504 	 1.216567e-13 
0.347849 	 2.389354e-13 
0.361327 	 5.155875e-13 
0.374941 	 1.327132e-12 
0.38869 	 4.502815e-12 
0.402577 	 2.108757e-11 
0.416603 	 1.21794e-10 
0.430769 	 6.937156e-10 
0.445076 	 3.105102e-09 
0.459527 	 1.234972e-08 
0.474123 	 4.810437e-08 
0.488864 	 1.872845e-07 
0.503752 	 7.697989e-07 
0.51879 	 3.06124e-06 
0.533978 	 1.042492e-05 
0.549318 	 3.136202e-05 
0.564811 	 9.227828e-05 
0.580459 	 0.0002423618 
0.596263 	 0.0005365491 
0.612226 	 0.001046297 
0.628348 	 0.001919439 
0.644632 	 0.003472419 
0.661078 	 0.006617489 
0.677689 	 0.01302568 
0.694466 	 0.02555493 
0.71141 	 0.04806478 
0.728525 	 0.09268766 
0.74581 	 0.1654452 
0.763268 	 0.2852273 
0.780901 	 0.4782532 
0.79871 	 0.7757294 
0.816697 	 1.199163 
0.834864 	 1.731683 
0.853212 	 2.45187 
0.871744 	 3.400131 
0.890462 	 4.270644 
0.909366 	 5.059102 
0.92846 	 5.775858 
0.947745 	 6.117889 
0.967222 	 5.841658 
0.986894 	 4.969019 
1.006763 	 3.833448 
1.026831 	 2.557914 
1.047099 	 1.482599 
1.06757 	 0.7570819 
1.088246 	 0.34856 
1.109128 	 0.1466774 
1.13022 	 0.05658858 
1.151522 	 0.02162465 
1.173037 	 0.008619864 
1.194768 	 0.003261642 
1.216715 	 0.001142958 
1.238882 	 0.000389129 
1.261271 	 0.0001281728 
1.283884 	 4.08873e-05 
1.306723 	 1.280349e-05 
1.32979 	 3.531488e-06 
1.353088 	 8.556934e-07 
1.376619 	 1.999925e-07 
1.400385 	 4.345272e-08 
1.424389 	 8.742307e-09 
1.448633 	 1.773165e-09 
1.473119 	 3.320776e-10 
1.49785 	 6.209183e-11 
1.522829 	 1.34024e-11 
1.548057 	 2.776455e-12 
1.573538 	 5.686354e-13 
1.599273 	 1.339925e-13 
1.625266 	 3.157938e-14 
1.651518 	 8.007604e-15 
1.678033 	 2.502416e-15 
1.704814 	 7.360288e-16 
1.731862 	 2.171571e-16 
1.759181 	 7.876283e-17 
1.786772 	 2.890424e-17 
1.81464 	 8.128008e-18 
1.842787 	 1.866293e-18 
1.871214 	 3.717072e-19 
1.899927 	 5.145924e-20 
1.928926 	 5.666455e-21 
1.958215 	 3.934639e-22 
1.987797 	 1.482338e-23 
2.017675 	 5.398303e-25 
2.047852 	 2.250114e-26 
2.07833 	 7.85305e-28 
2.109114 	 2.614975e-29 
2.140205 	 1.362864e-30 
2.171607 	 8.628483e-32 
2.203323 	 9.40832e-33 
2.235356 	 3.461713e-33 
2.26771 	 1.54417e-33 
2.300387 	 8.249438e-34 
2.333391 	 5.335504e-34 
2.366725 	 3.724342e-34 
2.400392 	 2.546493e-34 
2.434396 	 1.365438e-34 
2.46874 	 3.401374e-35 
2.503427 	 6.120963e-36 
2.538461 	 2.108365e-36 
2.573846 	 6.576508e-37 
2.609585 	 1.447536e-37 
2.64568 	 2.672861e-38 
2.682137 	 2.746535e-39 
2.718959 	 2.449517e-40 
2.756148 	 1.138941e-41 
2.79371 	 2.504049e-43 
2.831647 	 1.594314e-45 
2.869963 	 9.427908e-49 
2.908663 	 1.656967e-52 
2.947749 	 5.298847e-58 
2.987227 	 4.351233e-64 
3.027099 	 1.480129e-72 
3.06737 	 1.266117e-82 
3.108044 	 1.154692e-96 
3.149124 	 7.27871e-109 
3.190616 	 7.582611e-121 
3.232522 	 5.955022e-138 
3.274847 	 1.43897e-146 
3.317595 	 8.64319e-160 
3.360771 	 1.58156e-164 
3.404379 	 6.866074e-171 
3.448423 	 7.248519e-175 
3.492907 	 2.354942e-177 
3.537836 	 6.890218e-181 
3.583215 	 6.228835e-183 
3.629047 	 1.648838e-185 
3.675337 	 1.280478e-187 
3.722091 	 1.474335e-189 
3.769311 	 1.005887e-191 
3.817005 	 1.781622e-193 
3.865175 	 1.640036e-195 
3.913826 	 4.046046e-197 
3.962965 	 1.019305e-198 
4.012594 	 1.536061e-200 
4.06272 	 5.146746e-202 
4.113347 	 1.820488e-203 
4.164481 	 2.21577e-204 
4.216126 	 4.915261e-205 
4.268287 	 4.162785e-205 
4.32097 	 6.169538e-205 
4.37418 	 9.598854e-205 
4.427921 	 1.574892e-204 
4.482201 	 1.073186e-204 
4.537023 	 2.328269e-205 
4.592393 	 1.160734e-206 
4.648317 	 7.609393e-209 
4.7048 	 9.692853e-212 
4.761848 	 4.22904e-215 
4.819466 	 1.633494e-218 
4.877661 	 2.27027e-221 
4.936438 	 1.819125e-223 
4.995802 	 3.322112e-225 
5.05576 	 1.005503e-226 
5.116318 	 1.525501e-229 
5.177481 	 6.560303e-232 
5.239256 	 6.705566e-236 
5.301648 	 2.796759e-239 
5.364665 	 2.760825e-243 
5.428311 	 1.353851e-249 
5.492594 	 1.510624e-255 
5.55752 	 4.241223e-264 
5.623096 	 2.758236e-272 
5.689326 	 5.971424e-283 
5.75622 	 7.448927e-293 
5.823782 	 2.840242e-303 
5.89202 	 4.96575199918e-315 
5.96094 	 0.0 
