0.01 	 0.001196035 
0.0201 	 0.004311702 
0.030301 	 0.01075695 
0.040604 	 0.02280489 
0.05101 	 0.04327017 
0.06152 	 0.07489863 
0.072135 	 0.1210639 
0.082857 	 0.1784769 
0.093685 	 0.2652336 
0.104622 	 0.4215077 
0.115668 	 0.7411611 
0.126825 	 1.45239 
0.138093 	 2.876128 
0.149474 	 5.617608 
0.160969 	 9.459782 
0.172579 	 13.44761 
0.184304 	 15.18101 
0.196147 	 13.17417 
0.208109 	 9.302601 
0.22019 	 5.58233 
0.232392 	 3.073596 
0.244716 	 1.625357 
0.257163 	 0.8654577 
0.269735 	 0.4718086 
0.282432 	 0.2732463 
0.295256 	 0.1696298 
0.308209 	 0.1122335 
0.321291 	 0.07594192 
0.334504 	 0.05312265 
0.347849 	 0.03777023 
0.361327 	 0.02570953 
0.374941 	 0.01658351 
0.38869 	 0.009972002 
0.402577 	 0.005225827 
0.416603 	 0.002392368 
0.430769 	 0.0009750673 
0.445076 	 0.0003643031 
0.459527 	 0.0001300807 
0.474123 	 4.363278e-05 
0.488864 	 1.368816e-05 
0.503752 	 3.935785e-06 
0.51879 	 9.826018e-07 
0.533978 	 2.026946e-07 
0.549318 	 3.497222e-08 
0.564811 	 5.355434e-09 
0.580459 	 7.873911e-10 
0.596263 	 1.144002e-10 
0.612226 	 1.541874e-11 
0.628348 	 2.010827e-12 
0.644632 	 2.52909e-13 
0.661078 	 3.365027e-14 
0.677689 	 4.240035e-15 
0.694466 	 4.52758e-16 
0.71141 	 4.744419e-17 
0.728525 	 4.911675e-18 
0.74581 	 5.122371e-19 
0.763268 	 5.963443e-20 
0.780901 	 6.872252e-21 
0.79871 	 8.080868e-22 
0.816697 	 9.641457e-23 
0.834864 	 9.283467e-24 
0.853212 	 7.239326e-25 
0.871744 	 5.000451e-26 
0.890462 	 2.757231e-27 
0.909366 	 1.351711e-28 
0.92846 	 6.32652e-30 
0.947745 	 2.608195e-31 
0.967222 	 1.100988e-32 
0.986894 	 4.94488e-34 
1.006763 	 1.874697e-35 
1.026831 	 6.610837e-37 
1.047099 	 2.239591e-38 
1.06757 	 6.697665e-40 
1.088246 	 1.981016e-41 
1.109128 	 6.99e-43 
1.13022 	 1.445831e-44 
1.151522 	 2.224234e-46 
1.173037 	 6.539653e-48 
1.194768 	 3.135215e-49 
1.216715 	 1.388632e-50 
1.238882 	 4.418432e-52 
1.261271 	 1.476612e-53 
1.283884 	 3.457125e-55 
1.306723 	 7.750496e-57 
1.32979 	 2.003642e-58 
1.353088 	 4.608321e-60 
1.376619 	 1.314185e-61 
1.400385 	 3.56409e-63 
1.424389 	 6.643871e-65 
1.448633 	 1.346494e-66 
1.473119 	 1.818269e-68 
1.49785 	 1.219136e-70 
1.522829 	 1.143649e-72 
1.548057 	 1.049947e-74 
1.573538 	 3.649568e-77 
1.599273 	 2.633613e-79 
1.625266 	 4.259203e-81 
1.651518 	 6.835487e-83 
1.678033 	 1.894855e-84 
1.704814 	 1.126465e-85 
1.731862 	 6.563699e-87 
1.759181 	 7.482042e-88 
1.786772 	 1.508344e-88 
1.81464 	 3.035806e-89 
1.842787 	 9.756646e-90 
1.871214 	 6.962661e-90 
1.899927 	 6.022372e-90 
1.928926 	 2.192397e-89 
1.958215 	 3.151986e-88 
1.987797 	 5.677875e-87 
2.017675 	 9.317699e-86 
2.047852 	 2.406147e-84 
2.07833 	 5.404553e-83 
2.109114 	 1.157569e-81 
2.140205 	 2.59137e-80 
2.171607 	 3.079603e-79 
2.203323 	 2.319582e-78 
2.235356 	 9.750847e-78 
2.26771 	 2.297212e-77 
2.300387 	 3.835251e-77 
2.333391 	 7.147348e-77 
2.366725 	 4.571063e-77 
2.400392 	 2.89464e-77 
2.434396 	 6.273877e-76 
2.46874 	 2.108294e-74 
2.503427 	 1.669672e-72 
2.538461 	 6.712588e-70 
2.573846 	 6.442784e-67 
2.609585 	 3.148424e-63 
2.64568 	 2.665187e-59 
2.682137 	 3.513526e-55 
2.718959 	 1.293628e-51 
2.756148 	 2.72567e-48 
2.79371 	 1.232682e-45 
2.831647 	 2.239789e-44 
2.869963 	 5.962451e-45 
2.908663 	 9.013686e-48 
2.947749 	 1.007804e-53 
2.987227 	 5.398656e-63 
3.027099 	 1.713991e-77 
3.06737 	 1.713105e-97 
3.108044 	 1.930383e-125 
3.149124 	 6.397658e-153 
3.190616 	 7.051068e-181 
3.232522 	 7.2555e-220 
3.274847 	 4.927629e-242 
3.317595 	 4.860901e-274 
3.360771 	 2.330438e-286 
3.404379 	 1.300157e-304 
3.448423 	 1.06087800156e-315 
3.492907 	 0.0 
3.537836 	 0.0 
3.583215 	 0.0 
3.629047 	 0.0 
3.675337 	 0.0 
3.722091 	 0.0 
3.769311 	 0.0 
3.817005 	 0.0 
3.865175 	 0.0 
3.913826 	 0.0 
3.962965 	 0.0 
4.012594 	 0.0 
4.06272 	 0.0 
4.113347 	 0.0 
4.164481 	 0.0 
4.216126 	 0.0 
4.268287 	 0.0 
4.32097 	 0.0 
4.37418 	 0.0 
4.427921 	 0.0 
4.482201 	 0.0 
4.537023 	 0.0 
4.592393 	 0.0 
4.648317 	 0.0 
4.7048 	 0.0 
4.761848 	 0.0 
4.819466 	 0.0 
4.877661 	 0.0 
4.936438 	 0.0 
4.995802 	 0.0 
5.05576 	 0.0 
5.116318 	 0.0 
5.177481 	 0.0 
5.239256 	 0.0 
5.301648 	 0.0 
5.364665 	 0.0 
5.428311 	 0.0 
5.492594 	 0.0 
5.55752 	 0.0 
5.623096 	 0.0 
5.689326 	 0.0 
5.75622 	 0.0 
5.823782 	 0.0 
5.89202 	 0.0 
5.96094 	 0.0 
