0.01 	 3.143034e-07 
0.0201 	 3.131768e-07 
0.030301 	 1.710328e-07 
0.040604 	 6.380351e-08 
0.05101 	 1.918186e-08 
0.06152 	 5.302242e-09 
0.072135 	 1.896976e-09 
0.082857 	 1.030114e-09 
0.093685 	 7.584941e-10 
0.104622 	 6.408548e-10 
0.115668 	 9.303248e-10 
0.126825 	 1.246829e-09 
0.138093 	 1.803778e-09 
0.149474 	 2.610929e-09 
0.160969 	 3.498899e-09 
0.172579 	 4.384919e-09 
0.184304 	 4.853962e-09 
0.196147 	 5.086185e-09 
0.208109 	 5.841067e-09 
0.22019 	 8.004661e-09 
0.232392 	 1.172749e-08 
0.244716 	 1.758074e-08 
0.257163 	 3.24906e-08 
0.269735 	 6.93803e-08 
0.282432 	 1.588216e-07 
0.295256 	 4.065533e-07 
0.308209 	 1.048653e-06 
0.321291 	 2.215955e-06 
0.334504 	 4.177143e-06 
0.347849 	 7.673739e-06 
0.361327 	 1.324023e-05 
0.374941 	 1.966675e-05 
0.38869 	 2.309076e-05 
0.402577 	 2.286794e-05 
0.416603 	 2.317293e-05 
0.430769 	 2.259808e-05 
0.445076 	 1.978039e-05 
0.459527 	 1.754426e-05 
0.474123 	 1.576173e-05 
0.488864 	 1.355597e-05 
0.503752 	 1.231278e-05 
0.51879 	 1.108662e-05 
0.533978 	 8.5985e-06 
0.549318 	 5.231633e-06 
0.564811 	 3.518409e-06 
0.580459 	 3.19444e-06 
0.596263 	 3.569823e-06 
0.612226 	 4.283885e-06 
0.628348 	 5.707889e-06 
0.644632 	 9.175149e-06 
0.661078 	 2.145616e-05 
0.677689 	 7.385436e-05 
0.694466 	 0.0003439678 
0.71141 	 0.001666483 
0.728525 	 0.005308577 
0.74581 	 0.01036339 
0.763268 	 0.01675462 
0.780901 	 0.02669738 
0.79871 	 0.04138097 
0.816697 	 0.05695048 
0.834864 	 0.07076842 
0.853212 	 0.079874 
0.871744 	 0.07994507 
0.890462 	 0.08567252 
0.909366 	 0.1036667 
0.92846 	 0.1336735 
0.947745 	 0.192474 
0.967222 	 0.2797463 
0.986894 	 0.4006771 
1.006763 	 0.5427576 
1.026831 	 0.6847961 
1.047099 	 0.7865726 
1.06757 	 0.8395494 
1.088246 	 0.9026337 
1.109128 	 1.134711 
1.13022 	 1.890771 
1.151522 	 3.196546 
1.173037 	 4.588499 
1.194768 	 5.736847 
1.216715 	 6.076438 
1.238882 	 5.259363 
1.261271 	 4.150408 
1.283884 	 3.031491 
1.306723 	 1.996716 
1.32979 	 1.269322 
1.353088 	 0.8040228 
1.376619 	 0.498779 
1.400385 	 0.2861475 
1.424389 	 0.1559644 
1.448633 	 0.09300795 
1.473119 	 0.05971225 
1.49785 	 0.03853149 
1.522829 	 0.02509269 
1.548057 	 0.0155852 
1.573538 	 0.008673862 
1.599273 	 0.004359382 
1.625266 	 0.001941238 
1.651518 	 0.0008101007 
1.678033 	 0.0003344893 
1.704814 	 0.0001342889 
1.731862 	 5.366533e-05 
1.759181 	 2.527579e-05 
1.786772 	 1.434577e-05 
1.81464 	 8.186236e-06 
1.842787 	 3.982818e-06 
1.871214 	 1.797796e-06 
1.899927 	 9.147936e-07 
1.928926 	 6.724718e-07 
1.958215 	 6.251931e-07 
1.987797 	 5.520803e-07 
2.017675 	 4.209282e-07 
2.047852 	 2.795513e-07 
2.07833 	 1.441805e-07 
2.109114 	 5.977232e-08 
2.140205 	 2.339563e-08 
2.171607 	 8.382313e-09 
2.203323 	 2.991204e-09 
2.235356 	 1.337298e-09 
2.26771 	 6.52266e-10 
2.300387 	 3.309576e-10 
2.333391 	 1.814155e-10 
2.366725 	 1.045372e-10 
2.400392 	 4.972524e-11 
2.434396 	 1.797375e-11 
2.46874 	 4.902388e-12 
2.503427 	 9.013186e-13 
2.538461 	 1.15644e-13 
2.573846 	 9.702519e-15 
2.609585 	 2.793655e-16 
2.64568 	 4.179713e-18 
2.682137 	 1.051078e-20 
2.718959 	 8.988844e-24 
2.756148 	 7.444043e-28 
2.79371 	 3.7806e-33 
2.831647 	 1.858376e-39 
2.869963 	 4.144341e-48 
2.908663 	 1.281033e-57 
2.947749 	 1.516316e-71 
2.987227 	 2.250138e-85 
3.027099 	 2.975495e-104 
3.06737 	 5.660197e-124 
3.108044 	 1.490011e-149 
3.149124 	 2.141776e-172 
3.190616 	 3.596135e-193 
3.232522 	 6.655926e-223 
3.274847 	 3.015193e-238 
3.317595 	 4.238117e-262 
3.360771 	 3.403159e-271 
3.404379 	 4.792459e-284 
3.448423 	 1.96217e-292 
3.492907 	 2.335046e-299 
3.537836 	 5.524607e-308 
3.583215 	 3.983096e-313 
3.629047 	 8.63478529237e-320 
3.675337 	 0.0 
3.722091 	 0.0 
3.769311 	 0.0 
3.817005 	 0.0 
3.865175 	 0.0 
3.913826 	 0.0 
3.962965 	 0.0 
4.012594 	 0.0 
4.06272 	 0.0 
4.113347 	 0.0 
4.164481 	 0.0 
4.216126 	 0.0 
4.268287 	 0.0 
4.32097 	 0.0 
4.37418 	 0.0 
4.427921 	 0.0 
4.482201 	 0.0 
4.537023 	 0.0 
4.592393 	 0.0 
4.648317 	 0.0 
4.7048 	 0.0 
4.761848 	 0.0 
4.819466 	 0.0 
4.877661 	 0.0 
4.936438 	 0.0 
4.995802 	 0.0 
5.05576 	 0.0 
5.116318 	 0.0 
5.177481 	 0.0 
5.239256 	 0.0 
5.301648 	 0.0 
5.364665 	 0.0 
5.428311 	 0.0 
5.492594 	 0.0 
5.55752 	 0.0 
5.623096 	 0.0 
5.689326 	 0.0 
5.75622 	 0.0 
5.823782 	 0.0 
5.89202 	 0.0 
5.96094 	 0.0 
