0.01 	 2.902217e-12 
0.0201 	 1.199797e-11 
0.030301 	 3.372512e-11 
0.040604 	 8.146995e-11 
0.05101 	 1.803524e-10 
0.06152 	 3.612414e-10 
0.072135 	 6.36558e-10 
0.082857 	 9.708476e-10 
0.093685 	 1.493618e-09 
0.104622 	 2.539312e-09 
0.115668 	 4.750988e-09 
0.126825 	 8.75958e-09 
0.138093 	 1.514522e-08 
0.149474 	 2.620045e-08 
0.160969 	 4.589039e-08 
0.172579 	 7.633226e-08 
0.184304 	 1.184052e-07 
0.196147 	 1.671587e-07 
0.208109 	 2.167975e-07 
0.22019 	 2.613582e-07 
0.232392 	 2.980034e-07 
0.244716 	 3.164204e-07 
0.257163 	 3.223675e-07 
0.269735 	 3.142676e-07 
0.282432 	 3.025107e-07 
0.295256 	 3.1488e-07 
0.308209 	 3.822608e-07 
0.321291 	 6.075526e-07 
0.334504 	 1.039747e-06 
0.347849 	 1.488961e-06 
0.361327 	 1.672504e-06 
0.374941 	 1.725753e-06 
0.38869 	 1.561867e-06 
0.402577 	 1.254087e-06 
0.416603 	 9.260988e-07 
0.430769 	 6.61995e-07 
0.445076 	 5.080709e-07 
0.459527 	 4.569902e-07 
0.474123 	 4.259509e-07 
0.488864 	 3.931456e-07 
0.503752 	 3.540882e-07 
0.51879 	 3.052751e-07 
0.533978 	 2.564108e-07 
0.549318 	 2.078955e-07 
0.564811 	 1.480601e-07 
0.580459 	 1.028911e-07 
0.596263 	 7.277793e-08 
0.612226 	 4.878803e-08 
0.628348 	 2.997395e-08 
0.644632 	 1.707653e-08 
0.661078 	 9.702523e-09 
0.677689 	 5.182949e-09 
0.694466 	 2.739148e-09 
0.71141 	 1.509648e-09 
0.728525 	 7.967237e-10 
0.74581 	 4.463913e-10 
0.763268 	 2.899903e-10 
0.780901 	 1.865961e-10 
0.79871 	 1.145889e-10 
0.816697 	 8.402273e-11 
0.834864 	 6.86377e-11 
0.853212 	 4.506831e-11 
0.871744 	 2.26294e-11 
0.890462 	 1.189918e-11 
0.909366 	 6.796603e-12 
0.92846 	 4.250259e-12 
0.947745 	 2.590842e-12 
0.967222 	 1.59979e-12 
0.986894 	 1.021341e-12 
1.006763 	 5.615067e-13 
1.026831 	 2.69324e-13 
1.047099 	 1.228487e-13 
1.06757 	 5.215242e-14 
1.088246 	 2.307944e-14 
1.109128 	 1.189707e-14 
1.13022 	 5.833704e-15 
1.151522 	 2.841343e-15 
1.173037 	 1.647432e-15 
1.194768 	 1.186474e-15 
1.216715 	 8.614667e-16 
1.238882 	 6.689919e-16 
1.261271 	 5.533559e-16 
1.283884 	 4.602359e-16 
1.306723 	 4.692025e-16 
1.32979 	 5.625662e-16 
1.353088 	 7.714287e-16 
1.376619 	 1.63568e-15 
1.400385 	 5.409446e-15 
1.424389 	 1.322172e-14 
1.448633 	 2.176483e-14 
1.473119 	 3.48013e-14 
1.49785 	 5.607543e-14 
1.522829 	 1.035744e-13 
1.548057 	 1.980634e-13 
1.573538 	 3.307039e-13 
1.599273 	 7.077968e-13 
1.625266 	 1.987915e-12 
1.651518 	 5.949077e-12 
1.678033 	 1.969258e-11 
1.704814 	 6.309668e-11 
1.731862 	 1.817073e-10 
1.759181 	 5.643615e-10 
1.786772 	 2.580794e-09 
1.81464 	 1.543892e-08 
1.842787 	 7.966566e-08 
1.871214 	 3.389189e-07 
1.899927 	 1.400196e-06 
1.928926 	 6.479771e-06 
1.958215 	 3.460909e-05 
1.987797 	 0.0001965687 
2.017675 	 0.001083714 
2.047852 	 0.005243282 
2.07833 	 0.02124503 
2.109114 	 0.07170069 
2.140205 	 0.1900162 
2.171607 	 0.4026987 
2.203323 	 0.7117654 
2.235356 	 1.130103 
2.26771 	 1.672667 
2.300387 	 2.322339 
2.333391 	 2.859859 
2.366725 	 3.569103 
2.400392 	 4.071457 
2.434396 	 3.977101 
2.46874 	 3.02148 
2.503427 	 1.979388 
2.538461 	 1.456061 
2.573846 	 0.9660037 
2.609585 	 0.5862622 
2.64568 	 0.3160582 
2.682137 	 0.1663852 
2.718959 	 0.06444667 
2.756148 	 0.01314966 
2.79371 	 0.001464682 
2.831647 	 7.211125e-05 
2.869963 	 7.016534e-07 
2.908663 	 1.205491e-09 
2.947749 	 8.674861e-14 
2.987227 	 3.08316e-19 
3.027099 	 5.164633e-27 
3.06737 	 1.632477e-37 
3.108044 	 1.677881e-53 
3.149124 	 8.107885e-69 
3.190616 	 2.948381e-85 
3.232522 	 8.58647e-109 
3.274847 	 1.309379e-121 
3.317595 	 7.957221e-140 
3.360771 	 1.743728e-146 
3.404379 	 3.846589e-155 
3.448423 	 8.682729e-160 
3.492907 	 3.898582e-163 
3.537836 	 1.280605e-167 
3.583215 	 2.221238e-170 
3.629047 	 1.125985e-173 
3.675337 	 1.411484e-176 
3.722091 	 2.547206e-179 
3.769311 	 2.164086e-182 
3.817005 	 4.088929e-185 
3.865175 	 4.00711e-188 
3.913826 	 8.769793e-191 
3.962965 	 1.55732e-193 
4.012594 	 1.352707e-196 
4.06272 	 2.153966e-199 
4.113347 	 2.163656e-202 
4.164481 	 3.751323e-205 
4.216126 	 4.780244e-208 
4.268287 	 8.763695e-211 
4.32097 	 1.172593e-213 
4.37418 	 7.410008e-217 
4.427921 	 3.428557e-220 
4.482201 	 6.427926e-224 
4.537023 	 4.324646e-228 
4.592393 	 2.01551e-232 
4.648317 	 5.582625e-237 
4.7048 	 9.931069e-242 
4.761848 	 4.095438e-246 
4.819466 	 4.424305e-250 
4.877661 	 1.204133e-253 
4.936438 	 1.67518e-256 
4.995802 	 8.214777e-259 
5.05576 	 9.778233e-261 
5.116318 	 3.413871e-265 
5.177481 	 8.264896e-268 
5.239256 	 4.803502e-273 
5.301648 	 2.023398e-276 
5.364665 	 2.83646e-280 
5.428311 	 7.426729e-287 
5.492594 	 9.358311e-292 
5.55752 	 3.000371e-299 
5.623096 	 2.845585e-305 
5.689326 	 1.92547399998e-313 
5.75622 	 4.29441859365e-320 
5.823782 	 0.0 
5.89202 	 0.0 
5.96094 	 0.0 
