0.01 	 4.214242e-09 
0.0201 	 6.266115e-09 
0.030301 	 6.161348e-09 
0.040604 	 5.488915e-09 
0.05101 	 5.099276e-09 
0.06152 	 5.897344e-09 
0.072135 	 9.901267e-09 
0.082857 	 2.25582e-08 
0.093685 	 5.955104e-08 
0.104622 	 1.650684e-07 
0.115668 	 5.496767e-07 
0.126825 	 1.574477e-06 
0.138093 	 4.265801e-06 
0.149474 	 1.073587e-05 
0.160969 	 2.34037e-05 
0.172579 	 4.691233e-05 
0.184304 	 8.025097e-05 
0.196147 	 0.0001223561 
0.208109 	 0.0001707102 
0.22019 	 0.0002368477 
0.232392 	 0.0003353338 
0.244716 	 0.0004742637 
0.257163 	 0.0006813462 
0.269735 	 0.0009652315 
0.282432 	 0.001291717 
0.295256 	 0.001697251 
0.308209 	 0.002209357 
0.321291 	 0.002970971 
0.334504 	 0.004234267 
0.347849 	 0.006080441 
0.361327 	 0.008546477 
0.374941 	 0.01226111 
0.38869 	 0.01836886 
0.402577 	 0.02934522 
0.416603 	 0.04979207 
0.430769 	 0.0831249 
0.445076 	 0.1424654 
0.459527 	 0.2278677 
0.474123 	 0.3591962 
0.488864 	 0.5619708 
0.503752 	 0.8736331 
0.51879 	 1.315734 
0.533978 	 1.826677 
0.549318 	 2.308093 
0.564811 	 2.817902 
0.580459 	 3.312542 
0.596263 	 3.745986 
0.612226 	 4.190838 
0.628348 	 4.769996 
0.644632 	 5.273781 
0.661078 	 5.570904 
0.677689 	 5.525259 
0.694466 	 5.0976 
0.71141 	 4.318551 
0.728525 	 3.315349 
0.74581 	 2.282151 
0.763268 	 1.407579 
0.780901 	 0.8062905 
0.79871 	 0.4390284 
0.816697 	 0.2285858 
0.834864 	 0.1129784 
0.853212 	 0.05254613 
0.871744 	 0.02340071 
0.890462 	 0.009928241 
0.909366 	 0.003878915 
0.92846 	 0.001385273 
0.947745 	 0.0004346926 
0.967222 	 0.0001228091 
0.986894 	 3.05869e-05 
1.006763 	 6.319089e-06 
1.026831 	 1.116476e-06 
1.047099 	 1.788824e-07 
1.06757 	 2.859914e-08 
1.088246 	 4.881825e-09 
1.109128 	 8.706756e-10 
1.13022 	 1.46174e-10 
1.151522 	 2.818195e-11 
1.173037 	 6.957592e-12 
1.194768 	 1.734485e-12 
1.216715 	 3.861623e-13 
1.238882 	 1.189433e-13 
1.261271 	 4.438201e-14 
1.283884 	 1.948915e-14 
1.306723 	 9.567173e-15 
1.32979 	 4.08775e-15 
1.353088 	 1.530758e-15 
1.376619 	 5.527221e-16 
1.400385 	 1.669739e-16 
1.424389 	 4.206284e-17 
1.448633 	 9.891148e-18 
1.473119 	 1.900143e-18 
1.49785 	 3.380919e-19 
1.522829 	 6.628888e-20 
1.548057 	 1.043071e-20 
1.573538 	 1.309202e-21 
1.599273 	 1.643554e-22 
1.625266 	 1.657548e-23 
1.651518 	 1.325374e-24 
1.678033 	 1.063006e-25 
1.704814 	 7.901476e-27 
1.731862 	 5.387343e-28 
1.759181 	 4.129063e-29 
1.786772 	 3.875916e-30 
1.81464 	 4.232853e-31 
1.842787 	 6.780833e-32 
1.871214 	 1.911394e-32 
1.899927 	 6.00769e-33 
1.928926 	 2.497576e-33 
1.958215 	 1.175941e-33 
1.987797 	 4.272161e-34 
2.017675 	 1.263006e-34 
2.047852 	 3.465757e-35 
2.07833 	 6.65671e-36 
2.109114 	 1.046033e-36 
2.140205 	 1.576878e-37 
2.171607 	 1.924514e-38 
2.203323 	 2.35628e-39 
2.235356 	 4.408793e-40 
2.26771 	 8.032394e-41 
2.300387 	 1.3111e-41 
2.333391 	 2.27804e-42 
2.366725 	 3.975824e-43 
2.400392 	 6.05252e-44 
2.434396 	 8.669824e-45 
2.46874 	 8.438321e-46 
2.503427 	 7.022133e-47 
2.538461 	 9.322028e-48 
2.573846 	 1.426054e-48 
2.609585 	 2.429864e-49 
2.64568 	 7.62426e-50 
2.682137 	 1.924153e-50 
2.718959 	 4.234398e-51 
2.756148 	 7.864992e-52 
2.79371 	 5.936288e-53 
2.831647 	 2.070564e-54 
2.869963 	 6.589418e-57 
2.908663 	 2.871554e-60 
2.947749 	 2.936144e-66 
2.987227 	 3.646137e-74 
3.027099 	 6.011393e-86 
3.06737 	 2.497234e-102 
3.108044 	 1.465659e-126 
3.149124 	 8.569174e-151 
3.190616 	 2.378553e-176 
3.232522 	 9.375763e-216 
3.274847 	 7.087692e-237 
3.317595 	 4.996138e-271 
3.360771 	 9.34211e-282 
3.404379 	 3.379389e-299 
3.448423 	 4.078167e-305 
3.492907 	 7.98987e-310 
3.537836 	 4.24618400219e-316 
3.583215 	 2.15906687233e-319 
3.629047 	 0.0 
3.675337 	 0.0 
3.722091 	 0.0 
3.769311 	 0.0 
3.817005 	 0.0 
3.865175 	 0.0 
3.913826 	 0.0 
3.962965 	 0.0 
4.012594 	 0.0 
4.06272 	 0.0 
4.113347 	 0.0 
4.164481 	 0.0 
4.216126 	 0.0 
4.268287 	 0.0 
4.32097 	 0.0 
4.37418 	 0.0 
4.427921 	 0.0 
4.482201 	 0.0 
4.537023 	 0.0 
4.592393 	 0.0 
4.648317 	 0.0 
4.7048 	 0.0 
4.761848 	 0.0 
4.819466 	 0.0 
4.877661 	 0.0 
4.936438 	 0.0 
4.995802 	 0.0 
5.05576 	 0.0 
5.116318 	 0.0 
5.177481 	 0.0 
5.239256 	 0.0 
5.301648 	 0.0 
5.364665 	 0.0 
5.428311 	 0.0 
5.492594 	 0.0 
5.55752 	 0.0 
5.623096 	 0.0 
5.689326 	 0.0 
5.75622 	 0.0 
5.823782 	 0.0 
5.89202 	 0.0 
5.96094 	 0.0 
