0.01 	 5.265877e-07 
0.0201 	 1.676205e-06 
0.030301 	 3.435041e-06 
0.040604 	 5.828936e-06 
0.05101 	 8.762671e-06 
0.06152 	 1.25964e-05 
0.072135 	 1.96176e-05 
0.082857 	 3.231698e-05 
0.093685 	 5.614778e-05 
0.104622 	 9.876843e-05 
0.115668 	 0.0002121934 
0.126825 	 0.0004135967 
0.138093 	 0.0007838141 
0.149474 	 0.001475701 
0.160969 	 0.002754407 
0.172579 	 0.005076122 
0.184304 	 0.008852111 
0.196147 	 0.0135998 
0.208109 	 0.01921502 
0.22019 	 0.02633316 
0.232392 	 0.03770581 
0.244716 	 0.05548945 
0.257163 	 0.08248999 
0.269735 	 0.1167375 
0.282432 	 0.1448242 
0.295256 	 0.1810187 
0.308209 	 0.2186935 
0.321291 	 0.2705935 
0.334504 	 0.3571948 
0.347849 	 0.4908641 
0.361327 	 0.6963968 
0.374941 	 1.018602 
0.38869 	 1.498283 
0.402577 	 2.155317 
0.416603 	 2.981902 
0.430769 	 3.86236 
0.445076 	 4.661161 
0.459527 	 5.337156 
0.474123 	 5.869749 
0.488864 	 6.166968 
0.503752 	 6.166176 
0.51879 	 5.835267 
0.533978 	 5.053123 
0.549318 	 4.069238 
0.564811 	 3.173713 
0.580459 	 2.3731 
0.596263 	 1.68953 
0.612226 	 1.149836 
0.628348 	 0.7578369 
0.644632 	 0.4658225 
0.661078 	 0.2584839 
0.677689 	 0.1271099 
0.694466 	 0.05698713 
0.71141 	 0.02479301 
0.728525 	 0.0104196 
0.74581 	 0.004258333 
0.763268 	 0.001740268 
0.780901 	 0.000686244 
0.79871 	 0.0002650367 
0.816697 	 0.000100693 
0.834864 	 3.556616e-05 
0.853212 	 1.218841e-05 
0.871744 	 4.093416e-06 
0.890462 	 1.167878e-06 
0.909366 	 2.961911e-07 
0.92846 	 7.170023e-08 
0.947745 	 1.574165e-08 
0.967222 	 3.306394e-09 
0.986894 	 6.55906e-10 
1.006763 	 1.099339e-10 
1.026831 	 1.667528e-11 
1.047099 	 2.403341e-12 
1.06757 	 3.260591e-13 
1.088246 	 4.615528e-14 
1.109128 	 7.354202e-15 
1.13022 	 1.046034e-15 
1.151522 	 1.450881e-16 
1.173037 	 2.198589e-17 
1.194768 	 3.283614e-18 
1.216715 	 4.786924e-19 
1.238882 	 7.59742e-20 
1.261271 	 1.189257e-20 
1.283884 	 1.524671e-21 
1.306723 	 1.93491e-22 
1.32979 	 2.45306e-23 
1.353088 	 2.887695e-24 
1.376619 	 3.473158e-25 
1.400385 	 3.554238e-26 
1.424389 	 2.959969e-27 
1.448633 	 2.421414e-28 
1.473119 	 1.486394e-29 
1.49785 	 6.851015e-31 
1.522829 	 3.532984e-32 
1.548057 	 1.569908e-33 
1.573538 	 6.123323e-35 
1.599273 	 3.143817e-36 
1.625266 	 1.621775e-37 
1.651518 	 8.416979e-39 
1.678033 	 6.229422e-40 
1.704814 	 6.777344e-41 
1.731862 	 8.288948e-42 
1.759181 	 1.478859e-42 
1.786772 	 3.738335e-43 
1.81464 	 9.976995e-44 
1.842787 	 3.659183e-44 
1.871214 	 2.265661e-44 
1.899927 	 1.759389e-44 
1.928926 	 3.067724e-44 
1.958215 	 1.126796e-43 
1.987797 	 4.381071e-43 
2.017675 	 1.511673e-42 
2.047852 	 6.080737e-42 
2.07833 	 1.963114e-41 
2.109114 	 5.236568e-41 
2.140205 	 1.27078e-40 
2.171607 	 2.248565e-40 
2.203323 	 3.409439e-40 
2.235356 	 4.790051e-40 
2.26771 	 5.633472e-40 
2.300387 	 5.625395e-40 
2.333391 	 6.712086e-40 
2.366725 	 7.598675e-40 
2.400392 	 7.562888e-40 
2.434396 	 2.308029e-39 
2.46874 	 7.417581e-39 
2.503427 	 2.512832e-38 
2.538461 	 2.072104e-37 
2.573846 	 3.011459e-36 
2.609585 	 6.360748e-35 
2.64568 	 2.062243e-33 
2.682137 	 8.463131e-32 
2.718959 	 2.20165e-30 
2.756148 	 4.503864e-29 
2.79371 	 3.827748e-28 
2.831647 	 9.1684e-28 
2.869963 	 1.068934e-28 
2.908663 	 4.15518e-31 
2.947749 	 5.981845e-37 
2.987227 	 2.281156e-45 
3.027099 	 2.179499e-58 
3.06737 	 9.65808e-76 
3.108044 	 2.003825e-100 
3.149124 	 5.003882e-124 
3.190616 	 1.917244e-147 
3.232522 	 6.020999e-182 
3.274847 	 3.450399e-200 
3.317595 	 1.302387e-228 
3.360771 	 3.92899e-238 
3.404379 	 3.094729e-253 
3.448423 	 1.014617e-260 
3.492907 	 6.025813e-267 
3.537836 	 8.737202e-275 
3.583215 	 4.908371e-280 
3.629047 	 2.717093e-287 
3.675337 	 1.343401e-293 
3.722091 	 8.159049e-300 
3.769311 	 3.684229e-307 
3.817005 	 1.25844499998e-313 
3.865175 	 2.72724236504e-321 
3.913826 	 0.0 
3.962965 	 0.0 
4.012594 	 0.0 
4.06272 	 0.0 
4.113347 	 0.0 
4.164481 	 0.0 
4.216126 	 0.0 
4.268287 	 0.0 
4.32097 	 0.0 
4.37418 	 0.0 
4.427921 	 0.0 
4.482201 	 0.0 
4.537023 	 0.0 
4.592393 	 0.0 
4.648317 	 0.0 
4.7048 	 0.0 
4.761848 	 0.0 
4.819466 	 0.0 
4.877661 	 0.0 
4.936438 	 0.0 
4.995802 	 0.0 
5.05576 	 0.0 
5.116318 	 0.0 
5.177481 	 0.0 
5.239256 	 0.0 
5.301648 	 0.0 
5.364665 	 0.0 
5.428311 	 0.0 
5.492594 	 0.0 
5.55752 	 0.0 
5.623096 	 0.0 
5.689326 	 0.0 
5.75622 	 0.0 
5.823782 	 0.0 
5.89202 	 0.0 
5.96094 	 0.0 
