0.01 	 2.87947e-06 
0.0201 	 1.128712e-05 
0.030301 	 2.795869e-05 
0.040604 	 5.559857e-05 
0.05101 	 9.317762e-05 
0.06152 	 0.0001357401 
0.072135 	 0.0001868849 
0.082857 	 0.0002455775 
0.093685 	 0.0003240425 
0.104622 	 0.0004211861 
0.115668 	 0.0005869301 
0.126825 	 0.0008002123 
0.138093 	 0.001050721 
0.149474 	 0.001353177 
0.160969 	 0.001753568 
0.172579 	 0.002245747 
0.184304 	 0.002863696 
0.196147 	 0.003510355 
0.208109 	 0.004018306 
0.22019 	 0.004391642 
0.232392 	 0.005192979 
0.244716 	 0.006225112 
0.257163 	 0.007426558 
0.269735 	 0.008509412 
0.282432 	 0.00950168 
0.295256 	 0.01096636 
0.308209 	 0.01320592 
0.321291 	 0.0165893 
0.334504 	 0.02145441 
0.347849 	 0.02771824 
0.361327 	 0.03554654 
0.374941 	 0.04508146 
0.38869 	 0.0555495 
0.402577 	 0.06434129 
0.416603 	 0.06799471 
0.430769 	 0.06800764 
0.445076 	 0.06967741 
0.459527 	 0.07476747 
0.474123 	 0.08150416 
0.488864 	 0.08889223 
0.503752 	 0.094585 
0.51879 	 0.09817326 
0.533978 	 0.09179008 
0.549318 	 0.06949143 
0.564811 	 0.05497781 
0.580459 	 0.04955731 
0.596263 	 0.0442251 
0.612226 	 0.03844812 
0.628348 	 0.03229645 
0.644632 	 0.02488701 
0.661078 	 0.01728955 
0.677689 	 0.01117656 
0.694466 	 0.006909912 
0.71141 	 0.004430315 
0.728525 	 0.003054601 
0.74581 	 0.002227278 
0.763268 	 0.001747337 
0.780901 	 0.001405512 
0.79871 	 0.001152287 
0.816697 	 0.0009711486 
0.834864 	 0.0008075726 
0.853212 	 0.0006362038 
0.871744 	 0.0004548441 
0.890462 	 0.0003494257 
0.909366 	 0.0002983887 
0.92846 	 0.0002808173 
0.947745 	 0.0002924002 
0.967222 	 0.0003303816 
0.986894 	 0.000391433 
1.006763 	 0.0004537031 
1.026831 	 0.0005249961 
1.047099 	 0.000622269 
1.06757 	 0.0007439465 
1.088246 	 0.0009646173 
1.109128 	 0.001413501 
1.13022 	 0.002121356 
1.151522 	 0.002965221 
1.173037 	 0.004302182 
1.194768 	 0.006583845 
1.216715 	 0.009542702 
1.238882 	 0.01383076 
1.261271 	 0.0206949 
1.283884 	 0.02966047 
1.306723 	 0.04090214 
1.32979 	 0.05326405 
1.353088 	 0.06261385 
1.376619 	 0.06749464 
1.400385 	 0.06785942 
1.424389 	 0.06045024 
1.448633 	 0.04986287 
1.473119 	 0.03913922 
1.49785 	 0.0289078 
1.522829 	 0.02131328 
1.548057 	 0.01557641 
1.573538 	 0.01047038 
1.599273 	 0.007210434 
1.625266 	 0.005572118 
1.651518 	 0.004619421 
1.678033 	 0.004232562 
1.704814 	 0.004078256 
1.731862 	 0.004067374 
1.759181 	 0.004891479 
1.786772 	 0.008532527 
1.81464 	 0.01581182 
1.842787 	 0.02330955 
1.871214 	 0.03340596 
1.899927 	 0.0511203 
1.928926 	 0.07957783 
1.958215 	 0.1314069 
1.987797 	 0.225665 
2.017675 	 0.3910339 
2.047852 	 0.6694024 
2.07833 	 1.053334 
2.109114 	 1.477955 
2.140205 	 1.852886 
2.171607 	 2.090398 
2.203323 	 2.171011 
2.235356 	 2.124007 
2.26771 	 1.911865 
2.300387 	 1.561363 
2.333391 	 1.279487 
2.366725 	 1.651507 
2.400392 	 2.248675 
2.434396 	 2.177315 
2.46874 	 1.728233 
2.503427 	 1.350277 
2.538461 	 1.191549 
2.573846 	 0.8612677 
2.609585 	 0.5644118 
2.64568 	 0.2603439 
2.682137 	 0.09956074 
2.718959 	 0.0172119 
2.756148 	 0.0004895395 
2.79371 	 2.069819e-06 
2.831647 	 8.696476e-10 
2.869963 	 3.905198e-15 
2.908663 	 5.014356e-22 
2.947749 	 1.963958e-32 
2.987227 	 1.629161e-44 
3.027099 	 2.327673e-61 
3.06737 	 2.498057e-81 
3.108044 	 4.632909e-108 
3.149124 	 1.312637e-132 
3.190616 	 1.821515e-155 
3.232522 	 4.51e-187 
3.274847 	 1.358053e-202 
3.317595 	 1.229323e-225 
3.360771 	 4.389661e-232 
3.404379 	 1.152653e-241 
3.448423 	 1.86532e-245 
3.492907 	 6.405441e-248 
3.537836 	 9.455782e-251 
3.583215 	 5.300651e-251 
3.629047 	 1.004278e-252 
3.675337 	 1.167509e-252 
3.722091 	 8.182577e-253 
3.769311 	 5.194907e-253 
3.817005 	 4.504228e-253 
3.865175 	 3.416862e-253 
3.913826 	 2.593698e-253 
3.962965 	 1.512274e-253 
4.012594 	 7.397521e-254 
4.06272 	 2.764777e-254 
4.113347 	 7.44305e-255 
4.164481 	 1.277507e-255 
4.216126 	 1.171382e-256 
4.268287 	 5.337607e-258 
4.32097 	 1.072195e-259 
4.37418 	 8.38102e-262 
4.427921 	 2.589706e-264 
4.482201 	 2.574797e-267 
4.537023 	 6.405575e-271 
4.592393 	 5.251629e-275 
4.648317 	 1.544209e-279 
4.7048 	 1.627783e-284 
4.761848 	 1.824923e-289 
4.819466 	 3.795175e-294 
4.877661 	 2.024251e-298 
4.936438 	 5.579588e-302 
4.995802 	 6.876626e-305 
5.05576 	 2.844009e-307 
5.116318 	 1.770712e-311 
5.177481 	 8.24903499995e-314 
5.239256 	 5.49980043112e-318 
5.301648 	 3.95894802013e-320 
5.364665 	 4.3477776834e-322 
5.428311 	 0.0 
5.492594 	 0.0 
5.55752 	 0.0 
5.623096 	 0.0 
5.689326 	 0.0 
5.75622 	 0.0 
5.823782 	 0.0 
5.89202 	 0.0 
5.96094 	 0.0 
