0.01 	 8.26107e-06 
0.0201 	 1.014661e-05 
0.030301 	 6.819678e-06 
0.040604 	 3.143098e-06 
0.05101 	 1.129641e-06 
0.06152 	 3.618578e-07 
0.072135 	 1.414867e-07 
0.082857 	 7.857072e-08 
0.093685 	 5.847571e-08 
0.104622 	 5.072309e-08 
0.115668 	 7.36217e-08 
0.126825 	 1.030796e-07 
0.138093 	 1.548534e-07 
0.149474 	 2.319468e-07 
0.160969 	 3.219032e-07 
0.172579 	 4.028669e-07 
0.184304 	 4.28251e-07 
0.196147 	 4.444781e-07 
0.208109 	 5.264737e-07 
0.22019 	 7.222894e-07 
0.232392 	 1.02104e-06 
0.244716 	 1.464898e-06 
0.257163 	 2.488993e-06 
0.269735 	 4.782235e-06 
0.282432 	 9.844084e-06 
0.295256 	 2.23218e-05 
0.308209 	 5.066063e-05 
0.321291 	 9.408458e-05 
0.334504 	 0.0001535775 
0.347849 	 0.0002461415 
0.361327 	 0.0003830347 
0.374941 	 0.0005250713 
0.38869 	 0.0005559328 
0.402577 	 0.000472927 
0.416603 	 0.0003897057 
0.430769 	 0.0003148147 
0.445076 	 0.0002450356 
0.459527 	 0.0001988758 
0.474123 	 0.0001652222 
0.488864 	 0.0001344656 
0.503752 	 0.0001123689 
0.51879 	 9.232788e-05 
0.533978 	 6.793643e-05 
0.549318 	 4.087512e-05 
0.564811 	 3.052544e-05 
0.580459 	 2.78917e-05 
0.596263 	 2.676039e-05 
0.612226 	 2.70697e-05 
0.628348 	 2.806112e-05 
0.644632 	 3.272152e-05 
0.661078 	 5.308271e-05 
0.677689 	 0.0001212079 
0.694466 	 0.0003675549 
0.71141 	 0.001188622 
0.728525 	 0.002813133 
0.74581 	 0.004528954 
0.763268 	 0.006300218 
0.780901 	 0.009200949 
0.79871 	 0.01424458 
0.816697 	 0.02054138 
0.834864 	 0.02648456 
0.853212 	 0.03124489 
0.871744 	 0.03367717 
0.890462 	 0.037129 
0.909366 	 0.04865713 
0.92846 	 0.07176571 
0.947745 	 0.1120817 
0.967222 	 0.1762134 
0.986894 	 0.2628078 
1.006763 	 0.3633182 
1.026831 	 0.4726963 
1.047099 	 0.5825904 
1.06757 	 0.6857582 
1.088246 	 0.8092141 
1.109128 	 1.043786 
1.13022 	 1.524505 
1.151522 	 2.150281 
1.173037 	 2.858629 
1.194768 	 3.596978 
1.216715 	 4.173904 
1.238882 	 4.309879 
1.261271 	 4.053522 
1.283884 	 3.846373 
1.306723 	 3.343991 
1.32979 	 2.7552 
1.353088 	 2.187752 
1.376619 	 1.657229 
1.400385 	 1.178199 
1.424389 	 0.7994274 
1.448633 	 0.553166 
1.473119 	 0.3870462 
1.49785 	 0.2623972 
1.522829 	 0.1648422 
1.548057 	 0.09073192 
1.573538 	 0.04471621 
1.599273 	 0.02042756 
1.625266 	 0.008586869 
1.651518 	 0.003349073 
1.678033 	 0.001286156 
1.704814 	 0.0004918229 
1.731862 	 0.0001908338 
1.759181 	 8.382847e-05 
1.786772 	 4.45994e-05 
1.81464 	 2.387372e-05 
1.842787 	 1.10162e-05 
1.871214 	 4.695765e-06 
1.899927 	 2.29769e-06 
1.928926 	 1.607517e-06 
1.958215 	 1.374074e-06 
1.987797 	 1.132169e-06 
2.017675 	 8.155982e-07 
2.047852 	 5.105995e-07 
2.07833 	 2.648573e-07 
2.109114 	 1.135196e-07 
2.140205 	 4.448004e-08 
2.171607 	 1.658849e-08 
2.203323 	 6.19841e-09 
2.235356 	 2.802906e-09 
2.26771 	 1.36793e-09 
2.300387 	 6.800353e-10 
2.333391 	 3.533317e-10 
2.366725 	 2.07556e-10 
2.400392 	 1.048519e-10 
2.434396 	 3.438223e-11 
2.46874 	 8.685613e-12 
2.503427 	 1.57859e-12 
2.538461 	 2.253795e-13 
2.573846 	 2.379893e-14 
2.609585 	 1.078133e-15 
2.64568 	 2.861974e-17 
2.682137 	 2.028668e-19 
2.718959 	 5.967191e-22 
2.756148 	 2.490319e-25 
2.79371 	 1.190758e-29 
2.831647 	 1.180336e-34 
2.869963 	 2.313839e-41 
2.908663 	 8.562163e-49 
2.947749 	 2.852384e-59 
2.987227 	 5.211254e-70 
3.027099 	 2.77488e-84 
3.06737 	 1.511917e-99 
3.108044 	 2.641643e-119 
3.149124 	 6.750879e-137 
3.190616 	 5.93797e-153 
3.232522 	 2.500975e-175 
3.274847 	 8.661865e-187 
3.317595 	 3.877599e-204 
3.360771 	 1.469738e-210 
3.404379 	 3.342164e-219 
3.448423 	 8.379572e-225 
3.492907 	 6.690189e-229 
3.537836 	 1.858397e-234 
3.583215 	 1.140238e-237 
3.629047 	 1.108716e-241 
3.675337 	 4.678356e-245 
3.722091 	 5.663801e-248 
3.769311 	 2.078061e-251 
3.817005 	 4.338581e-254 
3.865175 	 2.962332e-257 
3.913826 	 1.012454e-259 
3.962965 	 3.205418e-262 
4.012594 	 3.048666e-265 
4.06272 	 1.177411e-267 
4.113347 	 1.893439e-270 
4.164481 	 9.4333e-273 
4.216126 	 2.813867e-275 
4.268287 	 1.596448e-277 
4.32097 	 5.899985e-280 
4.37418 	 8.333725e-283 
4.427921 	 8.72153e-286 
4.482201 	 2.408295e-289 
4.537023 	 2.061822e-293 
4.592393 	 9.377811e-298 
4.648317 	 2.673368e-302 
4.7048 	 6.976804e-307 
4.761848 	 5.028582e-311 
4.819466 	 1.45564799989e-314 
4.877661 	 1.91211507617e-317 
4.936438 	 1.75259906549e-319 
4.995802 	 5.89420315489e-321 
5.05576 	 5.03946958758e-322 
5.116318 	 0.0 
5.177481 	 0.0 
5.239256 	 0.0 
5.301648 	 0.0 
5.364665 	 0.0 
5.428311 	 0.0 
5.492594 	 0.0 
5.55752 	 0.0 
5.623096 	 0.0 
5.689326 	 0.0 
5.75622 	 0.0 
5.823782 	 0.0 
5.89202 	 0.0 
5.96094 	 0.0 
