0.01 	 1.954898e-13 
0.0201 	 8.38439e-13 
0.030301 	 2.400086e-12 
0.040604 	 5.899454e-12 
0.05101 	 1.240959e-11 
0.06152 	 2.146367e-11 
0.072135 	 3.352761e-11 
0.082857 	 4.607066e-11 
0.093685 	 6.089606e-11 
0.104622 	 8.078909e-11 
0.115668 	 1.112536e-10 
0.126825 	 1.485931e-10 
0.138093 	 1.837543e-10 
0.149474 	 2.23389e-10 
0.160969 	 2.813696e-10 
0.172579 	 3.84672e-10 
0.184304 	 5.756964e-10 
0.196147 	 7.557706e-10 
0.208109 	 8.006098e-10 
0.22019 	 7.543518e-10 
0.232392 	 6.851359e-10 
0.244716 	 5.901735e-10 
0.257163 	 5.110058e-10 
0.269735 	 4.484695e-10 
0.282432 	 4.092306e-10 
0.295256 	 4.171827e-10 
0.308209 	 4.59025e-10 
0.321291 	 4.959385e-10 
0.334504 	 5.24413e-10 
0.347849 	 5.251506e-10 
0.361327 	 4.72288e-10 
0.374941 	 3.849557e-10 
0.38869 	 2.984611e-10 
0.402577 	 2.260764e-10 
0.416603 	 1.655629e-10 
0.430769 	 1.225577e-10 
0.445076 	 9.562496e-11 
0.459527 	 8.259515e-11 
0.474123 	 7.076747e-11 
0.488864 	 6.235332e-11 
0.503752 	 5.395663e-11 
0.51879 	 4.647612e-11 
0.533978 	 3.952386e-11 
0.549318 	 3.174677e-11 
0.564811 	 2.364356e-11 
0.580459 	 1.902227e-11 
0.596263 	 1.667959e-11 
0.612226 	 1.579795e-11 
0.628348 	 1.647401e-11 
0.644632 	 1.640317e-11 
0.661078 	 1.396531e-11 
0.677689 	 1.088665e-11 
0.694466 	 8.741837e-12 
0.71141 	 7.827688e-12 
0.728525 	 6.790585e-12 
0.74581 	 5.796072e-12 
0.763268 	 5.058887e-12 
0.780901 	 4.076224e-12 
0.79871 	 3.080548e-12 
0.816697 	 2.54045e-12 
0.834864 	 2.311482e-12 
0.853212 	 2.284981e-12 
0.871744 	 2.402841e-12 
0.890462 	 2.596467e-12 
0.909366 	 2.988897e-12 
0.92846 	 3.82582e-12 
0.947745 	 4.987204e-12 
0.967222 	 6.575214e-12 
0.986894 	 8.991483e-12 
1.006763 	 1.106795e-11 
1.026831 	 1.242916e-11 
1.047099 	 1.32465e-11 
1.06757 	 1.300459e-11 
1.088246 	 1.324785e-11 
1.109128 	 1.631926e-11 
1.13022 	 2.47557e-11 
1.151522 	 4.250811e-11 
1.173037 	 6.040155e-11 
1.194768 	 7.405494e-11 
1.216715 	 8.046148e-11 
1.238882 	 9.258719e-11 
1.261271 	 1.283354e-10 
1.283884 	 1.864597e-10 
1.306723 	 2.974008e-10 
1.32979 	 5.488343e-10 
1.353088 	 1.075363e-09 
1.376619 	 2.25702e-09 
1.400385 	 5.011763e-09 
1.424389 	 1.037191e-08 
1.448633 	 2.145994e-08 
1.473119 	 4.444151e-08 
1.49785 	 9.005327e-08 
1.522829 	 2.024115e-07 
1.548057 	 4.654301e-07 
1.573538 	 8.957217e-07 
1.599273 	 1.546803e-06 
1.625266 	 2.476681e-06 
1.651518 	 3.655078e-06 
1.678033 	 5.064304e-06 
1.704814 	 6.166977e-06 
1.731862 	 6.675159e-06 
1.759181 	 8.023831e-06 
1.786772 	 1.279839e-05 
1.81464 	 2.374442e-05 
1.842787 	 4.084761e-05 
1.871214 	 6.645537e-05 
1.899927 	 0.0001316577 
1.928926 	 0.0003812674 
1.958215 	 0.001358952 
1.987797 	 0.005228834 
2.017675 	 0.02051867 
2.047852 	 0.07400058 
2.07833 	 0.2308086 
2.109114 	 0.6117326 
2.140205 	 1.313769 
2.171607 	 2.276248 
2.203323 	 3.250714 
2.235356 	 4.017858 
2.26771 	 4.322469 
2.300387 	 4.008675 
2.333391 	 3.15038 
2.366725 	 2.641589 
2.400392 	 2.028595 
2.434396 	 1.373651 
2.46874 	 0.649638 
2.503427 	 0.2690702 
2.538461 	 0.1475283 
2.573846 	 0.0713747 
2.609585 	 0.03823008 
2.64568 	 0.01947568 
2.682137 	 0.01490441 
2.718959 	 0.0117115 
2.756148 	 0.008638481 
2.79371 	 0.009051204 
2.831647 	 0.008876769 
2.869963 	 0.009672549 
2.908663 	 0.006212345 
2.947749 	 0.002379052 
2.987227 	 0.0002189102 
3.027099 	 1.889103e-06 
3.06737 	 6.132543e-10 
3.108044 	 4.429667e-17 
3.149124 	 3.364132e-24 
3.190616 	 5.00063e-33 
3.232522 	 1.46856e-46 
3.274847 	 2.642018e-54 
3.317595 	 5.76984e-65 
3.360771 	 7.297693e-69 
3.404379 	 1.017829e-73 
3.448423 	 3.867447e-76 
3.492907 	 5.742267e-78 
3.537836 	 3.766001e-80 
3.583215 	 1.301226e-81 
3.629047 	 3.517104e-83 
3.675337 	 1.373937e-84 
3.722091 	 6.225272e-86 
3.769311 	 2.275894e-87 
3.817005 	 9.949806e-89 
3.865175 	 3.548763e-90 
3.913826 	 1.497237e-91 
3.962965 	 5.454687e-93 
4.012594 	 1.468673e-94 
4.06272 	 3.932153e-96 
4.113347 	 8.477348e-98 
4.164481 	 1.642712e-99 
4.216126 	 2.622769e-101 
4.268287 	 3.816565e-103 
4.32097 	 3.810331e-105 
4.37418 	 2.412608e-107 
4.427921 	 1.053913e-109 
4.482201 	 2.620944e-112 
4.537023 	 3.561117e-115 
4.592393 	 4.161451e-118 
4.648317 	 4.026348e-121 
4.7048 	 3.875161e-124 
4.761848 	 7.651899e-127 
4.819466 	 3.319031e-129 
4.877661 	 3.283594e-131 
4.936438 	 9.886027e-133 
4.995802 	 6.106802e-134 
5.05576 	 5.902412e-135 
5.116318 	 4.090059e-137 
5.177481 	 1.76473e-138 
5.239256 	 4.896628e-141 
5.301648 	 8.515489e-143 
5.364665 	 9.058583e-145 
5.428311 	 6.938769e-148 
5.492594 	 3.090689e-150 
5.55752 	 1.219858e-153 
5.623096 	 2.399548e-156 
5.689326 	 7.505338e-160 
5.75622 	 1.24022e-162 
5.823782 	 2.007317e-165 
5.89202 	 9.315923e-169 
5.96094 	 2.732541e-171 
