0.01 	 9.558013e-08 
0.0201 	 1.285042e-07 
0.030301 	 9.072766e-08 
0.040604 	 4.206438e-08 
0.05101 	 1.500511e-08 
0.06152 	 4.642083e-09 
0.072135 	 1.734121e-09 
0.082857 	 9.033841e-10 
0.093685 	 6.202977e-10 
0.104622 	 4.781551e-10 
0.115668 	 6.182815e-10 
0.126825 	 7.560856e-10 
0.138093 	 9.866519e-10 
0.149474 	 1.271632e-09 
0.160969 	 1.479761e-09 
0.172579 	 1.467585e-09 
0.184304 	 1.161068e-09 
0.196147 	 9.194207e-10 
0.208109 	 8.614989e-10 
0.22019 	 9.125823e-10 
0.232392 	 9.561878e-10 
0.244716 	 9.141337e-10 
0.257163 	 9.452908e-10 
0.269735 	 1.052482e-09 
0.282432 	 1.318006e-09 
0.295256 	 2.153132e-09 
0.308209 	 4.231642e-09 
0.321291 	 8.113342e-09 
0.334504 	 1.65624e-08 
0.347849 	 3.850835e-08 
0.361327 	 9.579559e-08 
0.374941 	 2.205983e-07 
0.38869 	 3.781056e-07 
0.402577 	 4.901518e-07 
0.416603 	 5.975696e-07 
0.430769 	 7.226594e-07 
0.445076 	 8.496277e-07 
0.459527 	 1.069204e-06 
0.474123 	 1.421667e-06 
0.488864 	 1.85605e-06 
0.503752 	 2.477567e-06 
0.51879 	 3.325751e-06 
0.533978 	 4.110002e-06 
0.549318 	 3.961932e-06 
0.564811 	 3.97132e-06 
0.580459 	 4.725893e-06 
0.596263 	 5.159692e-06 
0.612226 	 4.826991e-06 
0.628348 	 3.200308e-06 
0.644632 	 1.800342e-06 
0.661078 	 1.579191e-06 
0.677689 	 2.214208e-06 
0.694466 	 4.376382e-06 
0.71141 	 9.790624e-06 
0.728525 	 1.747757e-05 
0.74581 	 2.311393e-05 
0.763268 	 3.051018e-05 
0.780901 	 5.466145e-05 
0.79871 	 0.0001311505 
0.816697 	 0.0002778924 
0.834864 	 0.0004433141 
0.853212 	 0.0005694975 
0.871744 	 0.0006320752 
0.890462 	 0.0008660782 
0.909366 	 0.001489002 
0.92846 	 0.002945107 
0.947745 	 0.006553978 
0.967222 	 0.0149045 
0.986894 	 0.03206502 
1.006763 	 0.06237954 
1.026831 	 0.1089591 
1.047099 	 0.1728358 
1.06757 	 0.2546016 
1.088246 	 0.3539802 
1.109128 	 0.464646 
1.13022 	 0.5681028 
1.151522 	 0.4993489 
1.173037 	 0.5261322 
1.194768 	 0.6685451 
1.216715 	 0.7893958 
1.238882 	 0.8315293 
1.261271 	 0.9745267 
1.283884 	 1.238026 
1.306723 	 1.585493 
1.32979 	 2.204931 
1.353088 	 3.08307 
1.376619 	 4.003381 
1.400385 	 4.683468 
1.424389 	 4.879618 
1.448633 	 4.485887 
1.473119 	 3.644827 
1.49785 	 2.587356 
1.522829 	 1.676544 
1.548057 	 0.974471 
1.573538 	 0.4606054 
1.599273 	 0.1987676 
1.625266 	 0.08533804 
1.651518 	 0.03394089 
1.678033 	 0.01331894 
1.704814 	 0.005340479 
1.731862 	 0.002211304 
1.759181 	 0.00113162 
1.786772 	 0.0008943991 
1.81464 	 0.0007505305 
1.842787 	 0.0004410831 
1.871214 	 0.0002064929 
1.899927 	 0.0001172371 
1.928926 	 0.000105287 
1.958215 	 0.000119134 
1.987797 	 0.0001373725 
2.017675 	 0.0001392976 
2.047852 	 0.0001201735 
2.07833 	 8.059153e-05 
2.109114 	 4.074394e-05 
2.140205 	 1.98007e-05 
2.171607 	 8.804835e-06 
2.203323 	 3.755898e-06 
2.235356 	 2.013629e-06 
2.26771 	 1.211446e-06 
2.300387 	 7.628648e-07 
2.333391 	 5.11969e-07 
2.366725 	 4.362305e-07 
2.400392 	 2.962708e-07 
2.434396 	 1.094128e-07 
2.46874 	 2.915686e-08 
2.503427 	 5.415773e-09 
2.538461 	 5.857029e-10 
2.573846 	 3.475369e-11 
2.609585 	 7.186565e-13 
2.64568 	 6.916475e-15 
2.682137 	 1.000546e-17 
2.718959 	 3.374963e-21 
2.756148 	 6.349342e-26 
2.79371 	 5.059743e-32 
2.831647 	 2.878678e-39 
2.869963 	 7.470661e-49 
2.908663 	 5.133402e-59 
2.947749 	 1.363561e-73 
2.987227 	 1.230902e-87 
3.027099 	 1.019466e-106 
3.06737 	 4.014439e-126 
3.108044 	 5.263673e-151 
3.149124 	 3.289119e-173 
3.190616 	 3.303355e-193 
3.232522 	 1.086344e-221 
3.274847 	 1.599487e-236 
3.317595 	 1.639264e-259 
3.360771 	 1.537563e-268 
3.404379 	 5.311081e-281 
3.448423 	 1.279537e-289 
3.492907 	 1.516849e-296 
3.537836 	 2.477224e-305 
3.583215 	 1.971587e-310 
3.629047 	 5.01616599326e-317 
3.675337 	 2.96439387505e-323 
3.722091 	 0.0 
3.769311 	 0.0 
3.817005 	 0.0 
3.865175 	 0.0 
3.913826 	 0.0 
3.962965 	 0.0 
4.012594 	 0.0 
4.06272 	 0.0 
4.113347 	 0.0 
4.164481 	 0.0 
4.216126 	 0.0 
4.268287 	 0.0 
4.32097 	 0.0 
4.37418 	 0.0 
4.427921 	 0.0 
4.482201 	 0.0 
4.537023 	 0.0 
4.592393 	 0.0 
4.648317 	 0.0 
4.7048 	 0.0 
4.761848 	 0.0 
4.819466 	 0.0 
4.877661 	 0.0 
4.936438 	 0.0 
4.995802 	 0.0 
5.05576 	 0.0 
5.116318 	 0.0 
5.177481 	 0.0 
5.239256 	 0.0 
5.301648 	 0.0 
5.364665 	 0.0 
5.428311 	 0.0 
5.492594 	 0.0 
5.55752 	 0.0 
5.623096 	 0.0 
5.689326 	 0.0 
5.75622 	 0.0 
5.823782 	 0.0 
5.89202 	 0.0 
5.96094 	 0.0 
