0.01 	 nan 
0.0201 	 nan 
0.030301 	 nan 
0.040604 	 nan 
0.05101 	 nan 
0.06152 	 nan 
0.072135 	 nan 
0.082857 	 nan 
0.093685 	 nan 
0.104622 	 nan 
0.115668 	 nan 
0.126825 	 nan 
0.138093 	 nan 
0.149474 	 nan 
0.160969 	 nan 
0.172579 	 nan 
0.184304 	 nan 
0.196147 	 nan 
0.208109 	 nan 
0.22019 	 nan 
0.232392 	 nan 
0.244716 	 nan 
0.257163 	 nan 
0.269735 	 nan 
0.282432 	 nan 
0.295256 	 nan 
0.308209 	 nan 
0.321291 	 nan 
0.334504 	 nan 
0.347849 	 nan 
0.361327 	 nan 
0.374941 	 nan 
0.38869 	 nan 
0.402577 	 nan 
0.416603 	 nan 
0.430769 	 nan 
0.445076 	 nan 
0.459527 	 nan 
0.474123 	 nan 
0.488864 	 nan 
0.503752 	 nan 
0.51879 	 nan 
0.533978 	 nan 
0.549318 	 nan 
0.564811 	 nan 
0.580459 	 nan 
0.596263 	 nan 
0.612226 	 nan 
0.628348 	 nan 
0.644632 	 nan 
0.661078 	 nan 
0.677689 	 nan 
0.694466 	 nan 
0.71141 	 nan 
0.728525 	 nan 
0.74581 	 nan 
0.763268 	 nan 
0.780901 	 nan 
0.79871 	 nan 
0.816697 	 nan 
0.834864 	 nan 
0.853212 	 nan 
0.871744 	 nan 
0.890462 	 nan 
0.909366 	 nan 
0.92846 	 nan 
0.947745 	 nan 
0.967222 	 nan 
0.986894 	 nan 
1.006763 	 nan 
1.026831 	 nan 
1.047099 	 nan 
1.06757 	 nan 
1.088246 	 nan 
1.109128 	 nan 
1.13022 	 nan 
1.151522 	 nan 
1.173037 	 nan 
1.194768 	 nan 
1.216715 	 nan 
1.238882 	 nan 
1.261271 	 nan 
1.283884 	 nan 
1.306723 	 nan 
1.32979 	 nan 
1.353088 	 nan 
1.376619 	 nan 
1.400385 	 nan 
1.424389 	 nan 
1.448633 	 nan 
1.473119 	 nan 
1.49785 	 nan 
1.522829 	 nan 
1.548057 	 nan 
1.573538 	 nan 
1.599273 	 nan 
1.625266 	 nan 
1.651518 	 nan 
1.678033 	 nan 
1.704814 	 nan 
1.731862 	 nan 
1.759181 	 nan 
1.786772 	 nan 
1.81464 	 nan 
1.842787 	 nan 
1.871214 	 nan 
1.899927 	 nan 
1.928926 	 nan 
1.958215 	 nan 
1.987797 	 nan 
2.017675 	 nan 
2.047852 	 nan 
2.07833 	 nan 
2.109114 	 nan 
2.140205 	 nan 
2.171607 	 nan 
2.203323 	 nan 
2.235356 	 nan 
2.26771 	 nan 
2.300387 	 nan 
2.333391 	 nan 
2.366725 	 nan 
2.400392 	 nan 
2.434396 	 nan 
2.46874 	 nan 
2.503427 	 nan 
2.538461 	 nan 
2.573846 	 nan 
2.609585 	 nan 
2.64568 	 nan 
2.682137 	 nan 
2.718959 	 nan 
2.756148 	 nan 
2.79371 	 nan 
2.831647 	 nan 
2.869963 	 nan 
2.908663 	 nan 
2.947749 	 nan 
2.987227 	 nan 
3.027099 	 nan 
3.06737 	 nan 
3.108044 	 nan 
3.149124 	 nan 
3.190616 	 nan 
3.232522 	 nan 
3.274847 	 nan 
3.317595 	 nan 
3.360771 	 nan 
3.404379 	 nan 
3.448423 	 nan 
3.492907 	 nan 
3.537836 	 nan 
3.583215 	 nan 
3.629047 	 nan 
3.675337 	 nan 
3.722091 	 nan 
3.769311 	 nan 
3.817005 	 nan 
3.865175 	 nan 
3.913826 	 nan 
3.962965 	 nan 
4.012594 	 nan 
4.06272 	 nan 
4.113347 	 nan 
4.164481 	 nan 
4.216126 	 nan 
4.268287 	 nan 
4.32097 	 nan 
4.37418 	 nan 
4.427921 	 nan 
4.482201 	 nan 
4.537023 	 nan 
4.592393 	 nan 
4.648317 	 nan 
4.7048 	 nan 
4.761848 	 nan 
4.819466 	 nan 
4.877661 	 nan 
4.936438 	 nan 
4.995802 	 nan 
5.05576 	 nan 
5.116318 	 nan 
5.177481 	 nan 
5.239256 	 nan 
5.301648 	 nan 
5.364665 	 nan 
5.428311 	 nan 
5.492594 	 nan 
5.55752 	 nan 
5.623096 	 nan 
5.689326 	 nan 
5.75622 	 nan 
5.823782 	 nan 
5.89202 	 nan 
5.96094 	 nan 
