0.01 	 4.008153e-111 
0.0201 	 7.686757e-108 
0.030301 	 1.707415e-105 
0.040604 	 1.867855e-103 
0.05101 	 3.539985e-101 
0.06152 	 5.095693e-99 
0.072135 	 1.002858e-96 
0.082857 	 4.914564e-94 
0.093685 	 1.759068e-91 
0.104622 	 5.825036e-89 
0.115668 	 2.705765e-86 
0.126825 	 1.006581e-83 
0.138093 	 2.84372e-81 
0.149474 	 1.104751e-78 
0.160969 	 8.412526e-76 
0.172579 	 9.850303e-73 
0.184304 	 2.395168e-69 
0.196147 	 1.340064e-65 
0.208109 	 1.179549e-61 
0.22019 	 2.016605e-57 
0.232392 	 7.162431e-53 
0.244716 	 1.728172e-48 
0.257163 	 6.923534e-44 
0.269735 	 2.286852e-39 
0.282432 	 7.109318e-35 
0.295256 	 2.932824e-30 
0.308209 	 1.337192e-25 
0.321291 	 2.841696e-21 
0.334504 	 3.013872e-17 
0.347849 	 1.420708e-13 
0.361327 	 1.322768e-10 
0.374941 	 3.387103e-08 
0.38869 	 3.262821e-06 
0.402577 	 0.0001103478 
0.416603 	 0.001903479 
0.430769 	 0.02045371 
0.445076 	 0.1727089 
0.459527 	 1.11422 
0.474123 	 4.081432 
0.488864 	 6.940524 
0.503752 	 8.546559 
0.51879 	 9.960627 
0.533978 	 10.67869 
0.549318 	 9.9656 
0.564811 	 7.433874 
0.580459 	 4.213374 
0.596263 	 1.82973 
0.612226 	 0.5940382 
0.628348 	 0.1377496 
0.644632 	 0.02366158 
0.661078 	 0.002970662 
0.677689 	 0.0002817981 
0.694466 	 1.974318e-05 
0.71141 	 1.224657e-06 
0.728525 	 7.744644e-08 
0.74581 	 5.327941e-09 
0.763268 	 4.136329e-10 
0.780901 	 4.119767e-11 
0.79871 	 4.876627e-12 
0.816697 	 7.269386e-13 
0.834864 	 1.408281e-13 
0.853212 	 2.838712e-14 
0.871744 	 7.682544e-15 
0.890462 	 2.133716e-15 
0.909366 	 7.387925e-16 
0.92846 	 2.824612e-16 
0.947745 	 1.074039e-16 
0.967222 	 2.894858e-17 
0.986894 	 3.153994e-18 
1.006763 	 1.488009e-19 
1.026831 	 3.143122e-21 
1.047099 	 3.38371e-23 
1.06757 	 2.373969e-25 
1.088246 	 1.379961e-27 
1.109128 	 7.947492e-30 
1.13022 	 3.243543e-32 
1.151522 	 1.485295e-34 
1.173037 	 8.284984e-37 
1.194768 	 4.307016e-39 
1.216715 	 1.630577e-41 
1.238882 	 5.611426e-44 
1.261271 	 1.445388e-46 
1.283884 	 2.229883e-49 
1.306723 	 2.20747e-52 
1.32979 	 1.182177e-55 
1.353088 	 3.080306e-59 
1.376619 	 5.640488e-63 
1.400385 	 6.048531e-67 
1.424389 	 3.567913e-71 
1.448633 	 2.051943e-75 
1.473119 	 1.124468e-79 
1.49785 	 5.385147e-84 
1.522829 	 3.440639e-88 
1.548057 	 1.66472e-92 
1.573538 	 5.58858e-97 
1.599273 	 3.086453e-101 
1.625266 	 1.375514e-105 
1.651518 	 6.376852e-110 
1.678033 	 8.130506e-114 
1.704814 	 3.008231e-117 
1.731862 	 2.359452e-120 
1.759181 	 3.425031e-123 
1.786772 	 5.557008e-126 
1.81464 	 7.576086e-129 
1.842787 	 1.950396e-131 
1.871214 	 1.83095e-133 
1.899927 	 1.521655e-135 
1.928926 	 2.379116e-137 
1.958215 	 7.863923e-139 
1.987797 	 4.823148e-140 
2.017675 	 4.965661e-141 
2.047852 	 1.461038e-141 
2.07833 	 6.249835e-142 
2.109114 	 7.017076e-142 
2.140205 	 1.160074e-141 
2.171607 	 2.122505e-141 
2.203323 	 5.350917e-141 
2.235356 	 8.284242e-141 
2.26771 	 1.553683e-140 
2.300387 	 3.087404e-140 
2.333391 	 1.836893e-139 
2.366725 	 1.824335e-138 
2.400392 	 6.904051e-137 
2.434396 	 1.642728e-134 
2.46874 	 1.233887e-131 
2.503427 	 8.102688e-128 
2.538461 	 2.187804e-123 
2.573846 	 1.30627e-118 
2.609585 	 1.890678e-114 
2.64568 	 9.139908e-111 
2.682137 	 2.968085e-108 
2.718959 	 8.22066e-107 
2.756148 	 3.975749e-106 
2.79371 	 1.21875e-106 
2.831647 	 2.845821e-108 
2.869963 	 2.55577e-110 
2.908663 	 3.777372e-112 
2.947749 	 8.275042e-114 
2.987227 	 3.156584e-115 
3.027099 	 2.930635e-116 
3.06737 	 1.659504e-116 
3.108044 	 1.663022e-115 
3.149124 	 3.763459e-115 
3.190616 	 3.752992e-115 
3.232522 	 2.648776e-118 
3.274847 	 3.275036e-122 
3.317595 	 6.784801e-134 
3.360771 	 3.452026e-137 
3.404379 	 1.752339e-144 
3.448423 	 1.632306e-143 
3.492907 	 3.737748e-141 
3.537836 	 6.250624e-139 
3.583215 	 5.679339e-135 
3.629047 	 8.966758e-131 
3.675337 	 6.477176e-127 
3.722091 	 2.558506e-123 
3.769311 	 4.366818e-120 
3.817005 	 2.5735e-117 
3.865175 	 4.018378e-115 
3.913826 	 2.455142e-113 
3.962965 	 4.463881e-112 
4.012594 	 2.534952e-111 
4.06272 	 7.388883e-111 
4.113347 	 2.129876e-110 
4.164481 	 1.282601e-109 
4.216126 	 3.270337e-108 
4.268287 	 3.612661e-106 
4.32097 	 1.296527e-103 
4.37418 	 1.204977e-100 
4.427921 	 1.527008e-97 
4.482201 	 1.220445e-94 
4.537023 	 2.570188e-92 
4.592393 	 6.679828e-91 
4.648317 	 8.535243e-91 
4.7048 	 4.874677e-92 
4.761848 	 1.9121e-94 
4.819466 	 1.278521e-97 
4.877661 	 7.260659e-101 
4.936438 	 8.981868e-104 
4.995802 	 1.089219e-106 
5.05576 	 1.253057e-109 
5.116318 	 2.777598e-114 
5.177481 	 1.221509e-118 
5.239256 	 3.06905e-125 
5.301648 	 3.919112e-131 
5.364665 	 9.224266e-138 
5.428311 	 2.76124e-147 
5.492594 	 9.263091e-156 
5.55752 	 3.392325e-167 
5.623096 	 2.000292e-177 
5.689326 	 2.156607e-190 
5.75622 	 9.057028e-202 
5.823782 	 1.550017e-213 
5.89202 	 4.501379e-227 
5.96094 	 6.649221e-238 
