0.01 	 1.017019e-19 
0.0201 	 7.299555e-20 
0.030301 	 3.124276e-20 
0.040604 	 1.027625e-20 
0.05101 	 3.484137e-21 
0.06152 	 1.446091e-21 
0.072135 	 9.463763e-22 
0.082857 	 1.014343e-21 
0.093685 	 1.330881e-21 
0.104622 	 1.54766e-21 
0.115668 	 2.615836e-21 
0.126825 	 3.960807e-21 
0.138093 	 5.887407e-21 
0.149474 	 8.982794e-21 
0.160969 	 1.302371e-20 
0.172579 	 1.643325e-20 
0.184304 	 1.946436e-20 
0.196147 	 2.390764e-20 
0.208109 	 3.25536e-20 
0.22019 	 5.080871e-20 
0.232392 	 8.426518e-20 
0.244716 	 1.458235e-19 
0.257163 	 2.846049e-19 
0.269735 	 5.962763e-19 
0.282432 	 1.290627e-18 
0.295256 	 2.957626e-18 
0.308209 	 7.585866e-18 
0.321291 	 1.979693e-17 
0.334504 	 5.703071e-17 
0.347849 	 1.881655e-16 
0.361327 	 6.582028e-16 
0.374941 	 2.419675e-15 
0.38869 	 9.488652e-15 
0.402577 	 4.215784e-14 
0.416603 	 2.31043e-13 
0.430769 	 1.269136e-12 
0.445076 	 5.343677e-12 
0.459527 	 1.845847e-11 
0.474123 	 5.812485e-11 
0.488864 	 1.800868e-10 
0.503752 	 5.592523e-10 
0.51879 	 1.76417e-09 
0.533978 	 5.690195e-09 
0.549318 	 1.813235e-08 
0.564811 	 5.614656e-08 
0.580459 	 1.726453e-07 
0.596263 	 4.941401e-07 
0.612226 	 1.335065e-06 
0.628348 	 3.287399e-06 
0.644632 	 7.969058e-06 
0.661078 	 2.256746e-05 
0.677689 	 7.365403e-05 
0.694466 	 0.0002602961 
0.71141 	 0.0009102978 
0.728525 	 0.00262629 
0.74581 	 0.00602837 
0.763268 	 0.01242883 
0.780901 	 0.0264299 
0.79871 	 0.05943901 
0.816697 	 0.1261107 
0.834864 	 0.2358023 
0.853212 	 0.4029124 
0.871744 	 0.6371163 
0.890462 	 1.035888 
0.909366 	 1.46159 
0.92846 	 2.020435 
0.947745 	 2.611654 
0.967222 	 3.239166 
0.986894 	 3.852622 
1.006763 	 4.342122 
1.026831 	 4.595895 
1.047099 	 4.476136 
1.06757 	 4.060292 
1.088246 	 3.584851 
1.109128 	 3.097452 
1.13022 	 2.729408 
1.151522 	 2.312542 
1.173037 	 1.682027 
1.194768 	 1.077963 
1.216715 	 0.6467519 
1.238882 	 0.3841836 
1.261271 	 0.2303504 
1.283884 	 0.1360808 
1.306723 	 0.07874054 
1.32979 	 0.04498732 
1.353088 	 0.02486241 
1.376619 	 0.01306834 
1.400385 	 0.006339274 
1.424389 	 0.002759015 
1.448633 	 0.001145168 
1.473119 	 0.0004395604 
1.49785 	 0.0001572286 
1.522829 	 5.448936e-05 
1.548057 	 1.680473e-05 
1.573538 	 4.260122e-06 
1.599273 	 1.034984e-06 
1.625266 	 2.426815e-07 
1.651518 	 5.088053e-08 
1.678033 	 1.048569e-08 
1.704814 	 2.157995e-09 
1.731862 	 4.36177e-10 
1.759181 	 1.069537e-10 
1.786772 	 3.813302e-11 
1.81464 	 1.7425e-11 
1.842787 	 7.601168e-12 
1.871214 	 3.369626e-12 
1.899927 	 1.824564e-12 
1.928926 	 1.458522e-12 
1.958215 	 1.350546e-12 
1.987797 	 1.235906e-12 
2.017675 	 1.040964e-12 
2.047852 	 7.614413e-13 
2.07833 	 4.85674e-13 
2.109114 	 2.619777e-13 
2.140205 	 1.332851e-13 
2.171607 	 6.202525e-14 
2.203323 	 2.46616e-14 
2.235356 	 1.157669e-14 
2.26771 	 5.730857e-15 
2.300387 	 3.057525e-15 
2.333391 	 1.674296e-15 
2.366725 	 9.520548e-16 
2.400392 	 4.527825e-16 
2.434396 	 1.234915e-16 
2.46874 	 1.997258e-17 
2.503427 	 2.346395e-18 
2.538461 	 3.328051e-19 
2.573846 	 4.632756e-20 
2.609585 	 3.626473e-21 
2.64568 	 1.751379e-22 
2.682137 	 3.696636e-24 
2.718959 	 4.823141e-26 
2.756148 	 1.875949e-28 
2.79371 	 2.402933e-31 
2.831647 	 8.967147e-35 
2.869963 	 2.638926e-39 
2.908663 	 1.916743e-44 
2.947749 	 2.21592e-51 
2.987227 	 5.425889e-59 
3.027099 	 5.354794e-69 
3.06737 	 2.894359e-80 
3.108044 	 6.462284e-95 
3.149124 	 2.12471e-107 
3.190616 	 1.010617e-118 
3.232522 	 3.574064e-133 
3.274847 	 9.931511e-140 
3.317595 	 1.039043e-148 
3.360771 	 1.295331e-151 
3.404379 	 5.316909e-155 
3.448423 	 1.138795e-157 
3.492907 	 5.762899e-159 
3.537836 	 4.830624e-161 
3.583215 	 7.251547e-162 
3.629047 	 3.132898e-163 
3.675337 	 3.574245e-164 
3.722091 	 5.519487e-165 
3.769311 	 4.795998e-166 
3.817005 	 7.470825e-167 
3.865175 	 7.5228e-168 
3.913826 	 1.147558e-168 
3.962965 	 1.509668e-169 
4.012594 	 1.291155e-170 
4.06272 	 1.382611e-171 
4.113347 	 1.129698e-172 
4.164481 	 1.061935e-173 
4.216126 	 8.982029e-175 
4.268287 	 7.979617e-176 
4.32097 	 5.192029e-177 
4.37418 	 2.189185e-178 
4.427921 	 5.542192e-180 
4.482201 	 5.857231e-182 
4.537023 	 2.600875e-184 
4.592393 	 5.544572e-187 
4.648317 	 5.526862e-190 
4.7048 	 3.981936e-193 
4.761848 	 3.996894e-196 
4.819466 	 9.263518e-199 
4.877661 	 8.457874e-201 
4.936438 	 3.478344e-202 
4.995802 	 3.218501e-203 
5.05576 	 4.492466e-204 
5.116318 	 7.780741e-206 
5.177481 	 3.647547e-207 
5.239256 	 1.530749e-209 
5.301648 	 1.700512e-211 
5.364665 	 7.420433e-214 
5.428311 	 1.749804e-217 
5.492594 	 6.87699e-221 
5.55752 	 1.207626e-225 
5.623096 	 2.680668e-230 
5.689326 	 3.730934e-236 
5.75622 	 8.972501e-242 
5.823782 	 1.016066e-247 
5.89202 	 2.97711e-254 
5.96094 	 7.972091e-260 
