0.01 	 2.272046e-05 
0.0201 	 8.246609e-05 
0.030301 	 0.0001748897 
0.040604 	 0.0002784923 
0.05101 	 0.0003633911 
0.06152 	 0.0004162659 
0.072135 	 0.0004712274 
0.082857 	 0.0005202989 
0.093685 	 0.0005763974 
0.104622 	 0.0006014206 
0.115668 	 0.0006666176 
0.126825 	 0.0006888132 
0.138093 	 0.0006672029 
0.149474 	 0.0005992098 
0.160969 	 0.0004929738 
0.172579 	 0.0003549811 
0.184304 	 0.0002150588 
0.196147 	 0.0001303754 
0.208109 	 9.164076e-05 
0.22019 	 7.165845e-05 
0.232392 	 5.638297e-05 
0.244716 	 4.004516e-05 
0.257163 	 2.861393e-05 
0.269735 	 2.040528e-05 
0.282432 	 1.520629e-05 
0.295256 	 1.236084e-05 
0.308209 	 1.127431e-05 
0.321291 	 1.223289e-05 
0.334504 	 1.641675e-05 
0.347849 	 2.573536e-05 
0.361327 	 4.583482e-05 
0.374941 	 8.764971e-05 
0.38869 	 0.0001548561 
0.402577 	 0.0002409379 
0.416603 	 0.0003403102 
0.430769 	 0.0004374537 
0.445076 	 0.0005208376 
0.459527 	 0.0006094827 
0.474123 	 0.0007091106 
0.488864 	 0.0008112444 
0.503752 	 0.000894709 
0.51879 	 0.0009124786 
0.533978 	 0.0007673796 
0.549318 	 0.0005129042 
0.564811 	 0.0003706884 
0.580459 	 0.0003000354 
0.596263 	 0.0002302029 
0.612226 	 0.0001664088 
0.628348 	 0.0001046365 
0.644632 	 6.378028e-05 
0.661078 	 4.784281e-05 
0.677689 	 4.162144e-05 
0.694466 	 3.878669e-05 
0.71141 	 3.605849e-05 
0.728525 	 3.092469e-05 
0.74581 	 2.556794e-05 
0.763268 	 2.284454e-05 
0.780901 	 2.322387e-05 
0.79871 	 2.729206e-05 
0.816697 	 3.253782e-05 
0.834864 	 3.44152e-05 
0.853212 	 3.369712e-05 
0.871744 	 3.27955e-05 
0.890462 	 3.379073e-05 
0.909366 	 3.731093e-05 
0.92846 	 4.459569e-05 
0.947745 	 5.578429e-05 
0.967222 	 6.964372e-05 
0.986894 	 8.459465e-05 
1.006763 	 9.484015e-05 
1.026831 	 9.71764e-05 
1.047099 	 9.243524e-05 
1.06757 	 8.342304e-05 
1.088246 	 7.329897e-05 
1.109128 	 7.049131e-05 
1.13022 	 7.206499e-05 
1.151522 	 8.112923e-05 
1.173037 	 0.0001220589 
1.194768 	 0.0002168381 
1.216715 	 0.0003830689 
1.238882 	 0.0006665887 
1.261271 	 0.001409224 
1.283884 	 0.003409409 
1.306723 	 0.009208351 
1.32979 	 0.02847573 
1.353088 	 0.09101857 
1.376619 	 0.2763357 
1.400385 	 0.7270279 
1.424389 	 1.587219 
1.448633 	 2.904031 
1.473119 	 4.416325 
1.49785 	 5.58722 
1.522829 	 6.49568 
1.548057 	 6.559217 
1.573538 	 5.158858 
1.599273 	 3.256407 
1.625266 	 1.633052 
1.651518 	 0.6706884 
1.678033 	 0.240274 
1.704814 	 0.08512407 
1.731862 	 0.02963982 
1.759181 	 0.01043523 
1.786772 	 0.003797577 
1.81464 	 0.001457224 
1.842787 	 0.0006913072 
1.871214 	 0.0004208884 
1.899927 	 0.0003337311 
1.928926 	 0.0003499066 
1.958215 	 0.0004187404 
1.987797 	 0.0005022784 
2.017675 	 0.0005310681 
2.047852 	 0.0005074222 
2.07833 	 0.0003912906 
2.109114 	 0.0002316897 
2.140205 	 0.0001253367 
2.171607 	 5.735723e-05 
2.203323 	 2.472036e-05 
2.235356 	 1.089896e-05 
2.26771 	 4.330743e-06 
2.300387 	 1.374637e-06 
2.333391 	 4.025218e-07 
2.366725 	 1.674192e-07 
2.400392 	 7.871825e-08 
2.434396 	 2.849133e-08 
2.46874 	 7.155289e-09 
2.503427 	 2.096252e-09 
2.538461 	 8.242267e-10 
2.573846 	 2.71829e-10 
2.609585 	 7.288134e-11 
2.64568 	 1.481736e-11 
2.682137 	 2.058541e-12 
2.718959 	 1.605414e-13 
2.756148 	 3.653296e-15 
2.79371 	 2.109259e-17 
2.831647 	 3.045546e-20 
2.869963 	 2.237632e-24 
2.908663 	 1.475708e-29 
2.947749 	 3.944663e-37 
2.987227 	 3.3354e-46 
3.027099 	 6.815759e-59 
3.06737 	 4.696466e-75 
3.108044 	 1.273584e-97 
3.149124 	 4.099866e-119 
3.190616 	 9.324055e-141 
3.232522 	 1.624753e-170 
3.274847 	 1.556328e-186 
3.317595 	 1.051894e-209 
3.360771 	 1.589189e-218 
3.404379 	 3.222315e-230 
3.448423 	 3.279326e-237 
3.492907 	 2.473761e-242 
3.537836 	 3.945987e-249 
3.583215 	 5.635055e-253 
3.629047 	 1.065028e-257 
3.675337 	 4.398798e-262 
3.722091 	 1.027389e-265 
3.769311 	 3.64057e-270 
3.817005 	 1.7887e-273 
3.865175 	 1.306939e-277 
3.913826 	 1.293059e-280 
3.962965 	 1.29852e-283 
4.012594 	 1.898603e-287 
4.06272 	 2.905649e-290 
4.113347 	 1.251937e-293 
4.164481 	 4.572098e-296 
4.216126 	 8.354473e-299 
4.268287 	 6.775992e-301 
4.32097 	 4.46071e-303 
4.37418 	 9.017695e-306 
4.427921 	 1.660457e-308 
4.482201 	 6.553588e-312 
4.537023 	 7.5571009957e-316 
4.592393 	 2.69463403242e-320 
4.648317 	 0.0 
4.7048 	 0.0 
4.761848 	 0.0 
4.819466 	 0.0 
4.877661 	 0.0 
4.936438 	 0.0 
4.995802 	 0.0 
5.05576 	 0.0 
5.116318 	 0.0 
5.177481 	 0.0 
5.239256 	 0.0 
5.301648 	 0.0 
5.364665 	 0.0 
5.428311 	 0.0 
5.492594 	 0.0 
5.55752 	 0.0 
5.623096 	 0.0 
5.689326 	 0.0 
5.75622 	 0.0 
5.823782 	 0.0 
5.89202 	 0.0 
5.96094 	 0.0 
