0.01 	 3.573774e-23 
0.0201 	 9.871541e-21 
0.030301 	 1.11551e-18 
0.040604 	 9.742473e-17 
0.05101 	 7.60962e-15 
0.06152 	 5.72641e-13 
0.072135 	 3.831374e-11 
0.082857 	 1.707504e-09 
0.093685 	 4.412094e-08 
0.104622 	 6.81445e-07 
0.115668 	 6.603281e-06 
0.126825 	 4.929347e-05 
0.138093 	 0.0003127382 
0.149474 	 0.001709308 
0.160969 	 0.007419068 
0.172579 	 0.02592192 
0.184304 	 0.07094588 
0.196147 	 0.1466419 
0.208109 	 0.2391801 
0.22019 	 0.332066 
0.232392 	 0.4201548 
0.244716 	 0.5111583 
0.257163 	 0.6238501 
0.269735 	 0.7650307 
0.282432 	 0.9321215 
0.295256 	 1.144103 
0.308209 	 1.354823 
0.321291 	 1.537101 
0.334504 	 1.713334 
0.347849 	 1.887687 
0.361327 	 2.120819 
0.374941 	 2.447434 
0.38869 	 2.871387 
0.402577 	 3.395166 
0.416603 	 4.022522 
0.430769 	 4.693406 
0.445076 	 5.282193 
0.459527 	 5.707657 
0.474123 	 5.858762 
0.488864 	 5.556228 
0.503752 	 4.89281 
0.51879 	 4.031071 
0.533978 	 3.037786 
0.549318 	 2.067709 
0.564811 	 1.247228 
0.580459 	 0.6409292 
0.596263 	 0.2802323 
0.612226 	 0.1041033 
0.628348 	 0.03255601 
0.644632 	 0.008396994 
0.661078 	 0.001809826 
0.677689 	 0.000323297 
0.694466 	 4.957185e-05 
0.71141 	 7.517749e-06 
0.728525 	 1.154394e-06 
0.74581 	 1.820662e-07 
0.763268 	 3.139794e-08 
0.780901 	 5.931198e-09 
0.79871 	 1.280431e-09 
0.816697 	 3.295274e-10 
0.834864 	 7.8395e-11 
0.853212 	 1.613641e-11 
0.871744 	 3.134182e-12 
0.890462 	 4.819181e-13 
0.909366 	 6.095113e-14 
0.92846 	 6.899364e-15 
0.947745 	 6.030446e-16 
0.967222 	 4.608141e-17 
0.986894 	 3.236635e-18 
1.006763 	 1.705519e-19 
1.026831 	 7.021888e-21 
1.047099 	 2.446088e-22 
1.06757 	 6.917318e-24 
1.088246 	 1.843522e-25 
1.109128 	 5.466538e-27 
1.13022 	 1.30678e-28 
1.151522 	 3.598351e-30 
1.173037 	 1.294908e-31 
1.194768 	 4.706301e-33 
1.216715 	 1.409216e-34 
1.238882 	 4.486919e-36 
1.261271 	 1.382181e-37 
1.283884 	 3.305481e-39 
1.306723 	 7.395954e-41 
1.32979 	 1.161808e-42 
1.353088 	 1.14952e-44 
1.376619 	 9.581068e-47 
1.400385 	 5.663969e-49 
1.424389 	 2.092177e-51 
1.448633 	 8.367273e-54 
1.473119 	 2.96854e-56 
1.49785 	 8.879542e-59 
1.522829 	 3.307891e-61 
1.548057 	 1.007595e-63 
1.573538 	 2.495043e-66 
1.599273 	 1.158679e-68 
1.625266 	 6.387747e-71 
1.651518 	 4.092778e-73 
1.678033 	 6.21084e-75 
1.704814 	 2.5341e-76 
1.731862 	 2.170366e-77 
1.759181 	 4.238707e-78 
1.786772 	 1.608211e-78 
1.81464 	 9.329695e-79 
1.842787 	 1.691241e-78 
1.871214 	 1.356052e-77 
1.899927 	 1.797148e-76 
1.928926 	 5.572575e-75 
1.958215 	 3.87965e-73 
1.987797 	 3.705303e-71 
2.017675 	 4.93942e-69 
2.047852 	 9.984115e-67 
2.07833 	 1.511084e-64 
2.109114 	 1.510183e-62 
2.140205 	 2.615337e-61 
2.171607 	 5.914403e-61 
2.203323 	 2.96817e-61 
2.235356 	 6.774481e-62 
2.26771 	 9.587944e-63 
2.300387 	 1.290592e-63 
2.333391 	 2.254582e-64 
2.366725 	 3.715789e-65 
2.400392 	 5.31289e-66 
2.434396 	 7.872664e-67 
2.46874 	 8.74362e-68 
2.503427 	 8.447915e-69 
2.538461 	 1.229036e-69 
2.573846 	 2.154899e-70 
2.609585 	 3.444296e-71 
2.64568 	 9.322338e-72 
2.682137 	 2.782835e-72 
2.718959 	 8.890636e-73 
2.756148 	 4.441287e-73 
2.79371 	 2.639924e-73 
2.831647 	 1.193969e-73 
2.869963 	 4.35062e-74 
2.908663 	 1.262958e-74 
2.947749 	 3.338291e-76 
2.987227 	 4.883448e-79 
3.027099 	 6.511012e-84 
3.06737 	 1.450763e-92 
3.108044 	 5.40386e-108 
3.149124 	 2.29788e-126 
3.190616 	 1.474874e-149 
3.232522 	 2.315967e-190 
3.274847 	 7.10122e-215 
3.317595 	 8.210467e-256 
3.360771 	 3.796851e-268 
3.404379 	 9.404325e-289 
3.448423 	 1.903128e-292 
3.492907 	 2.303027e-293 
3.537836 	 1.618547e-295 
3.583215 	 9.63685e-293 
3.629047 	 7.90589e-292 
3.675337 	 7.166241e-290 
3.722091 	 2.90459e-289 
3.769311 	 5.132872e-290 
3.817005 	 3.380592e-292 
3.865175 	 3.863925e-296 
3.913826 	 3.118616e-301 
3.962965 	 6.709096e-308 
4.012594 	 5.06697101066e-316 
4.06272 	 0.0 
4.113347 	 0.0 
4.164481 	 0.0 
4.216126 	 0.0 
4.268287 	 0.0 
4.32097 	 0.0 
4.37418 	 0.0 
4.427921 	 0.0 
4.482201 	 0.0 
4.537023 	 0.0 
4.592393 	 0.0 
4.648317 	 0.0 
4.7048 	 0.0 
4.761848 	 0.0 
4.819466 	 0.0 
4.877661 	 0.0 
4.936438 	 0.0 
4.995802 	 0.0 
5.05576 	 0.0 
5.116318 	 0.0 
5.177481 	 0.0 
5.239256 	 0.0 
5.301648 	 0.0 
5.364665 	 0.0 
5.428311 	 0.0 
5.492594 	 0.0 
5.55752 	 0.0 
5.623096 	 0.0 
5.689326 	 0.0 
5.75622 	 0.0 
5.823782 	 0.0 
5.89202 	 0.0 
5.96094 	 0.0 
