0.01 	 8.691146e-07 
0.0201 	 2.976548e-06 
0.030301 	 6.233117e-06 
0.040604 	 1.093066e-05 
0.05101 	 1.752708e-05 
0.06152 	 2.749567e-05 
0.072135 	 4.618602e-05 
0.082857 	 8.037142e-05 
0.093685 	 0.0001405016 
0.104622 	 0.0002372394 
0.115668 	 0.0004028836 
0.126825 	 0.0006204583 
0.138093 	 0.0008820841 
0.149474 	 0.001185907 
0.160969 	 0.001490993 
0.172579 	 0.001773934 
0.184304 	 0.001977153 
0.196147 	 0.002017045 
0.208109 	 0.001906208 
0.22019 	 0.001791451 
0.232392 	 0.001799576 
0.244716 	 0.001851875 
0.257163 	 0.001957345 
0.269735 	 0.002072326 
0.282432 	 0.00215242 
0.295256 	 0.002331983 
0.308209 	 0.002658943 
0.321291 	 0.003372283 
0.334504 	 0.004760558 
0.347849 	 0.007184125 
0.361327 	 0.01133048 
0.374941 	 0.0193041 
0.38869 	 0.03476736 
0.402577 	 0.06363667 
0.416603 	 0.1155623 
0.430769 	 0.1962595 
0.445076 	 0.3093287 
0.459527 	 0.4769038 
0.474123 	 0.7256171 
0.488864 	 1.104306 
0.503752 	 1.650052 
0.51879 	 2.414093 
0.533978 	 3.298794 
0.549318 	 4.173225 
0.564811 	 5.103852 
0.580459 	 5.918586 
0.596263 	 6.363651 
0.612226 	 6.469364 
0.628348 	 6.202364 
0.644632 	 5.507015 
0.661078 	 4.424845 
0.677689 	 3.19128 
0.694466 	 2.087031 
0.71141 	 1.292947 
0.728525 	 0.7552501 
0.74581 	 0.4094169 
0.763268 	 0.2087747 
0.780901 	 0.1022166 
0.79871 	 0.04929243 
0.816697 	 0.02426747 
0.834864 	 0.01201146 
0.853212 	 0.005933499 
0.871744 	 0.003038563 
0.890462 	 0.001581906 
0.909366 	 0.000820686 
0.92846 	 0.0004146931 
0.947745 	 0.0001874573 
0.967222 	 7.644111e-05 
0.986894 	 2.808354e-05 
1.006763 	 8.581679e-06 
1.026831 	 2.278742e-06 
1.047099 	 5.636626e-07 
1.06757 	 1.401544e-07 
1.088246 	 3.762797e-08 
1.109128 	 1.075727e-08 
1.13022 	 2.964795e-09 
1.151522 	 9.397501e-10 
1.173037 	 3.622629e-10 
1.194768 	 1.446173e-10 
1.216715 	 5.90499e-11 
1.238882 	 3.051539e-11 
1.261271 	 2.051258e-11 
1.283884 	 1.699725e-11 
1.306723 	 1.64312e-11 
1.32979 	 1.529332e-11 
1.353088 	 1.333258e-11 
1.376619 	 1.18117e-11 
1.400385 	 9.434382e-12 
1.424389 	 6.248937e-12 
1.448633 	 3.612563e-12 
1.473119 	 1.632654e-12 
1.49785 	 6.849158e-13 
1.522829 	 3.186305e-13 
1.548057 	 1.241678e-13 
1.573538 	 3.569224e-14 
1.599273 	 8.88103e-15 
1.625266 	 1.727854e-15 
1.651518 	 2.984651e-16 
1.678033 	 5.369743e-17 
1.704814 	 9.635954e-18 
1.731862 	 1.82384e-18 
1.759181 	 4.533096e-19 
1.786772 	 1.611828e-19 
1.81464 	 7.382211e-20 
1.842787 	 4.862886e-20 
1.871214 	 5.111336e-20 
1.899927 	 7.279799e-20 
1.928926 	 1.697008e-19 
1.958215 	 5.217563e-19 
1.987797 	 1.518051e-18 
2.017675 	 4.201456e-18 
2.047852 	 1.11133e-17 
2.07833 	 2.28108e-17 
2.109114 	 3.848071e-17 
2.140205 	 5.441196e-17 
2.171607 	 5.986927e-17 
2.203323 	 5.995769e-17 
2.235356 	 6.708907e-17 
2.26771 	 6.411375e-17 
2.300387 	 4.970875e-17 
2.333391 	 3.797361e-17 
2.366725 	 3.211867e-17 
2.400392 	 2.949811e-17 
2.434396 	 2.200792e-17 
2.46874 	 9.519829e-18 
2.503427 	 3.962226e-18 
2.538461 	 3.077819e-18 
2.573846 	 3.001959e-18 
2.609585 	 2.906755e-18 
2.64568 	 3.359848e-18 
2.682137 	 4.176469e-18 
2.718959 	 4.93206e-18 
2.756148 	 4.820965e-18 
2.79371 	 2.859273e-18 
2.831647 	 8.831019e-19 
2.869963 	 3.963554e-20 
2.908663 	 2.614943e-22 
2.947749 	 2.030065e-26 
2.987227 	 2.718852e-32 
3.027099 	 2.216024e-41 
3.06737 	 8.648746e-55 
3.108044 	 1.182911e-75 
3.149124 	 4.513976e-97 
3.190616 	 1.16608e-120 
3.232522 	 1.65794e-156 
3.274847 	 1.37798e-176 
3.317595 	 2.29016e-207 
3.360771 	 4.697083e-218 
3.404379 	 9.933634e-234 
3.448423 	 2.426756e-240 
3.492907 	 2.009809e-245 
3.537836 	 5.802008e-252 
3.583215 	 9.187797e-256 
3.629047 	 3.958835e-261 
3.675337 	 1.216944e-265 
3.722091 	 3.030754e-270 
3.769311 	 1.743818e-275 
3.817005 	 3.53349e-280 
3.865175 	 1.503898e-285 
3.913826 	 4.361775e-290 
3.962965 	 1.031906e-294 
4.012594 	 5.436333e-300 
4.06272 	 2.412657e-304 
4.113347 	 6.092744e-309 
4.164481 	 3.020524e-312 
4.216126 	 2.23548799782e-315 
4.268287 	 2.16938493927e-317 
4.32097 	 4.45469348916e-319 
4.37418 	 4.79737742112e-321 
4.427921 	 6.91691904178e-323 
4.482201 	 0.0 
4.537023 	 0.0 
4.592393 	 0.0 
4.648317 	 0.0 
4.7048 	 0.0 
4.761848 	 0.0 
4.819466 	 0.0 
4.877661 	 0.0 
4.936438 	 0.0 
4.995802 	 0.0 
5.05576 	 0.0 
5.116318 	 0.0 
5.177481 	 0.0 
5.239256 	 0.0 
5.301648 	 0.0 
5.364665 	 0.0 
5.428311 	 0.0 
5.492594 	 0.0 
5.55752 	 0.0 
5.623096 	 0.0 
5.689326 	 0.0 
5.75622 	 0.0 
5.823782 	 0.0 
5.89202 	 0.0 
5.96094 	 0.0 
