0.01 	 1.783923e-32 
0.0201 	 1.544016e-32 
0.030301 	 7.903514e-33 
0.040604 	 3.166689e-33 
0.05101 	 1.131067e-33 
0.06152 	 4.749075e-34 
0.072135 	 3.06355e-34 
0.082857 	 3.081825e-34 
0.093685 	 4.077246e-34 
0.104622 	 5.779572e-34 
0.115668 	 1.49449e-33 
0.126825 	 3.776524e-33 
0.138093 	 9.598026e-33 
0.149474 	 2.6174e-32 
0.160969 	 7.06239e-32 
0.172579 	 1.968044e-31 
0.184304 	 5.964874e-31 
0.196147 	 1.79158e-30 
0.208109 	 5.105075e-30 
0.22019 	 1.473132e-29 
0.232392 	 3.536535e-29 
0.244716 	 7.178054e-29 
0.257163 	 1.484049e-28 
0.269735 	 3.067956e-28 
0.282432 	 6.653471e-28 
0.295256 	 1.621778e-27 
0.308209 	 4.483528e-27 
0.321291 	 1.080352e-26 
0.334504 	 2.446236e-26 
0.347849 	 5.420868e-26 
0.361327 	 1.001119e-25 
0.374941 	 1.635132e-25 
0.38869 	 2.704285e-25 
0.402577 	 4.843134e-25 
0.416603 	 1.056632e-24 
0.430769 	 2.438719e-24 
0.445076 	 4.996923e-24 
0.459527 	 1.002983e-23 
0.474123 	 1.849286e-23 
0.488864 	 3.34034e-23 
0.503752 	 6.072388e-23 
0.51879 	 1.097293e-22 
0.533978 	 1.994515e-22 
0.549318 	 3.249838e-22 
0.564811 	 4.972797e-22 
0.580459 	 8.920926e-22 
0.596263 	 1.786346e-21 
0.612226 	 3.819411e-21 
0.628348 	 8.153057e-21 
0.644632 	 1.580254e-20 
0.661078 	 2.538429e-20 
0.677689 	 4.012579e-20 
0.694466 	 7.252665e-20 
0.71141 	 1.388049e-19 
0.728525 	 2.321696e-19 
0.74581 	 3.125254e-19 
0.763268 	 3.521952e-19 
0.780901 	 3.498264e-19 
0.79871 	 2.978488e-19 
0.816697 	 2.616141e-19 
0.834864 	 2.682369e-19 
0.853212 	 2.722803e-19 
0.871744 	 2.46194e-19 
0.890462 	 3.159496e-19 
0.909366 	 5.864967e-19 
0.92846 	 1.228587e-18 
0.947745 	 2.623492e-18 
0.967222 	 5.963297e-18 
0.986894 	 1.318344e-17 
1.006763 	 2.634306e-17 
1.026831 	 5.131361e-17 
1.047099 	 8.715384e-17 
1.06757 	 1.362626e-16 
1.088246 	 2.206057e-16 
1.109128 	 4.60567e-16 
1.13022 	 1.621078e-15 
1.151522 	 8.176726e-15 
1.173037 	 3.411711e-14 
1.194768 	 9.679977e-14 
1.216715 	 2.394924e-13 
1.238882 	 7.064407e-13 
1.261271 	 2.58493e-12 
1.283884 	 1.466444e-11 
1.306723 	 1.287177e-10 
1.32979 	 1.489963e-09 
1.353088 	 2.140841e-08 
1.376619 	 3.01548e-07 
1.400385 	 3.121038e-06 
1.424389 	 2.128197e-05 
1.448633 	 0.0001268803 
1.473119 	 0.0006933436 
1.49785 	 0.00321843 
1.522829 	 0.01435368 
1.548057 	 0.05851878 
1.573538 	 0.1883165 
1.599273 	 0.5436455 
1.625266 	 1.344355 
1.651518 	 2.466935 
1.678033 	 3.242661 
1.704814 	 3.005176 
1.731862 	 2.406361 
1.759181 	 2.163963 
1.786772 	 2.429475 
1.81464 	 2.999112 
1.842787 	 3.316661 
1.871214 	 3.19437 
1.899927 	 2.698004 
1.928926 	 2.2092 
1.958215 	 1.625778 
1.987797 	 1.038263 
2.017675 	 0.5666978 
2.047852 	 0.2626762 
2.07833 	 0.100828 
2.109114 	 0.030619 
2.140205 	 0.008938462 
2.171607 	 0.002683575 
2.203323 	 0.0008353086 
2.235356 	 0.0004095747 
2.26771 	 0.0002418401 
2.300387 	 0.0001549649 
2.333391 	 8.734311e-05 
2.366725 	 4.940633e-05 
2.400392 	 1.90631e-05 
2.434396 	 4.933649e-06 
2.46874 	 7.652163e-07 
2.503427 	 7.485623e-08 
2.538461 	 1.065111e-08 
2.573846 	 1.296709e-09 
2.609585 	 9.580099e-11 
2.64568 	 3.719783e-12 
2.682137 	 6.967171e-14 
2.718959 	 5.926993e-16 
2.756148 	 1.260438e-18 
2.79371 	 1.205456e-21 
2.831647 	 2.934304e-25 
2.869963 	 2.960802e-30 
2.908663 	 1.67176e-35 
2.947749 	 1.400684e-42 
2.987227 	 1.006981e-49 
3.027099 	 3.931344e-59 
3.06737 	 7.374836e-69 
3.108044 	 3.074458e-81 
3.149124 	 3.181546e-92 
3.190616 	 3.333626e-102 
3.232522 	 5.489242e-116 
3.274847 	 8.860704e-123 
3.317595 	 5.659869e-132 
3.360771 	 2.314841e-135 
3.404379 	 2.401683e-139 
3.448423 	 1.62633e-142 
3.492907 	 2.03092e-144 
3.537836 	 5.655101e-147 
3.583215 	 2.112985e-148 
3.629047 	 2.796913e-150 
3.675337 	 1.510998e-151 
3.722091 	 1.039339e-152 
3.769311 	 5.699603e-154 
3.817005 	 4.256898e-155 
3.865175 	 2.730905e-156 
3.913826 	 2.263352e-157 
3.962965 	 1.677098e-158 
4.012594 	 9.969672e-160 
4.06272 	 5.769656e-161 
4.113347 	 2.537769e-162 
4.164481 	 9.418023e-164 
4.216126 	 3.394999e-165 
4.268287 	 1.095237e-166 
4.32097 	 2.348053e-168 
4.37418 	 3.577152e-170 
4.427921 	 3.38723e-172 
4.482201 	 1.745354e-174 
4.537023 	 4.970691e-177 
4.592393 	 1.181577e-179 
4.648317 	 1.798575e-182 
4.7048 	 2.674327e-185 
4.761848 	 7.99606e-188 
4.819466 	 5.06267e-190 
4.877661 	 8.964513e-192 
4.936438 	 5.535501e-193 
4.995802 	 5.853409e-194 
5.05576 	 9.051105e-195 
5.116318 	 2.144577e-196 
5.177481 	 1.345456e-197 
5.239256 	 9.745492e-200 
5.301648 	 2.126614e-201 
5.364665 	 2.246416e-203 
5.428311 	 2.877765e-206 
5.492594 	 1.154325e-208 
5.55752 	 5.977859e-212 
5.623096 	 8.14155e-215 
5.689326 	 3.040138e-218 
5.75622 	 3.835329e-221 
5.823782 	 5.536385e-224 
5.89202 	 4.522836e-227 
5.96094 	 2.029147e-229 
