0.01 	 6.497422e-94 
0.0201 	 3.093862e-91 
0.030301 	 2.204494e-89 
0.040604 	 7.38589e-88 
0.05101 	 3.802195e-86 
0.06152 	 1.683949e-84 
0.072135 	 8.182058e-83 
0.082857 	 7.828334e-81 
0.093685 	 6.053161e-79 
0.104622 	 4.00735e-77 
0.115668 	 3.61182e-75 
0.126825 	 3.053624e-73 
0.138093 	 1.815368e-71 
0.149474 	 1.337305e-69 
0.160969 	 1.582002e-67 
0.172579 	 2.187566e-65 
0.184304 	 5.263308e-63 
0.196147 	 2.337802e-60 
0.208109 	 1.702903e-57 
0.22019 	 2.212756e-54 
0.232392 	 5.60468e-51 
0.244716 	 1.191776e-47 
0.257163 	 4.345056e-44 
0.269735 	 1.531409e-40 
0.282432 	 6.03416e-37 
0.295256 	 3.472399e-33 
0.308209 	 2.75808e-29 
0.321291 	 1.485711e-25 
0.334504 	 5.800018e-22 
0.347849 	 1.473959e-18 
0.361327 	 1.107789e-15 
0.374941 	 3.004449e-13 
0.38869 	 3.452566e-11 
0.402577 	 1.600869e-09 
0.416603 	 4.286518e-08 
0.430769 	 7.951065e-07 
0.445076 	 1.316643e-05 
0.459527 	 0.0002216051 
0.474123 	 0.003240681 
0.488864 	 0.03669637 
0.503752 	 0.2421122 
0.51879 	 0.8884567 
0.533978 	 1.866316 
0.549318 	 2.899024 
0.564811 	 4.130435 
0.580459 	 5.355117 
0.596263 	 6.363757 
0.612226 	 7.487928 
0.628348 	 7.852134 
0.644632 	 7.533043 
0.661078 	 6.496198 
0.677689 	 4.79929 
0.694466 	 3.051794 
0.71141 	 1.609283 
0.728525 	 0.737605 
0.74581 	 0.3105671 
0.763268 	 0.1266768 
0.780901 	 0.05687243 
0.79871 	 0.02897559 
0.816697 	 0.01658287 
0.834864 	 0.01019617 
0.853212 	 0.005982632 
0.871744 	 0.003581047 
0.890462 	 0.00202538 
0.909366 	 0.001171911 
0.92846 	 0.0006693343 
0.947745 	 0.0003740229 
0.967222 	 0.0002250377 
0.986894 	 0.0001358049 
1.006763 	 8.624312e-05 
1.026831 	 5.577955e-05 
1.047099 	 3.411265e-05 
1.06757 	 1.351243e-05 
1.088246 	 3.791759e-06 
1.109128 	 9.201774e-07 
1.13022 	 1.603799e-07 
1.151522 	 2.090564e-08 
1.173037 	 2.105169e-09 
1.194768 	 1.812753e-10 
1.216715 	 1.185951e-11 
1.238882 	 6.020443e-13 
1.261271 	 2.278398e-14 
1.283884 	 4.864228e-16 
1.306723 	 5.68188e-18 
1.32979 	 4.028255e-20 
1.353088 	 1.560003e-22 
1.376619 	 3.785212e-25 
1.400385 	 6.6599e-28 
1.424389 	 7.862966e-31 
1.448633 	 8.90846e-34 
1.473119 	 1.124391e-36 
1.49785 	 1.376831e-39 
1.522829 	 1.841164e-42 
1.548057 	 2.143995e-45 
1.573538 	 1.552813e-48 
1.599273 	 1.02491e-51 
1.625266 	 5.410359e-55 
1.651518 	 2.209626e-58 
1.678033 	 1.50045e-61 
1.704814 	 3.239554e-64 
1.731862 	 1.360718e-66 
1.759181 	 8.22726e-69 
1.786772 	 4.00323e-71 
1.81464 	 1.605029e-73 
1.842787 	 7.637944e-76 
1.871214 	 6.690178e-78 
1.899927 	 4.739153e-80 
1.928926 	 3.311916e-82 
1.958215 	 2.399421e-84 
1.987797 	 2.275747e-86 
2.017675 	 1.880483e-88 
2.047852 	 1.920816e-90 
2.07833 	 2.314108e-92 
2.109114 	 4.598114e-94 
2.140205 	 1.042386e-95 
2.171607 	 3.048508e-97 
2.203323 	 9.678858e-99 
2.235356 	 1.908317e-100 
2.26771 	 4.758131e-102 
2.300387 	 1.192089e-103 
2.333391 	 5.961032e-105 
2.366725 	 5.050129e-106 
2.400392 	 1.116977e-106 
2.434396 	 8.562119e-107 
2.46874 	 1.873236e-106 
2.503427 	 2.433507e-105 
2.538461 	 1.012412e-103 
2.573846 	 1.421189e-101 
2.609585 	 4.61349e-99 
2.64568 	 1.092222e-95 
2.682137 	 3.997838e-92 
2.718959 	 3.327102e-88 
2.756148 	 1.57419e-83 
2.79371 	 9.048961e-80 
2.831647 	 5.392954e-77 
2.869963 	 2.162452e-75 
2.908663 	 3.8864e-75 
2.947749 	 3.228008e-76 
2.987227 	 9.206763e-78 
3.027099 	 2.973067e-79 
3.06737 	 2.255141e-80 
3.108044 	 1.801479e-80 
3.149124 	 8.069061e-81 
3.190616 	 6.717951e-81 
3.232522 	 7.129716e-82 
3.274847 	 9.594616e-87 
3.317595 	 9.120321e-111 
3.360771 	 4.26081e-124 
3.404379 	 2.188801e-145 
3.448423 	 6.245851e-149 
3.492907 	 1.243341e-150 
3.537836 	 9.400158e-153 
3.583215 	 2.714071e-152 
3.629047 	 9.83534e-152 
3.675337 	 5.982666e-151 
3.722091 	 4.704597e-150 
3.769311 	 5.058593e-149 
3.817005 	 7.30038e-148 
3.865175 	 1.160016e-146 
3.913826 	 2.790979e-145 
3.962965 	 8.218109e-144 
4.012594 	 2.763194e-142 
4.06272 	 1.444035e-140 
4.113347 	 1.06136e-138 
4.164481 	 1.244837e-136 
4.216126 	 3.202866e-134 
4.268287 	 1.527988e-131 
4.32097 	 1.195976e-128 
4.37418 	 2.081381e-125 
4.427921 	 7.437178e-122 
4.482201 	 5.457681e-118 
4.537023 	 7.303105e-114 
4.592393 	 2.168268e-109 
4.648317 	 6.228309e-105 
4.7048 	 8.476369e-101 
4.761848 	 1.868152e-97 
4.819466 	 1.624478e-95 
4.877661 	 3.300602e-95 
4.936438 	 4.389207e-96 
4.995802 	 4.937197e-98 
5.05576 	 1.031374e-100 
5.116318 	 2.007322e-104 
5.177481 	 5.836988e-109 
5.239256 	 9.192504e-115 
5.301648 	 1.463677e-120 
5.364665 	 1.366065e-126 
5.428311 	 7.418336e-134 
5.492594 	 3.177152e-140 
5.55752 	 1.155897e-147 
5.623096 	 1.165992e-153 
5.689326 	 1.821062e-160 
5.75622 	 2.298988e-165 
5.823782 	 2.046463e-169 
5.89202 	 6.497741e-174 
5.96094 	 2.34321e-176 
