0.01 	 6.629729e-53 
0.0201 	 9.232377e-51 
0.030301 	 4.026419e-49 
0.040604 	 1.07182e-47 
0.05101 	 2.01853e-46 
0.06152 	 3.048023e-45 
0.072135 	 4.197031e-44 
0.082857 	 5.710754e-43 
0.093685 	 6.686872e-42 
0.104622 	 7.032009e-41 
0.115668 	 7.017499e-40 
0.126825 	 7.032694e-39 
0.138093 	 7.100274e-38 
0.149474 	 7.463261e-37 
0.160969 	 7.037811e-36 
0.172579 	 5.380096e-35 
0.184304 	 3.599662e-34 
0.196147 	 2.336786e-33 
0.208109 	 1.582038e-32 
0.22019 	 1.163748e-31 
0.232392 	 7.977248e-31 
0.244716 	 4.620094e-30 
0.257163 	 2.777825e-29 
0.269735 	 1.518778e-28 
0.282432 	 6.939206e-28 
0.295256 	 2.849262e-27 
0.308209 	 1.230448e-26 
0.321291 	 5.127082e-26 
0.334504 	 2.434813e-25 
0.347849 	 1.300069e-24 
0.361327 	 7.015355e-24 
0.374941 	 4.202475e-23 
0.38869 	 3.048056e-22 
0.402577 	 2.551652e-21 
0.416603 	 2.705427e-20 
0.430769 	 3.039253e-19 
0.445076 	 2.766042e-18 
0.459527 	 2.297826e-17 
0.474123 	 2.04807e-16 
0.488864 	 1.999521e-15 
0.503752 	 2.099918e-14 
0.51879 	 2.111527e-13 
0.533978 	 1.893406e-12 
0.549318 	 1.606533e-11 
0.564811 	 1.545445e-10 
0.580459 	 1.473925e-09 
0.596263 	 1.233023e-08 
0.612226 	 8.96995e-08 
0.628348 	 5.465818e-07 
0.644632 	 2.777834e-06 
0.661078 	 1.332487e-05 
0.677689 	 5.898118e-05 
0.694466 	 0.0002377107 
0.71141 	 0.0008308769 
0.728525 	 0.002391138 
0.74581 	 0.005647963 
0.763268 	 0.01192277 
0.780901 	 0.02505772 
0.79871 	 0.05647076 
0.816697 	 0.1342257 
0.834864 	 0.3036044 
0.853212 	 0.6429312 
0.871744 	 1.15888 
0.890462 	 1.884745 
0.909366 	 2.859757 
0.92846 	 3.957645 
0.947745 	 4.965192 
0.967222 	 5.752561 
0.986894 	 6.05972 
1.006763 	 6.120456 
1.026831 	 5.523423 
1.047099 	 4.342629 
1.06757 	 2.962089 
1.088246 	 1.808512 
1.109128 	 0.9999554 
1.13022 	 0.5143266 
1.151522 	 0.2554633 
1.173037 	 0.1235978 
1.194768 	 0.05271484 
1.216715 	 0.01912506 
1.238882 	 0.006384296 
1.261271 	 0.002046183 
1.283884 	 0.0006045522 
1.306723 	 0.0001473038 
1.32979 	 2.616134e-05 
1.353088 	 3.339392e-06 
1.376619 	 3.070632e-07 
1.400385 	 1.882741e-08 
1.424389 	 7.247464e-10 
1.448633 	 2.082193e-11 
1.473119 	 4.35835e-13 
1.49785 	 7.365398e-15 
1.522829 	 1.144158e-16 
1.548057 	 1.227832e-18 
1.573538 	 8.344218e-21 
1.599273 	 4.80404e-23 
1.625266 	 2.144632e-25 
1.651518 	 7.950797e-28 
1.678033 	 4.21762e-30 
1.704814 	 4.273451e-32 
1.731862 	 7.489056e-34 
1.759181 	 1.965404e-35 
1.786772 	 5.902963e-37 
1.81464 	 1.854153e-38 
1.842787 	 8.616919e-40 
1.871214 	 7.855712e-41 
1.899927 	 7.312874e-42 
1.928926 	 7.696506e-43 
1.958215 	 9.016671e-44 
1.987797 	 1.036394e-44 
2.017675 	 1.192365e-45 
2.047852 	 1.514294e-46 
2.07833 	 1.513328e-47 
2.109114 	 1.359622e-48 
2.140205 	 1.093156e-49 
2.171607 	 7.276626e-51 
2.203323 	 4.560372e-52 
2.235356 	 3.787631e-53 
2.26771 	 3.870094e-54 
2.300387 	 4.849309e-55 
2.333391 	 9.769916e-56 
2.366725 	 2.222288e-56 
2.400392 	 6.424262e-57 
2.434396 	 1.729564e-57 
2.46874 	 3.857566e-58 
2.503427 	 8.714233e-59 
2.538461 	 2.364122e-59 
2.573846 	 9.567764e-60 
2.609585 	 2.412446e-60 
2.64568 	 8.231967e-61 
2.682137 	 1.572922e-61 
2.718959 	 3.529204e-62 
2.756148 	 7.526073e-63 
2.79371 	 7.75179e-64 
2.831647 	 4.567441e-65 
2.869963 	 1.031239e-66 
2.908663 	 1.425379e-68 
2.947749 	 2.514135e-71 
2.987227 	 1.42426e-74 
3.027099 	 6.244917e-79 
3.06737 	 1.723459e-84 
3.108044 	 9.746204e-93 
3.149124 	 8.292647e-100 
3.190616 	 1.292035e-107 
3.232522 	 1.687768e-118 
3.274847 	 4.562818e-124 
3.317595 	 4.55482e-132 
3.360771 	 5.956632e-135 
3.404379 	 6.977546e-139 
3.448423 	 1.10613e-140 
3.492907 	 1.157756e-141 
3.537836 	 1.059912e-142 
3.583215 	 4.570845e-143 
3.629047 	 1.415052e-143 
3.675337 	 5.248831e-144 
3.722091 	 1.971129e-144 
3.769311 	 7.215154e-145 
3.817005 	 2.904718e-145 
3.865175 	 9.169355e-146 
3.913826 	 3.707945e-146 
3.962965 	 1.339796e-146 
4.012594 	 3.914625e-147 
4.06272 	 1.362244e-147 
4.113347 	 5.443781e-148 
4.164481 	 3.454014e-148 
4.216126 	 4.586125e-148 
4.268287 	 1.277531e-147 
4.32097 	 5.247434e-147 
4.37418 	 3.148153e-146 
4.427921 	 1.960604e-145 
4.482201 	 7.643013e-145 
4.537023 	 1.419067e-144 
4.592393 	 1.100001e-144 
4.648317 	 1.370113e-145 
4.7048 	 3.999179e-147 
4.761848 	 4.433411e-149 
4.819466 	 3.184876e-151 
4.877661 	 7.872704e-153 
4.936438 	 1.304836e-153 
4.995802 	 4.716264e-154 
5.05576 	 3.665161e-154 
5.116318 	 5.191869e-155 
5.177481 	 1.330498e-155 
5.239256 	 3.170944e-157 
5.301648 	 2.138288e-158 
5.364665 	 3.728371e-160 
5.428311 	 5.752954e-164 
5.492594 	 8.62073e-168 
5.55752 	 3.08227e-174 
5.623096 	 4.800899e-181 
5.689326 	 8.484214e-191 
5.75622 	 8.199896e-201 
5.823782 	 3.872421e-212 
5.89202 	 1.602184e-225 
5.96094 	 3.282728e-237 
