0.01 	 2.253438e-25 
0.0201 	 6.971159e-25 
0.030301 	 1.221667e-24 
0.040604 	 1.801767e-24 
0.05101 	 3.518544e-24 
0.06152 	 6.515032e-24 
0.072135 	 1.022224e-23 
0.082857 	 1.80374e-23 
0.093685 	 2.696438e-23 
0.104622 	 3.24211e-23 
0.115668 	 3.72496e-23 
0.126825 	 3.720813e-23 
0.138093 	 2.897821e-23 
0.149474 	 2.105915e-23 
0.160969 	 1.519386e-23 
0.172579 	 9.658454e-24 
0.184304 	 5.780731e-24 
0.196147 	 3.326918e-24 
0.208109 	 1.695063e-24 
0.22019 	 9.042726e-25 
0.232392 	 5.147657e-25 
0.244716 	 2.676095e-25 
0.257163 	 1.350141e-25 
0.269735 	 6.963431e-26 
0.282432 	 3.860195e-26 
0.295256 	 2.405931e-26 
0.308209 	 1.70453e-26 
0.321291 	 1.14926e-26 
0.334504 	 7.392303e-27 
0.347849 	 4.422965e-27 
0.361327 	 2.31924e-27 
0.374941 	 1.106185e-27 
0.38869 	 4.796147e-28 
0.402577 	 1.707638e-28 
0.416603 	 5.203854e-29 
0.430769 	 1.371922e-29 
0.445076 	 3.570849e-30 
0.459527 	 9.907495e-31 
0.474123 	 2.938849e-31 
0.488864 	 9.386225e-32 
0.503752 	 3.028447e-32 
0.51879 	 8.451909e-33 
0.533978 	 2.08298e-33 
0.549318 	 4.726239e-34 
0.564811 	 9.288939e-35 
0.580459 	 1.716491e-35 
0.596263 	 3.371456e-36 
0.612226 	 6.106201e-37 
0.628348 	 1.108079e-37 
0.644632 	 2.05204e-38 
0.661078 	 4.182964e-39 
0.677689 	 7.072081e-40 
0.694466 	 1.114736e-40 
0.71141 	 2.077917e-41 
0.728525 	 3.735777e-42 
0.74581 	 7.467194e-43 
0.763268 	 1.858614e-43 
0.780901 	 4.346584e-44 
0.79871 	 1.069269e-44 
0.816697 	 3.054905e-45 
0.834864 	 7.416592e-46 
0.853212 	 1.719541e-46 
0.871744 	 4.732254e-47 
0.890462 	 1.13146e-47 
0.909366 	 2.880315e-48 
0.92846 	 8.582333e-49 
0.947745 	 2.381184e-49 
0.967222 	 7.355622e-50 
0.986894 	 2.636038e-50 
1.006763 	 8.543673e-51 
1.026831 	 3.011497e-51 
1.047099 	 1.169376e-51 
1.06757 	 4.081796e-52 
1.088246 	 1.479275e-52 
1.109128 	 6.638949e-53 
1.13022 	 2.716707e-53 
1.151522 	 1.332839e-53 
1.173037 	 7.792418e-54 
1.194768 	 5.206064e-54 
1.216715 	 2.991323e-54 
1.238882 	 1.863903e-54 
1.261271 	 1.289769e-54 
1.283884 	 7.675446e-55 
1.306723 	 4.446173e-55 
1.32979 	 2.429213e-55 
1.353088 	 1.041774e-55 
1.376619 	 4.212232e-56 
1.400385 	 1.665269e-56 
1.424389 	 5.552005e-57 
1.448633 	 1.964395e-57 
1.473119 	 7.158721e-58 
1.49785 	 2.18253e-58 
1.522829 	 7.437099e-59 
1.548057 	 2.524984e-59 
1.573538 	 7.560689e-60 
1.599273 	 2.865727e-60 
1.625266 	 1.128879e-60 
1.651518 	 3.911726e-61 
1.678033 	 1.729885e-61 
1.704814 	 8.914217e-62 
1.731862 	 4.74858e-62 
1.759181 	 3.062826e-62 
1.786772 	 2.470362e-62 
1.81464 	 1.786997e-62 
1.842787 	 1.692156e-62 
1.871214 	 2.320837e-62 
1.899927 	 3.520536e-62 
1.928926 	 6.138484e-62 
1.958215 	 1.306715e-61 
1.987797 	 2.616337e-61 
2.017675 	 5.153559e-61 
2.047852 	 1.076743e-60 
2.07833 	 1.921604e-60 
2.109114 	 3.61703e-60 
2.140205 	 6.455579e-60 
2.171607 	 8.478059e-60 
2.203323 	 9.79753e-60 
2.235356 	 7.594927e-60 
2.26771 	 3.990951e-60 
2.300387 	 1.411448e-60 
2.333391 	 5.868641e-61 
2.366725 	 2.039293e-61 
2.400392 	 9.149488e-62 
2.434396 	 4.782708e-62 
2.46874 	 2.04726e-62 
2.503427 	 1.196649e-62 
2.538461 	 1.259735e-62 
2.573846 	 2.328979e-62 
2.609585 	 5.180909e-62 
2.64568 	 2.825116e-61 
2.682137 	 2.391522e-60 
2.718959 	 4.085246e-59 
2.756148 	 2.465763e-57 
2.79371 	 2.951179e-55 
2.831647 	 1.214913e-52 
2.869963 	 1.414125e-49 
2.908663 	 7.222784e-46 
2.947749 	 1.108832e-41 
2.987227 	 6.778297e-37 
3.027099 	 3.511306e-31 
3.06737 	 7.526171e-25 
3.108044 	 1.621549e-16 
3.149124 	 2.75393e-11 
3.190616 	 1.167861e-06 
3.232522 	 0.02413187 
3.274847 	 0.5853531 
3.317595 	 8.182405 
3.360771 	 10.12943 
3.404379 	 3.607602 
3.448423 	 0.491882 
3.492907 	 0.0649654 
3.537836 	 0.004932763 
3.583215 	 0.0002150095 
3.629047 	 7.673151e-06 
3.675337 	 2.701452e-07 
3.722091 	 7.548986e-09 
3.769311 	 1.458853e-10 
3.817005 	 2.350343e-12 
3.865175 	 1.890493e-14 
3.913826 	 2.838639e-16 
3.962965 	 3.674435e-18 
4.012594 	 3.757971e-20 
4.06272 	 3.647438e-22 
4.113347 	 3.158983e-24 
4.164481 	 2.267291e-26 
4.216126 	 1.041639e-28 
4.268287 	 5.491243e-31 
4.32097 	 1.808349e-33 
4.37418 	 3.019657e-36 
4.427921 	 4.337263e-39 
4.482201 	 3.75038e-42 
4.537023 	 1.808195e-45 
4.592393 	 6.885593e-49 
4.648317 	 9.28947e-53 
4.7048 	 7.26147e-57 
4.761848 	 8.72155e-61 
4.819466 	 1.865946e-64 
4.877661 	 7.845936e-68 
4.936438 	 6.425236e-71 
4.995802 	 3.656153e-73 
5.05576 	 1.988286e-75 
5.116318 	 5.335862e-80 
5.177481 	 7.820381e-83 
5.239256 	 1.976573e-87 
5.301648 	 1.242361e-90 
5.364665 	 2.715322e-94 
5.428311 	 1.589517e-99 
5.492594 	 4.710961e-103 
5.55752 	 2.695842e-108 
5.623096 	 3.817341e-112 
5.689326 	 2.623233e-117 
5.75622 	 2.895495e-121 
5.823782 	 2.099207e-125 
5.89202 	 1.819227e-130 
5.96094 	 2.644596e-134 
