0.01 	 6.197921e-34 
0.0201 	 1.670565e-32 
0.030301 	 1.412306e-31 
0.040604 	 6.400655e-31 
0.05101 	 1.999535e-30 
0.06152 	 6.055374e-30 
0.072135 	 2.073209e-29 
0.082857 	 8.545707e-29 
0.093685 	 3.781089e-28 
0.104622 	 1.669326e-27 
0.115668 	 8.434171e-27 
0.126825 	 4.127025e-26 
0.138093 	 1.93576e-25 
0.149474 	 9.083699e-25 
0.160969 	 3.886512e-24 
0.172579 	 1.377812e-23 
0.184304 	 4.372917e-23 
0.196147 	 1.348953e-22 
0.208109 	 4.335411e-22 
0.22019 	 1.484408e-21 
0.232392 	 4.923974e-21 
0.244716 	 1.564221e-20 
0.257163 	 5.188655e-20 
0.269735 	 1.713139e-19 
0.282432 	 5.391109e-19 
0.295256 	 1.656123e-18 
0.308209 	 5.430309e-18 
0.321291 	 1.836266e-17 
0.334504 	 6.83971e-17 
0.347849 	 2.72342e-16 
0.361327 	 1.09843e-15 
0.374941 	 4.705921e-15 
0.38869 	 2.219089e-14 
0.402577 	 1.182223e-13 
0.416603 	 7.453061e-13 
0.430769 	 4.593281e-12 
0.445076 	 2.27014e-11 
0.459527 	 9.774523e-11 
0.474123 	 3.997934e-10 
0.488864 	 1.643982e-09 
0.503752 	 7.004028e-09 
0.51879 	 2.888469e-08 
0.533978 	 1.055248e-07 
0.549318 	 3.410133e-07 
0.564811 	 1.139586e-06 
0.580459 	 3.878348e-06 
0.596263 	 1.238104e-05 
0.612226 	 3.694635e-05 
0.628348 	 0.0001025149 
0.644632 	 0.0002747356 
0.661078 	 0.0007867095 
0.677689 	 0.002166206 
0.694466 	 0.005655631 
0.71141 	 0.0132377 
0.728525 	 0.02486573 
0.74581 	 0.03752837 
0.763268 	 0.05138085 
0.780901 	 0.07206249 
0.79871 	 0.1096362 
0.816697 	 0.1808677 
0.834864 	 0.2991121 
0.853212 	 0.5114381 
0.871744 	 0.8431451 
0.890462 	 1.35509 
0.909366 	 2.192767 
0.92846 	 3.400359 
0.947745 	 4.575882 
0.967222 	 5.475991 
0.986894 	 6.218969 
1.006763 	 6.65312 
1.026831 	 6.229923 
1.047099 	 4.943464 
1.06757 	 3.323963 
1.088246 	 1.963415 
1.109128 	 1.039403 
1.13022 	 0.5002548 
1.151522 	 0.230711 
1.173037 	 0.1019898 
1.194768 	 0.04008961 
1.216715 	 0.01396619 
1.238882 	 0.004919484 
1.261271 	 0.001937244 
1.283884 	 0.0008388883 
1.306723 	 0.0003594263 
1.32979 	 0.000134576 
1.353088 	 4.223632e-05 
1.376619 	 1.109725e-05 
1.400385 	 2.309141e-06 
1.424389 	 3.51079e-07 
1.448633 	 4.225426e-08 
1.473119 	 3.970284e-09 
1.49785 	 3.318104e-10 
1.522829 	 2.766023e-11 
1.548057 	 1.802073e-12 
1.573538 	 8.327295e-14 
1.599273 	 3.248974e-15 
1.625266 	 9.820015e-17 
1.651518 	 2.479324e-18 
1.678033 	 7.398593e-20 
1.704814 	 3.340002e-21 
1.731862 	 2.378154e-22 
1.759181 	 2.590237e-23 
1.786772 	 3.59553e-24 
1.81464 	 5.855236e-25 
1.842787 	 1.376861e-25 
1.871214 	 5.723651e-26 
1.899927 	 2.773668e-26 
1.928926 	 1.597757e-26 
1.958215 	 9.765179e-27 
1.987797 	 5.132382e-27 
2.017675 	 2.292151e-27 
2.047852 	 9.286435e-28 
2.07833 	 2.533949e-28 
2.109114 	 4.767158e-29 
2.140205 	 6.904365e-30 
2.171607 	 7.301902e-31 
2.203323 	 6.306766e-32 
2.235356 	 8.437458e-33 
2.26771 	 1.239519e-33 
2.300387 	 2.142424e-34 
2.333391 	 4.675842e-35 
2.366725 	 1.097011e-35 
2.400392 	 2.651825e-36 
2.434396 	 4.953394e-37 
2.46874 	 5.676946e-38 
2.503427 	 6.023697e-39 
2.538461 	 1.139433e-39 
2.573846 	 3.196064e-40 
2.609585 	 5.967747e-41 
2.64568 	 1.167137e-41 
2.682137 	 1.412129e-42 
2.718959 	 1.789736e-43 
2.756148 	 1.854967e-44 
2.79371 	 9.948257e-46 
2.831647 	 2.582822e-47 
2.869963 	 1.654304e-49 
2.908663 	 3.947409e-52 
2.947749 	 5.454356e-56 
2.987227 	 8.273707e-61 
3.027099 	 1.544374e-67 
3.06737 	 8.540685e-77 
3.108044 	 2.804017e-91 
3.149124 	 1.083268e-105 
3.190616 	 2.088735e-122 
3.232522 	 2.363272e-147 
3.274847 	 2.316813e-160 
3.317595 	 1.505547e-177 
3.360771 	 1.785266e-182 
3.404379 	 2.867541e-188 
3.448423 	 3.849126e-191 
3.492907 	 1.98066e-192 
3.537836 	 3.466051e-194 
3.583215 	 1.704446e-194 
3.629047 	 2.01194e-195 
3.675337 	 7.963766e-196 
3.722091 	 3.162629e-196 
3.769311 	 8.753898e-197 
3.817005 	 3.226096e-197 
3.865175 	 7.815096e-198 
3.913826 	 2.412989e-198 
3.962965 	 5.942817e-199 
4.012594 	 1.02495e-199 
4.06272 	 1.897159e-200 
4.113347 	 3.067225e-201 
4.164481 	 5.93109e-202 
4.216126 	 1.583138e-202 
4.268287 	 6.033555e-203 
4.32097 	 2.306283e-203 
4.37418 	 8.570859e-204 
4.427921 	 2.218932e-204 
4.482201 	 2.388977e-205 
4.537023 	 9.331736e-207 
4.592393 	 1.181102e-208 
4.648317 	 2.611417e-211 
4.7048 	 1.797014e-214 
4.761848 	 7.867824e-218 
4.819466 	 4.692923e-221 
4.877661 	 1.740776e-223 
4.936438 	 6.474375e-225 
4.995802 	 7.801486e-226 
5.05576 	 2.340579e-226 
5.116318 	 5.314746e-228 
5.177481 	 4.933891e-229 
5.239256 	 1.906514e-231 
5.301648 	 4.070873e-233 
5.364665 	 2.291822e-235 
5.428311 	 7.556077e-240 
5.492594 	 5.474646e-244 
5.55752 	 8.788541e-251 
5.623096 	 1.651466e-257 
5.689326 	 4.470244e-267 
5.75622 	 1.275089e-276 
5.823782 	 2.358691e-287 
5.89202 	 4.182625e-300 
5.96094 	 4.155916e-311 
