0.01 	 1.228434e-08 
0.0201 	 1.115075e-08 
0.030301 	 6.166777e-09 
0.040604 	 2.88851e-09 
0.05101 	 1.436465e-09 
0.06152 	 8.673996e-10 
0.072135 	 8.101535e-10 
0.082857 	 1.110919e-09 
0.093685 	 1.606557e-09 
0.104622 	 1.961684e-09 
0.115668 	 3.386545e-09 
0.126825 	 4.711415e-09 
0.138093 	 6.403132e-09 
0.149474 	 8.623932e-09 
0.160969 	 1.087746e-08 
0.172579 	 1.277956e-08 
0.184304 	 1.473319e-08 
0.196147 	 1.586019e-08 
0.208109 	 1.616502e-08 
0.22019 	 1.863079e-08 
0.232392 	 2.611484e-08 
0.244716 	 4.002933e-08 
0.257163 	 6.578526e-08 
0.269735 	 9.569444e-08 
0.282432 	 1.007578e-07 
0.295256 	 7.728174e-08 
0.308209 	 5.556729e-08 
0.321291 	 5.144114e-08 
0.334504 	 6.570738e-08 
0.347849 	 1.04175e-07 
0.361327 	 1.997391e-07 
0.374941 	 5.098828e-07 
0.38869 	 1.825433e-06 
0.402577 	 9.05104e-06 
0.416603 	 5.59238e-05 
0.430769 	 0.0002742975 
0.445076 	 0.0007909003 
0.459527 	 0.001560765 
0.474123 	 0.002553258 
0.488864 	 0.003702731 
0.503752 	 0.005193618 
0.51879 	 0.007178881 
0.533978 	 0.006354044 
0.549318 	 0.002962058 
0.564811 	 0.001975434 
0.580459 	 0.002360866 
0.596263 	 0.003477243 
0.612226 	 0.006509623 
0.628348 	 0.01698686 
0.644632 	 0.05905721 
0.661078 	 0.1938181 
0.677689 	 0.5566421 
0.694466 	 1.095726 
0.71141 	 1.352522 
0.728525 	 1.349429 
0.74581 	 1.419297 
0.763268 	 1.592648 
0.780901 	 1.731152 
0.79871 	 1.746663 
0.816697 	 1.9638 
0.834864 	 2.958836 
0.853212 	 5.764135 
0.871744 	 10.61506 
0.890462 	 9.206313 
0.909366 	 5.956207 
0.92846 	 3.429852 
0.947745 	 1.703166 
0.967222 	 0.7867675 
0.986894 	 0.3583836 
1.006763 	 0.1504327 
1.026831 	 0.06297084 
1.047099 	 0.02636591 
1.06757 	 0.01037319 
1.088246 	 0.004081075 
1.109128 	 0.00145284 
1.13022 	 0.0002993628 
1.151522 	 3.710253e-05 
1.173037 	 8.520915e-06 
1.194768 	 2.7331e-06 
1.216715 	 9.486805e-07 
1.238882 	 3.219722e-07 
1.261271 	 1.037488e-07 
1.283884 	 2.585306e-08 
1.306723 	 6.00985e-09 
1.32979 	 1.805545e-09 
1.353088 	 7.033489e-10 
1.376619 	 5.01167e-10 
1.400385 	 4.889528e-10 
1.424389 	 3.569476e-10 
1.448633 	 2.054205e-10 
1.473119 	 1.189733e-10 
1.49785 	 9.598575e-11 
1.522829 	 1.332443e-10 
1.548057 	 2.216415e-10 
1.573538 	 8.840066e-10 
1.599273 	 2.282804e-09 
1.625266 	 1.735358e-09 
1.651518 	 1.351022e-09 
1.678033 	 1.429001e-09 
1.704814 	 1.342779e-09 
1.731862 	 1.196472e-09 
1.759181 	 1.21411e-09 
1.786772 	 8.458549e-10 
1.81464 	 2.412344e-10 
1.842787 	 9.033858e-11 
1.871214 	 4.761053e-11 
1.899927 	 2.242202e-11 
1.928926 	 9.291831e-12 
1.958215 	 3.629758e-12 
1.987797 	 9.851255e-13 
2.017675 	 2.155577e-13 
2.047852 	 4.989602e-14 
2.07833 	 6.034421e-15 
2.109114 	 3.123502e-16 
2.140205 	 2.443376e-17 
2.171607 	 1.886924e-18 
2.203323 	 1.316406e-19 
2.235356 	 1.753205e-20 
2.26771 	 3.714973e-21 
2.300387 	 8.946536e-22 
2.333391 	 5.180099e-22 
2.366725 	 7.321947e-21 
2.400392 	 1.498657e-19 
2.434396 	 2.332211e-20 
2.46874 	 1.340224e-21 
2.503427 	 3.493826e-23 
2.538461 	 1.250912e-25 
2.573846 	 1.287067e-28 
2.609585 	 1.257801e-32 
2.64568 	 3.484723e-37 
2.682137 	 9.724966e-43 
2.718959 	 3.780776e-49 
2.756148 	 2.106466e-57 
2.79371 	 4.526669e-66 
2.831647 	 2.63879e-75 
2.869963 	 2.161006e-86 
2.908663 	 2.015831e-96 
2.947749 	 1.502294e-111 
2.987227 	 7.907292e-124 
3.027099 	 6.229444e-142 
3.06737 	 8.030533e-158 
3.108044 	 2.480014e-178 
3.149124 	 2.088969e-196 
3.190616 	 1.167001e-211 
3.232522 	 9.24991e-235 
3.274847 	 3.910713e-246 
3.317595 	 7.251186e-265 
3.360771 	 9.487847e-272 
3.404379 	 3.109829e-282 
3.448423 	 8.190576e-291 
3.492907 	 6.847636e-297 
3.537836 	 1.618012e-304 
3.583215 	 8.665789e-309 
3.629047 	 4.88330500204e-315 
3.675337 	 4.30825243174e-321 
3.722091 	 0.0 
3.769311 	 0.0 
3.817005 	 0.0 
3.865175 	 0.0 
3.913826 	 0.0 
3.962965 	 0.0 
4.012594 	 0.0 
4.06272 	 0.0 
4.113347 	 0.0 
4.164481 	 0.0 
4.216126 	 0.0 
4.268287 	 0.0 
4.32097 	 0.0 
4.37418 	 0.0 
4.427921 	 0.0 
4.482201 	 0.0 
4.537023 	 0.0 
4.592393 	 0.0 
4.648317 	 0.0 
4.7048 	 0.0 
4.761848 	 0.0 
4.819466 	 0.0 
4.877661 	 0.0 
4.936438 	 0.0 
4.995802 	 0.0 
5.05576 	 0.0 
5.116318 	 0.0 
5.177481 	 0.0 
5.239256 	 0.0 
5.301648 	 0.0 
5.364665 	 0.0 
5.428311 	 0.0 
5.492594 	 0.0 
5.55752 	 0.0 
5.623096 	 0.0 
5.689326 	 0.0 
5.75622 	 0.0 
5.823782 	 0.0 
5.89202 	 0.0 
5.96094 	 0.0 
