0.01 	 1.823153e-08 
0.0201 	 4.175183e-08 
0.030301 	 5.99033e-08 
0.040604 	 7.072277e-08 
0.05101 	 7.915228e-08 
0.06152 	 9.071135e-08 
0.072135 	 1.129261e-07 
0.082857 	 1.536908e-07 
0.093685 	 2.155915e-07 
0.104622 	 2.907192e-07 
0.115668 	 3.98519e-07 
0.126825 	 5.32341e-07 
0.138093 	 7.009867e-07 
0.149474 	 9.302261e-07 
0.160969 	 1.204151e-06 
0.172579 	 1.455865e-06 
0.184304 	 1.664679e-06 
0.196147 	 1.934301e-06 
0.208109 	 2.414851e-06 
0.22019 	 3.294292e-06 
0.232392 	 4.820579e-06 
0.244716 	 7.207923e-06 
0.257163 	 1.154412e-05 
0.269735 	 1.875967e-05 
0.282432 	 2.899021e-05 
0.295256 	 4.317138e-05 
0.308209 	 6.157342e-05 
0.321291 	 8.579835e-05 
0.334504 	 0.000122467 
0.347849 	 0.0001810987 
0.361327 	 0.0002791289 
0.374941 	 0.0004861455 
0.38869 	 0.000873536 
0.402577 	 0.001626149 
0.416603 	 0.003161777 
0.430769 	 0.006048082 
0.445076 	 0.01091626 
0.459527 	 0.01891034 
0.474123 	 0.0317132 
0.488864 	 0.05000527 
0.503752 	 0.07428895 
0.51879 	 0.1077686 
0.533978 	 0.1494595 
0.549318 	 0.2069617 
0.564811 	 0.3054474 
0.580459 	 0.4600464 
0.596263 	 0.6830018 
0.612226 	 1.023202 
0.628348 	 1.551077 
0.644632 	 2.334768 
0.661078 	 3.320363 
0.677689 	 4.335639 
0.694466 	 5.281092 
0.71141 	 6.087806 
0.728525 	 6.817775 
0.74581 	 6.792133 
0.763268 	 5.844257 
0.780901 	 4.402165 
0.79871 	 3.011021 
0.816697 	 1.929051 
0.834864 	 1.182982 
0.853212 	 0.7008775 
0.871744 	 0.423264 
0.890462 	 0.2679142 
0.909366 	 0.1836085 
0.92846 	 0.1340417 
0.947745 	 0.100101 
0.967222 	 0.07643317 
0.986894 	 0.05974047 
1.006763 	 0.04637709 
1.026831 	 0.03619972 
1.047099 	 0.02906071 
1.06757 	 0.02363214 
1.088246 	 0.02007832 
1.109128 	 0.0176382 
1.13022 	 0.01490834 
1.151522 	 0.01216314 
1.173037 	 0.009482379 
1.194768 	 0.007062422 
1.216715 	 0.004733241 
1.238882 	 0.002945166 
1.261271 	 0.001794814 
1.283884 	 0.0009870528 
1.306723 	 0.0004653856 
1.32979 	 0.0001919865 
1.353088 	 6.498698e-05 
1.376619 	 2.016617e-05 
1.400385 	 5.358939e-06 
1.424389 	 1.103145e-06 
1.448633 	 1.887502e-07 
1.473119 	 2.797433e-08 
1.49785 	 3.701357e-09 
1.522829 	 4.713106e-10 
1.548057 	 4.841636e-11 
1.573538 	 3.847686e-12 
1.599273 	 2.987447e-13 
1.625266 	 2.199943e-14 
1.651518 	 1.513129e-15 
1.678033 	 1.341903e-16 
1.704814 	 2.168025e-17 
1.731862 	 5.569427e-18 
1.759181 	 2.075069e-18 
1.786772 	 9.776771e-19 
1.81464 	 6.654154e-19 
1.842787 	 8.809963e-19 
1.871214 	 2.656137e-18 
1.899927 	 1.295215e-17 
1.928926 	 9.694036e-17 
1.958215 	 9.207161e-16 
1.987797 	 9.657506e-15 
2.017675 	 9.60525e-14 
2.047852 	 7.386527e-13 
2.07833 	 1.505162e-12 
2.109114 	 9.55655e-13 
2.140205 	 5.21484e-13 
2.171607 	 2.705881e-13 
2.203323 	 1.325043e-13 
2.235356 	 6.410222e-14 
2.26771 	 2.790643e-14 
2.300387 	 1.094807e-14 
2.333391 	 4.679093e-15 
2.366725 	 2.046569e-15 
2.400392 	 9.708594e-16 
2.434396 	 4.200815e-16 
2.46874 	 1.492328e-16 
2.503427 	 5.349324e-17 
2.538461 	 2.263821e-17 
2.573846 	 1.070445e-17 
2.609585 	 4.35419e-18 
2.64568 	 2.026325e-18 
2.682137 	 7.649225e-19 
2.718959 	 2.782262e-19 
2.756148 	 8.809365e-20 
2.79371 	 1.774491e-20 
2.831647 	 2.486928e-21 
2.869963 	 1.461693e-22 
2.908663 	 5.098353e-24 
2.947749 	 2.02557e-26 
2.987227 	 1.091576e-29 
3.027099 	 1.169467e-34 
3.06737 	 5.156169e-43 
3.108044 	 2.43629e-57 
3.149124 	 1.225995e-76 
3.190616 	 1.91808e-104 
3.232522 	 1.617856e-154 
3.274847 	 1.301354e-188 
3.317595 	 5.874552e-232 
3.360771 	 5.764784e-245 
3.404379 	 3.100974e-261 
3.448423 	 2.829659e-266 
3.492907 	 2.02167e-269 
3.537836 	 9.187674e-273 
3.583215 	 7.263762e-273 
3.629047 	 2.186744e-274 
3.675337 	 4.368922e-274 
3.722091 	 6.466297e-274 
3.769311 	 1.144413e-273 
3.817005 	 3.196511e-273 
3.865175 	 1.062791e-272 
3.913826 	 5.437751e-272 
3.962965 	 2.890383e-271 
4.012594 	 1.928432e-270 
4.06272 	 1.710238e-269 
4.113347 	 1.896287e-268 
4.164481 	 3.120763e-267 
4.216126 	 8.620166e-266 
4.268287 	 3.278092e-264 
4.32097 	 1.598567e-262 
4.37418 	 9.953304e-261 
4.427921 	 6.237109e-259 
4.482201 	 3.565014e-257 
4.537023 	 1.308691e-255 
4.592393 	 2.030775e-254 
4.648317 	 5.584464e-254 
4.7048 	 1.283138e-254 
4.761848 	 1.28504e-256 
4.819466 	 7.067607e-260 
4.877661 	 7.638124e-264 
4.936438 	 4.079196e-268 
4.995802 	 8.892068e-273 
5.05576 	 1.227914e-277 
5.116318 	 6.754225e-284 
5.177481 	 7.970273e-290 
5.239256 	 1.905875e-297 
5.301648 	 8.378604e-304 
5.364665 	 5.449368e-310 
5.428311 	 4.80912630218e-318 
5.492594 	 0.0 
5.55752 	 0.0 
5.623096 	 0.0 
5.689326 	 0.0 
5.75622 	 0.0 
5.823782 	 0.0 
5.89202 	 0.0 
5.96094 	 0.0 
