0.01 	 2.344341e-10 
0.0201 	 8.535378e-10 
0.030301 	 2.044838e-09 
0.040604 	 3.88318e-09 
0.05101 	 5.779383e-09 
0.06152 	 6.648164e-09 
0.072135 	 6.780304e-09 
0.082857 	 6.551908e-09 
0.093685 	 6.884349e-09 
0.104622 	 7.986252e-09 
0.115668 	 1.176344e-08 
0.126825 	 1.658105e-08 
0.138093 	 2.240245e-08 
0.149474 	 2.999223e-08 
0.160969 	 4.285178e-08 
0.172579 	 7.509006e-08 
0.184304 	 1.533891e-07 
0.196147 	 2.534065e-07 
0.208109 	 3.17878e-07 
0.22019 	 3.441062e-07 
0.232392 	 3.251277e-07 
0.244716 	 2.577417e-07 
0.257163 	 1.946193e-07 
0.269735 	 1.450229e-07 
0.282432 	 1.171201e-07 
0.295256 	 1.173041e-07 
0.308209 	 1.355436e-07 
0.321291 	 1.598039e-07 
0.334504 	 1.93461e-07 
0.347849 	 2.212337e-07 
0.361327 	 2.100898e-07 
0.374941 	 1.600673e-07 
0.38869 	 1.133163e-07 
0.402577 	 8.723398e-08 
0.416603 	 6.837042e-08 
0.430769 	 5.355663e-08 
0.445076 	 4.48658e-08 
0.459527 	 4.290652e-08 
0.474123 	 4.237144e-08 
0.488864 	 4.28657e-08 
0.503752 	 4.426863e-08 
0.51879 	 4.591712e-08 
0.533978 	 4.430101e-08 
0.549318 	 3.39007e-08 
0.564811 	 2.478994e-08 
0.580459 	 2.342305e-08 
0.596263 	 2.784806e-08 
0.612226 	 4.136784e-08 
0.628348 	 7.486796e-08 
0.644632 	 1.188935e-07 
0.661078 	 1.369667e-07 
0.677689 	 1.387945e-07 
0.694466 	 1.509492e-07 
0.71141 	 1.737669e-07 
0.728525 	 1.754312e-07 
0.74581 	 1.604235e-07 
0.763268 	 1.429997e-07 
0.780901 	 1.082114e-07 
0.79871 	 6.553575e-08 
0.816697 	 3.879225e-08 
0.834864 	 2.69301e-08 
0.853212 	 1.864973e-08 
0.871744 	 1.114798e-08 
0.890462 	 8.435642e-09 
0.909366 	 7.84826e-09 
0.92846 	 7.821042e-09 
0.947745 	 8.07868e-09 
0.967222 	 8.351134e-09 
0.986894 	 8.577401e-09 
1.006763 	 8.188035e-09 
1.026831 	 6.853821e-09 
1.047099 	 4.834596e-09 
1.06757 	 3.076391e-09 
1.088246 	 2.131723e-09 
1.109128 	 2.180353e-09 
1.13022 	 4.044396e-09 
1.151522 	 9.796247e-09 
1.173037 	 2.100724e-08 
1.194768 	 3.881955e-08 
1.216715 	 5.877889e-08 
1.238882 	 6.883049e-08 
1.261271 	 8.62806e-08 
1.283884 	 1.114222e-07 
1.306723 	 1.529364e-07 
1.32979 	 2.69891e-07 
1.353088 	 5.662794e-07 
1.376619 	 1.238615e-06 
1.400385 	 2.378617e-06 
1.424389 	 3.868842e-06 
1.448633 	 6.991358e-06 
1.473119 	 1.503807e-05 
1.49785 	 3.366918e-05 
1.522829 	 8.748068e-05 
1.548057 	 0.0002521529 
1.573538 	 0.0005729173 
1.599273 	 0.0012214 
1.625266 	 0.002779568 
1.651518 	 0.005987224 
1.678033 	 0.01160482 
1.704814 	 0.01870254 
1.731862 	 0.02614386 
1.759181 	 0.03755723 
1.786772 	 0.06608041 
1.81464 	 0.1192774 
1.842787 	 0.1750121 
1.871214 	 0.2359701 
1.899927 	 0.3429619 
1.928926 	 0.5570485 
1.958215 	 0.9792922 
1.987797 	 1.740965 
2.017675 	 2.895562 
2.047852 	 4.284462 
2.07833 	 5.067775 
2.109114 	 4.691489 
2.140205 	 3.87438 
2.171607 	 2.690973 
2.203323 	 1.732015 
2.235356 	 1.167681 
2.26771 	 0.7591916 
2.300387 	 0.4525233 
2.333391 	 0.245264 
2.366725 	 0.1488531 
2.400392 	 0.08524208 
2.434396 	 0.03829668 
2.46874 	 0.01323113 
2.503427 	 0.004288677 
2.538461 	 0.001439341 
2.573846 	 0.0004061736 
2.609585 	 8.748049e-05 
2.64568 	 1.508633e-05 
2.682137 	 1.702358e-06 
2.718959 	 9.498287e-08 
2.756148 	 8.549595e-10 
2.79371 	 7.872951e-13 
2.831647 	 9.252766e-17 
2.869963 	 1.266454e-22 
2.908663 	 8.655454e-30 
2.947749 	 3.560322e-40 
2.987227 	 8.706387e-52 
3.027099 	 1.402225e-67 
3.06737 	 9.058789e-86 
3.108044 	 1.051353e-109 
3.149124 	 1.038994e-131 
3.190616 	 1.178425e-152 
3.232522 	 1.335741e-181 
3.274847 	 3.299538e-197 
3.317595 	 4.032153e-220 
3.360771 	 5.735061e-229 
3.404379 	 7.241692e-241 
3.448423 	 3.110834e-248 
3.492907 	 6.622488e-254 
3.537836 	 3.910092e-261 
3.583215 	 2.730001e-265 
3.629047 	 1.703506e-270 
3.675337 	 3.43496e-275 
3.722091 	 4.050027e-279 
3.769311 	 6.316725e-284 
3.817005 	 1.356906e-287 
3.865175 	 4.185155e-292 
3.913826 	 1.62067e-295 
3.962965 	 5.899977e-299 
4.012594 	 2.980592e-303 
4.06272 	 1.316031e-306 
4.113347 	 1.452604e-310 
4.164481 	 1.01304499999e-313 
4.216126 	 2.47563400018e-317 
4.268287 	 2.34038896435e-320 
4.32097 	 0.0 
4.37418 	 0.0 
4.427921 	 0.0 
4.482201 	 0.0 
4.537023 	 0.0 
4.592393 	 0.0 
4.648317 	 0.0 
4.7048 	 0.0 
4.761848 	 0.0 
4.819466 	 0.0 
4.877661 	 0.0 
4.936438 	 0.0 
4.995802 	 0.0 
5.05576 	 0.0 
5.116318 	 0.0 
5.177481 	 0.0 
5.239256 	 0.0 
5.301648 	 0.0 
5.364665 	 0.0 
5.428311 	 0.0 
5.492594 	 0.0 
5.55752 	 0.0 
5.623096 	 0.0 
5.689326 	 0.0 
5.75622 	 0.0 
5.823782 	 0.0 
5.89202 	 0.0 
5.96094 	 0.0 
