0.01 	 4.760073e-38 
0.0201 	 6.110685e-37 
0.030301 	 2.834099e-36 
0.040604 	 7.788604e-36 
0.05101 	 1.644921e-35 
0.06152 	 3.819097e-35 
0.072135 	 1.117507e-34 
0.082857 	 4.204631e-34 
0.093685 	 1.737733e-33 
0.104622 	 7.237652e-33 
0.115668 	 3.55032e-32 
0.126825 	 1.666902e-31 
0.138093 	 7.56152e-31 
0.149474 	 3.524117e-30 
0.160969 	 1.509379e-29 
0.172579 	 5.502188e-29 
0.184304 	 1.848213e-28 
0.196147 	 6.083452e-28 
0.208109 	 2.136955e-27 
0.22019 	 8.218853e-27 
0.232392 	 3.078224e-26 
0.244716 	 1.105415e-25 
0.257163 	 4.190255e-25 
0.269735 	 1.549675e-24 
0.282432 	 5.343225e-24 
0.295256 	 1.765136e-23 
0.308209 	 6.189491e-23 
0.321291 	 2.252849e-22 
0.334504 	 9.269688e-22 
0.347849 	 4.114612e-21 
0.361327 	 1.871485e-20 
0.374941 	 9.334634e-20 
0.38869 	 5.379371e-19 
0.402577 	 3.703354e-18 
0.416603 	 3.186037e-17 
0.430769 	 2.695022e-16 
0.445076 	 1.756123e-15 
0.459527 	 9.778485e-15 
0.474123 	 5.188965e-14 
0.488864 	 2.849773e-13 
0.503752 	 1.699846e-12 
0.51879 	 1.01365e-11 
0.533978 	 5.555753e-11 
0.549318 	 2.996752e-10 
0.564811 	 1.777502e-09 
0.580459 	 1.208062e-08 
0.596263 	 7.558581e-08 
0.612226 	 4.262893e-07 
0.628348 	 2.162945e-06 
0.644632 	 1.020103e-05 
0.661078 	 4.866534e-05 
0.677689 	 0.0002258337 
0.694466 	 0.0009847846 
0.71141 	 0.003797485 
0.728525 	 0.0117274 
0.74581 	 0.02958605 
0.763268 	 0.06610467 
0.780901 	 0.1376439 
0.79871 	 0.2687764 
0.816697 	 0.487052 
0.834864 	 0.8176331 
0.853212 	 1.323122 
0.871744 	 2.067053 
0.890462 	 2.941608 
0.909366 	 3.918039 
0.92846 	 4.995483 
0.947745 	 5.922144 
0.967222 	 6.400718 
0.986894 	 6.322206 
1.006763 	 5.626366 
1.026831 	 4.325968 
1.047099 	 2.795953 
1.06757 	 1.528585 
1.088246 	 0.7231847 
1.109128 	 0.3052551 
1.13022 	 0.1187329 
1.151522 	 0.04537021 
1.173037 	 0.01706036 
1.194768 	 0.005621766 
1.216715 	 0.001636616 
1.238882 	 0.0004911395 
1.261271 	 0.0001659016 
1.283884 	 6.280546e-05 
1.306723 	 2.456976e-05 
1.32979 	 8.514678e-06 
1.353088 	 2.522196e-06 
1.376619 	 6.499932e-07 
1.400385 	 1.341456e-07 
1.424389 	 2.047103e-08 
1.448633 	 2.50481e-09 
1.473119 	 2.321938e-10 
1.49785 	 1.88334e-11 
1.522829 	 1.505269e-12 
1.548057 	 9.228681e-14 
1.573538 	 4.079634e-15 
1.599273 	 1.53839e-16 
1.625266 	 4.511418e-18 
1.651518 	 1.109987e-19 
1.678033 	 3.299762e-21 
1.704814 	 1.447161e-22 
1.731862 	 9.623069e-24 
1.759181 	 9.238189e-25 
1.786772 	 1.098793e-25 
1.81464 	 1.495404e-26 
1.842787 	 2.845048e-27 
1.871214 	 9.586763e-28 
1.899927 	 3.612076e-28 
1.928926 	 1.467099e-28 
1.958215 	 5.948156e-29 
1.987797 	 1.960709e-29 
2.017675 	 5.303207e-30 
2.047852 	 1.232042e-30 
2.07833 	 1.90954e-31 
2.109114 	 2.21875e-32 
2.140205 	 2.25046e-33 
2.171607 	 1.948523e-34 
2.203323 	 1.597849e-35 
2.235356 	 2.388609e-36 
2.26771 	 3.924128e-37 
2.300387 	 7.722079e-38 
2.333391 	 1.922284e-38 
2.366725 	 5.577093e-39 
2.400392 	 1.632016e-39 
2.434396 	 3.80115e-40 
2.46874 	 4.592157e-41 
2.503427 	 5.213629e-42 
2.538461 	 1.432916e-42 
2.573846 	 5.838118e-43 
2.609585 	 1.743436e-43 
2.64568 	 4.892064e-44 
2.682137 	 9.681084e-45 
2.718959 	 1.869106e-45 
2.756148 	 2.908494e-46 
2.79371 	 3.099964e-47 
2.831647 	 1.382904e-48 
2.869963 	 1.652556e-50 
2.908663 	 6.764339e-53 
2.947749 	 2.231963e-56 
2.987227 	 9.403914e-61 
3.027099 	 7.120418e-67 
3.06737 	 5.113645e-75 
3.108044 	 1.400606e-87 
3.149124 	 2.811523e-99 
3.190616 	 2.7339e-112 
3.232522 	 1.170314e-130 
3.274847 	 1.528773e-139 
3.317595 	 1.17339e-150 
3.360771 	 1.112496e-153 
3.404379 	 3.908455e-157 
3.448423 	 5.138686e-159 
3.492907 	 1.814878e-159 
3.537836 	 3.843079e-160 
3.583215 	 1.064379e-159 
3.629047 	 1.199168e-159 
3.675337 	 2.895466e-159 
3.722091 	 6.571721e-159 
3.769311 	 1.036803e-158 
3.817005 	 1.688382e-158 
3.865175 	 1.563639e-158 
3.913826 	 1.308884e-158 
3.962965 	 7.949052e-159 
4.012594 	 3.311356e-159 
4.06272 	 1.284598e-159 
4.113347 	 4.147134e-160 
4.164481 	 1.316256e-160 
4.216126 	 4.913678e-161 
4.268287 	 2.227858e-161 
4.32097 	 9.547334e-162 
4.37418 	 3.934562e-162 
4.427921 	 1.210839e-162 
4.482201 	 1.892075e-163 
4.537023 	 1.3748e-164 
4.592393 	 4.197708e-166 
4.648317 	 3.278883e-168 
4.7048 	 1.024572e-170 
4.761848 	 2.188223e-173 
4.819466 	 6.167207e-176 
4.877661 	 8.296831e-178 
4.936438 	 7.534182e-179 
4.995802 	 1.744746e-179 
5.05576 	 7.613218e-180 
5.116318 	 5.628049e-181 
5.177481 	 7.890943e-182 
5.239256 	 1.127293e-183 
5.301648 	 3.337025e-185 
5.364665 	 2.571145e-187 
5.428311 	 3.962679e-191 
5.492594 	 5.101604e-195 
5.55752 	 6.203691e-201 
5.623096 	 2.977779e-207 
5.689326 	 7.852604e-216 
5.75622 	 7.259563e-225 
5.823782 	 4.355522e-235 
5.89202 	 8.196056e-247 
5.96094 	 2.314857e-257 
