0.01 	 6.067434e-06 
0.0201 	 1.638913e-05 
0.030301 	 2.765388e-05 
0.040604 	 3.985269e-05 
0.05101 	 5.343099e-05 
0.06152 	 7.214049e-05 
0.072135 	 0.000108236 
0.082857 	 0.0001757218 
0.093685 	 0.0002925416 
0.104622 	 0.0004780317 
0.115668 	 0.0008799279 
0.126825 	 0.001447928 
0.138093 	 0.002450785 
0.149474 	 0.003987132 
0.160969 	 0.00610121 
0.172579 	 0.008931546 
0.184304 	 0.01248631 
0.196147 	 0.01596776 
0.208109 	 0.0182644 
0.22019 	 0.02034906 
0.232392 	 0.0240952 
0.244716 	 0.0290378 
0.257163 	 0.03397837 
0.269735 	 0.03634905 
0.282432 	 0.03442749 
0.295256 	 0.02974997 
0.308209 	 0.02422229 
0.321291 	 0.02042464 
0.334504 	 0.02035406 
0.347849 	 0.0248832 
0.361327 	 0.0359112 
0.374941 	 0.05966982 
0.38869 	 0.1121312 
0.402577 	 0.238809 
0.416603 	 0.4602805 
0.430769 	 0.7495511 
0.445076 	 1.134043 
0.459527 	 1.562721 
0.474123 	 2.06487 
0.488864 	 2.673699 
0.503752 	 3.388565 
0.51879 	 4.186126 
0.533978 	 4.758991 
0.549318 	 4.916528 
0.564811 	 5.130201 
0.580459 	 5.424887 
0.596263 	 5.460999 
0.612226 	 5.206112 
0.628348 	 4.714597 
0.644632 	 3.935194 
0.661078 	 2.932281 
0.677689 	 1.919917 
0.694466 	 1.138474 
0.71141 	 0.6422827 
0.728525 	 0.3574238 
0.74581 	 0.2004906 
0.763268 	 0.1118692 
0.780901 	 0.06086379 
0.79871 	 0.03254566 
0.816697 	 0.0167224 
0.834864 	 0.007829282 
0.853212 	 0.003590697 
0.871744 	 0.00166576 
0.890462 	 0.000689084 
0.909366 	 0.0002587877 
0.92846 	 9.198717e-05 
0.947745 	 3.034396e-05 
0.967222 	 9.479489e-06 
0.986894 	 2.722851e-06 
1.006763 	 6.785504e-07 
1.026831 	 1.570523e-07 
1.047099 	 3.454331e-08 
1.06757 	 7.400632e-09 
1.088246 	 1.662544e-09 
1.109128 	 4.019361e-10 
1.13022 	 8.782591e-11 
1.151522 	 1.9109e-11 
1.173037 	 5.064923e-12 
1.194768 	 1.354831e-12 
1.216715 	 3.614455e-13 
1.238882 	 1.048331e-13 
1.261271 	 3.015041e-14 
1.283884 	 7.610275e-15 
1.306723 	 1.896252e-15 
1.32979 	 5.001346e-16 
1.353088 	 1.328826e-16 
1.376619 	 3.35988e-17 
1.400385 	 6.254119e-18 
1.424389 	 1.002547e-18 
1.448633 	 1.82811e-19 
1.473119 	 2.836131e-20 
1.49785 	 3.699206e-21 
1.522829 	 5.626444e-22 
1.548057 	 8.048428e-23 
1.573538 	 1.147573e-23 
1.599273 	 1.896888e-24 
1.625266 	 3.017738e-25 
1.651518 	 5.531365e-26 
1.678033 	 1.474182e-26 
1.704814 	 4.419888e-27 
1.731862 	 1.31338e-27 
1.759181 	 5.254041e-28 
1.786772 	 2.488574e-28 
1.81464 	 1.02126e-28 
1.842787 	 4.960191e-29 
1.871214 	 3.412568e-29 
1.899927 	 2.583699e-29 
1.928926 	 2.81448e-29 
1.958215 	 4.404247e-29 
1.987797 	 6.294008e-29 
2.017675 	 1.097315e-28 
2.047852 	 2.393931e-28 
2.07833 	 4.174872e-28 
2.109114 	 6.364348e-28 
2.140205 	 1.014431e-27 
2.171607 	 1.260381e-27 
2.203323 	 1.338614e-27 
2.235356 	 1.210748e-27 
2.26771 	 1.249657e-27 
2.300387 	 1.674585e-27 
2.333391 	 2.883889e-27 
2.366725 	 4.426017e-27 
2.400392 	 7.033043e-27 
2.434396 	 2.180942e-26 
2.46874 	 6.760873e-26 
2.503427 	 2.497438e-25 
2.538461 	 1.610004e-24 
2.573846 	 1.442469e-23 
2.609585 	 1.27712e-22 
2.64568 	 1.497216e-21 
2.682137 	 1.148705e-20 
2.718959 	 5.217289e-20 
2.756148 	 1.222073e-19 
2.79371 	 5.493865e-20 
2.831647 	 4.390938e-21 
2.869963 	 6.032883e-24 
2.908663 	 3.228817e-28 
2.947749 	 2.528631e-35 
2.987227 	 5.164178e-44 
3.027099 	 2.478612e-56 
3.06737 	 3.071668e-71 
3.108044 	 1.495505e-91 
3.149124 	 4.580836e-110 
3.190616 	 5.64091e-128 
3.232522 	 1.333325e-153 
3.274847 	 4.398365e-167 
3.317595 	 1.369757e-187 
3.360771 	 7.093353e-195 
3.404379 	 1.025354e-205 
3.448423 	 3.946557e-212 
3.492907 	 1.247911e-216 
3.537836 	 1.110829e-222 
3.583215 	 8.843461e-227 
3.629047 	 6.182157e-232 
3.675337 	 2.557969e-236 
3.722091 	 2.211246e-240 
3.769311 	 2.967011e-245 
3.817005 	 2.111489e-249 
3.865175 	 3.179191e-254 
3.913826 	 4.563227e-258 
3.962965 	 6.62967e-262 
4.012594 	 2.901651e-266 
4.06272 	 7.176514e-270 
4.113347 	 7.878594e-274 
4.164481 	 4.02901e-277 
4.216126 	 1.212991e-280 
4.268287 	 1.981166e-283 
4.32097 	 2.908382e-286 
4.37418 	 1.17554e-289 
4.427921 	 5.029497e-293 
4.482201 	 8.560113e-297 
4.537023 	 1.061127e-300 
4.592393 	 7.358866e-305 
4.648317 	 2.598877e-310 
4.7048 	 3.75538200578e-316 
4.761848 	 5.43472210425e-322 
4.819466 	 0.0 
4.877661 	 0.0 
4.936438 	 0.0 
4.995802 	 0.0 
5.05576 	 0.0 
5.116318 	 0.0 
5.177481 	 0.0 
5.239256 	 0.0 
5.301648 	 0.0 
5.364665 	 0.0 
5.428311 	 0.0 
5.492594 	 0.0 
5.55752 	 0.0 
5.623096 	 0.0 
5.689326 	 0.0 
5.75622 	 0.0 
5.823782 	 0.0 
5.89202 	 0.0 
5.96094 	 0.0 
