0.01 	 9.861574e-09 
0.0201 	 1.354948e-08 
0.030301 	 1.119497e-08 
0.040604 	 7.175793e-09 
0.05101 	 4.405774e-09 
0.06152 	 2.991878e-09 
0.072135 	 2.677885e-09 
0.082857 	 3.167745e-09 
0.093685 	 4.152069e-09 
0.104622 	 5.036266e-09 
0.115668 	 7.390826e-09 
0.126825 	 9.711174e-09 
0.138093 	 1.232582e-08 
0.149474 	 1.501577e-08 
0.160969 	 1.624073e-08 
0.172579 	 1.461789e-08 
0.184304 	 1.073234e-08 
0.196147 	 7.844535e-09 
0.208109 	 6.688304e-09 
0.22019 	 6.781996e-09 
0.232392 	 7.70998e-09 
0.244716 	 9.139014e-09 
0.257163 	 1.187584e-08 
0.269735 	 1.688002e-08 
0.282432 	 2.164675e-08 
0.295256 	 2.633423e-08 
0.308209 	 3.339708e-08 
0.321291 	 4.743649e-08 
0.334504 	 7.834109e-08 
0.347849 	 1.47871e-07 
0.361327 	 3.125733e-07 
0.374941 	 7.367285e-07 
0.38869 	 1.826239e-06 
0.402577 	 4.639067e-06 
0.416603 	 1.236987e-05 
0.430769 	 3.049693e-05 
0.445076 	 6.254281e-05 
0.459527 	 0.0001143935 
0.474123 	 0.0002021092 
0.488864 	 0.0003466695 
0.503752 	 0.0005742476 
0.51879 	 0.0008866556 
0.533978 	 0.001131929 
0.549318 	 0.001212513 
0.564811 	 0.00141176 
0.580459 	 0.001734429 
0.596263 	 0.002069565 
0.612226 	 0.002530943 
0.628348 	 0.003191836 
0.644632 	 0.004369629 
0.661078 	 0.007066879 
0.677689 	 0.012744 
0.694466 	 0.02434364 
0.71141 	 0.04404486 
0.728525 	 0.07081503 
0.74581 	 0.1027537 
0.763268 	 0.1456625 
0.780901 	 0.2179622 
0.79871 	 0.3429457 
0.816697 	 0.5139771 
0.834864 	 0.7013201 
0.853212 	 0.926133 
0.871744 	 1.212129 
0.890462 	 1.502449 
0.909366 	 1.871005 
0.92846 	 2.454403 
0.947745 	 3.192551 
0.967222 	 3.999246 
0.986894 	 4.753487 
1.006763 	 5.292052 
1.026831 	 5.393509 
1.047099 	 4.916648 
1.06757 	 4.040833 
1.088246 	 3.029157 
1.109128 	 2.082205 
1.13022 	 1.348083 
1.151522 	 0.8513021 
1.173037 	 0.523389 
1.194768 	 0.2959023 
1.216715 	 0.1542369 
1.238882 	 0.07829186 
1.261271 	 0.03999727 
1.283884 	 0.01997242 
1.306723 	 0.009505211 
1.32979 	 0.004269328 
1.353088 	 0.001796485 
1.376619 	 0.0007026499 
1.400385 	 0.0002435652 
1.424389 	 7.34039e-05 
1.448633 	 1.968157e-05 
1.473119 	 4.457764e-06 
1.49785 	 8.952526e-07 
1.522829 	 1.706618e-07 
1.548057 	 2.716459e-08 
1.573538 	 3.897017e-09 
1.599273 	 5.365584e-10 
1.625266 	 6.160599e-11 
1.651518 	 6.433837e-12 
1.678033 	 7.346975e-13 
1.704814 	 9.757485e-14 
1.731862 	 1.423644e-14 
1.759181 	 2.497936e-15 
1.786772 	 4.866537e-16 
1.81464 	 1.058406e-16 
1.842787 	 3.160334e-17 
1.871214 	 1.39595e-17 
1.899927 	 7.709375e-18 
1.928926 	 5.810145e-18 
1.958215 	 5.222055e-18 
1.987797 	 4.424719e-18 
2.017675 	 3.291995e-18 
2.047852 	 2.32765e-18 
2.07833 	 1.352775e-18 
2.109114 	 6.543666e-19 
2.140205 	 2.934135e-19 
2.171607 	 1.206717e-19 
2.203323 	 5.021003e-20 
2.235356 	 2.513984e-20 
2.26771 	 1.201858e-20 
2.300387 	 4.897538e-21 
2.333391 	 2.11957e-21 
2.366725 	 1.235379e-21 
2.400392 	 8.02981e-22 
2.434396 	 3.562115e-22 
2.46874 	 1.095809e-22 
2.503427 	 3.352676e-23 
2.538461 	 1.358232e-23 
2.573846 	 5.687896e-24 
2.609585 	 1.642873e-24 
2.64568 	 4.391631e-25 
2.682137 	 6.404661e-26 
2.718959 	 6.208761e-27 
2.756148 	 2.060765e-28 
2.79371 	 1.720779e-30 
2.831647 	 4.629831e-33 
2.869963 	 7.154868e-37 
2.908663 	 1.439618e-41 
2.947749 	 1.499731e-48 
2.987227 	 1.256973e-56 
3.027099 	 9.429831e-68 
3.06737 	 2.905453e-81 
3.108044 	 8.496928e-100 
3.149124 	 1.370271e-116 
3.190616 	 4.590062e-133 
3.232522 	 3.79596e-156 
3.274847 	 3.879129e-168 
3.317595 	 4.324804e-186 
3.360771 	 2.316986e-192 
3.404379 	 6.016941e-201 
3.448423 	 1.592725e-205 
3.492907 	 1.318726e-208 
3.537836 	 6.950757e-213 
3.583215 	 3.506325e-215 
3.629047 	 4.297065e-218 
3.675337 	 2.782867e-220 
3.722091 	 2.965842e-222 
3.769311 	 1.983805e-224 
3.817005 	 4.16169e-226 
3.865175 	 5.241524e-228 
3.913826 	 2.075092e-229 
3.962965 	 8.517226e-231 
4.012594 	 2.140597e-232 
4.06272 	 1.360469e-233 
4.113347 	 7.48192e-235 
4.164481 	 1.255171e-235 
4.216126 	 2.560608e-236 
4.268287 	 1.1118e-236 
4.32097 	 4.298819e-237 
4.37418 	 8.783879e-238 
4.427921 	 1.00543e-238 
4.482201 	 2.609058e-240 
4.537023 	 1.531551e-242 
4.592393 	 2.365186e-245 
4.648317 	 8.893874e-249 
4.7048 	 1.627302e-252 
4.761848 	 3.083901e-256 
4.819466 	 1.358212e-259 
4.877661 	 2.823088e-262 
4.936438 	 3.495603e-264 
4.995802 	 9.707725e-266 
5.05576 	 4.88806e-267 
5.116318 	 1.092883e-269 
5.177481 	 1.140921e-271 
5.239256 	 2.893093e-275 
5.301648 	 4.168541e-278 
5.364665 	 1.903541e-281 
5.428311 	 8.049644e-287 
5.492594 	 1.347463e-291 
5.55752 	 2.383488e-298 
5.623096 	 1.427062e-304 
5.689326 	 1.312965e-312 
5.75622 	 5.81465858591e-320 
5.823782 	 0.0 
5.89202 	 0.0 
5.96094 	 0.0 
