0.01 	 1.984828e-08 
0.0201 	 7.102932e-08 
0.030301 	 1.761475e-07 
0.040604 	 3.764242e-07 
0.05101 	 7.120469e-07 
0.06152 	 1.190913e-06 
0.072135 	 1.847172e-06 
0.082857 	 2.621735e-06 
0.093685 	 3.610008e-06 
0.104622 	 4.767774e-06 
0.115668 	 6.319762e-06 
0.126825 	 7.98877e-06 
0.138093 	 9.300677e-06 
0.149474 	 1.06313e-05 
0.160969 	 1.215005e-05 
0.172579 	 1.452134e-05 
0.184304 	 1.797255e-05 
0.196147 	 1.907323e-05 
0.208109 	 1.599669e-05 
0.22019 	 1.205262e-05 
0.232392 	 9.532249e-06 
0.244716 	 7.614448e-06 
0.257163 	 6.061527e-06 
0.269735 	 4.766391e-06 
0.282432 	 3.857757e-06 
0.295256 	 3.516337e-06 
0.308209 	 3.469655e-06 
0.321291 	 3.49157e-06 
0.334504 	 3.68396e-06 
0.347849 	 3.923987e-06 
0.361327 	 3.950296e-06 
0.374941 	 3.685078e-06 
0.38869 	 3.37087e-06 
0.402577 	 3.101851e-06 
0.416603 	 2.689361e-06 
0.430769 	 2.241007e-06 
0.445076 	 1.871258e-06 
0.459527 	 1.612828e-06 
0.474123 	 1.412214e-06 
0.488864 	 1.219526e-06 
0.503752 	 1.017304e-06 
0.51879 	 8.300444e-07 
0.533978 	 7.620649e-07 
0.549318 	 7.735528e-07 
0.564811 	 6.112947e-07 
0.580459 	 4.062228e-07 
0.596263 	 2.810939e-07 
0.612226 	 1.965673e-07 
0.628348 	 1.388281e-07 
0.644632 	 8.385696e-08 
0.661078 	 4.064445e-08 
0.677689 	 1.629585e-08 
0.694466 	 6.560817e-09 
0.71141 	 3.106385e-09 
0.728525 	 1.553456e-09 
0.74581 	 8.042429e-10 
0.763268 	 4.36611e-10 
0.780901 	 2.217531e-10 
0.79871 	 1.042088e-10 
0.816697 	 5.257625e-11 
0.834864 	 2.797345e-11 
0.853212 	 1.381256e-11 
0.871744 	 6.076945e-12 
0.890462 	 3.201606e-12 
0.909366 	 1.934091e-12 
0.92846 	 1.25893e-12 
0.947745 	 8.168677e-13 
0.967222 	 5.622982e-13 
0.986894 	 4.090355e-13 
1.006763 	 2.666369e-13 
1.026831 	 1.644487e-13 
1.047099 	 1.018816e-13 
1.06757 	 6.199211e-14 
1.088246 	 4.518536e-14 
1.109128 	 4.455021e-14 
1.13022 	 6.739594e-14 
1.151522 	 1.187017e-13 
1.173037 	 1.318482e-13 
1.194768 	 1.067048e-13 
1.216715 	 7.81081e-14 
1.238882 	 6.464473e-14 
1.261271 	 6.312112e-14 
1.283884 	 6.343723e-14 
1.306723 	 6.889817e-14 
1.32979 	 8.303545e-14 
1.353088 	 1.0559e-13 
1.376619 	 1.373752e-13 
1.400385 	 1.717597e-13 
1.424389 	 1.749751e-13 
1.448633 	 1.76318e-13 
1.473119 	 1.725005e-13 
1.49785 	 1.458843e-13 
1.522829 	 1.275339e-13 
1.548057 	 1.061097e-13 
1.573538 	 5.957875e-14 
1.599273 	 3.471757e-14 
1.625266 	 2.371369e-14 
1.651518 	 1.553144e-14 
1.678033 	 1.110106e-14 
1.704814 	 7.89703e-15 
1.731862 	 5.443009e-15 
1.759181 	 5.55291e-15 
1.786772 	 1.383645e-14 
1.81464 	 5.489804e-14 
1.842787 	 1.426689e-13 
1.871214 	 2.848483e-13 
1.899927 	 7.563612e-13 
1.928926 	 3.29754e-12 
1.958215 	 2.002611e-11 
1.987797 	 1.563155e-10 
2.017675 	 1.518635e-09 
2.047852 	 1.511257e-08 
2.07833 	 1.31856e-07 
2.109114 	 1.003331e-06 
2.140205 	 6.381386e-06 
2.171607 	 2.927089e-05 
2.203323 	 0.0001011249 
2.235356 	 0.0002607311 
2.26771 	 0.0005774771 
2.300387 	 0.001222527 
2.333391 	 0.002404 
2.366725 	 0.004578195 
2.400392 	 0.007423212 
2.434396 	 0.01511036 
2.46874 	 0.02919895 
2.503427 	 0.06063129 
2.538461 	 0.1433718 
2.573846 	 0.285995 
2.609585 	 0.7268297 
2.64568 	 1.471511 
2.682137 	 3.527244 
2.718959 	 5.632816 
2.756148 	 6.343268 
2.79371 	 6.361212 
2.831647 	 1.998244 
2.869963 	 0.2536068 
2.908663 	 0.006434469 
2.947749 	 3.153537e-05 
2.987227 	 1.800362e-08 
3.027099 	 2.293969e-13 
3.06737 	 3.301846e-20 
3.108044 	 1.955617e-31 
3.149124 	 1.672765e-41 
3.190616 	 1.730002e-52 
3.232522 	 1.891645e-68 
3.274847 	 4.075365e-77 
3.317595 	 9.693863e-90 
3.360771 	 2.656382e-94 
3.404379 	 3.723159e-100 
3.448423 	 2.58359e-103 
3.492907 	 1.509063e-105 
3.537836 	 9.164198e-109 
3.583215 	 1.016477e-110 
3.629047 	 9.159817e-113 
3.675337 	 1.252811e-114 
3.722091 	 2.034235e-116 
3.769311 	 2.050213e-118 
3.817005 	 3.121397e-120 
3.865175 	 3.502897e-122 
3.913826 	 5.523524e-124 
3.962965 	 7.10448e-126 
4.012594 	 6.301964e-128 
4.06272 	 7.190781e-130 
4.113347 	 6.272891e-132 
4.164481 	 6.857834e-134 
4.216126 	 6.042665e-136 
4.268287 	 5.710864e-138 
4.32097 	 4.187452e-140 
4.37418 	 1.71498e-142 
4.427921 	 4.765093e-145 
4.482201 	 6.657966e-148 
4.537023 	 4.053068e-151 
4.592393 	 1.692035e-154 
4.648317 	 4.337925e-158 
4.7048 	 7.893442e-162 
4.761848 	 2.510803e-165 
4.819466 	 1.640962e-168 
4.877661 	 2.144617e-171 
4.936438 	 9.17633e-174 
4.995802 	 8.268483e-176 
5.05576 	 1.319467e-177 
5.116318 	 5.332544e-181 
5.177481 	 3.616149e-183 
5.239256 	 6.03876e-187 
5.301648 	 1.983683e-189 
5.364665 	 4.995129e-192 
5.428311 	 3.377297e-196 
5.492594 	 4.269175e-199 
5.55752 	 2.189171e-203 
5.623096 	 1.527248e-206 
5.689326 	 8.025461e-211 
5.75622 	 5.333073e-214 
5.823782 	 3.6285e-217 
5.89202 	 4.278932e-221 
5.96094 	 7.693522e-224 
