0.01 	 2.290664e-45 
0.0201 	 1.596167e-43 
0.030301 	 2.401215e-42 
0.040604 	 1.743113e-41 
0.05101 	 1.302509e-40 
0.06152 	 6.368323e-40 
0.072135 	 2.365264e-39 
0.082857 	 9.057939e-39 
0.093685 	 2.272887e-38 
0.104622 	 4.548072e-38 
0.115668 	 1.032003e-37 
0.126825 	 2.251967e-37 
0.138093 	 4.061503e-37 
0.149474 	 9.006047e-37 
0.160969 	 2.914916e-36 
0.172579 	 1.028932e-35 
0.184304 	 3.409112e-35 
0.196147 	 1.037638e-34 
0.208109 	 2.251283e-34 
0.22019 	 4.15011e-34 
0.232392 	 6.79291e-34 
0.244716 	 7.21979e-34 
0.257163 	 8.69992e-34 
0.269735 	 1.303744e-33 
0.282432 	 2.565582e-33 
0.295256 	 7.903572e-33 
0.308209 	 4.094568e-32 
0.321291 	 2.603209e-31 
0.334504 	 2.062979e-30 
0.347849 	 2.054116e-29 
0.361327 	 1.8491e-28 
0.374941 	 1.444535e-27 
0.38869 	 7.489761e-27 
0.402577 	 1.717101e-26 
0.416603 	 2.174459e-26 
0.430769 	 1.77974e-26 
0.445076 	 1.268614e-26 
0.459527 	 8.870426e-27 
0.474123 	 5.47919e-27 
0.488864 	 3.513539e-27 
0.503752 	 1.710687e-27 
0.51879 	 5.469841e-28 
0.533978 	 1.203191e-28 
0.549318 	 1.85804e-29 
0.564811 	 1.868504e-30 
0.580459 	 1.655962e-31 
0.596263 	 1.500767e-32 
0.612226 	 1.192987e-33 
0.628348 	 8.929085e-35 
0.644632 	 6.808757e-36 
0.661078 	 5.211949e-37 
0.677689 	 3.219858e-38 
0.694466 	 1.726989e-39 
0.71141 	 1.057873e-40 
0.728525 	 6.127734e-42 
0.74581 	 3.988716e-43 
0.763268 	 3.245515e-44 
0.780901 	 2.590344e-45 
0.79871 	 2.296146e-46 
0.816697 	 2.485149e-47 
0.834864 	 2.238187e-48 
0.853212 	 1.972823e-49 
0.871744 	 2.010973e-50 
0.890462 	 1.469047e-51 
0.909366 	 1.225334e-52 
0.92846 	 1.230289e-53 
0.947745 	 1.011634e-54 
0.967222 	 9.461414e-56 
0.986894 	 1.013447e-56 
1.006763 	 8.61161e-58 
1.026831 	 8.433059e-59 
1.047099 	 8.852269e-60 
1.06757 	 7.370719e-61 
1.088246 	 5.814329e-62 
1.109128 	 5.942722e-63 
1.13022 	 4.391284e-64 
1.151522 	 4.103973e-65 
1.173037 	 5.429884e-66 
1.194768 	 7.771926e-67 
1.216715 	 9.057484e-68 
1.238882 	 1.394127e-68 
1.261271 	 2.469885e-69 
1.283884 	 3.552646e-70 
1.306723 	 5.810895e-71 
1.32979 	 8.800578e-72 
1.353088 	 1.122603e-72 
1.376619 	 1.843768e-73 
1.400385 	 3.438847e-74 
1.424389 	 5.517303e-75 
1.448633 	 1.259246e-75 
1.473119 	 2.964617e-76 
1.49785 	 6.41429e-77 
1.522829 	 2.191211e-77 
1.548057 	 7.489079e-78 
1.573538 	 2.308776e-78 
1.599273 	 1.060178e-78 
1.625266 	 4.474986e-79 
1.651518 	 1.943688e-79 
1.678033 	 1.554476e-79 
1.704814 	 1.326653e-79 
1.731862 	 1.374653e-79 
1.759181 	 2.494793e-79 
1.786772 	 6.63945e-79 
1.81464 	 1.450266e-78 
1.842787 	 3.905144e-78 
1.871214 	 1.647943e-77 
1.899927 	 8.748087e-77 
1.928926 	 7.556674e-76 
1.958215 	 1.122264e-74 
1.987797 	 2.049653e-73 
2.017675 	 1.008651e-71 
2.047852 	 1.226203e-69 
2.07833 	 1.333431e-67 
2.109114 	 1.249597e-65 
2.140205 	 7.304499e-64 
2.171607 	 2.152227e-62 
2.203323 	 6.860111e-61 
2.235356 	 1.325977e-59 
2.26771 	 1.324564e-58 
2.300387 	 6.610647e-58 
2.333391 	 3.751737e-57 
2.366725 	 1.382419e-56 
2.400392 	 8.393756e-56 
2.434396 	 5.643401e-55 
2.46874 	 1.283566e-54 
2.503427 	 3.223601e-54 
2.538461 	 2.365539e-53 
2.573846 	 1.864551e-52 
2.609585 	 1.433701e-51 
2.64568 	 1.401724e-50 
2.682137 	 1.41638e-49 
2.718959 	 2.298167e-48 
2.756148 	 6.619249e-47 
2.79371 	 2.832636e-45 
2.831647 	 1.184582e-43 
2.869963 	 3.84311e-42 
2.908663 	 1.118216e-40 
2.947749 	 4.689128e-39 
2.987227 	 4.54284e-37 
3.027099 	 9.127385e-35 
3.06737 	 3.216299e-32 
3.108044 	 1.164217e-28 
3.149124 	 1.028165e-25 
3.190616 	 2.777153e-22 
3.232522 	 6.942907e-18 
3.274847 	 3.072585e-15 
3.317595 	 3.903132e-12 
3.360771 	 2.578226e-10 
3.404379 	 2.162988e-08 
3.448423 	 5.458124e-07 
3.492907 	 1.391475e-05 
3.537836 	 0.0003110018 
3.583215 	 0.005049352 
3.629047 	 0.05884767 
3.675337 	 0.3893909 
3.722091 	 1.56051 
3.769311 	 3.67142 
3.817005 	 5.322787 
3.865175 	 4.923904 
3.913826 	 3.077495 
3.962965 	 1.302128 
4.012594 	 0.3784155 
4.06272 	 0.07334912 
4.113347 	 0.009402814 
4.164481 	 0.0008087336 
4.216126 	 4.665612e-05 
4.268287 	 1.68361e-06 
4.32097 	 3.230763e-08 
4.37418 	 2.705514e-10 
4.427921 	 9.351623e-13 
4.482201 	 1.034594e-15 
4.537023 	 2.850303e-19 
4.592393 	 2.764729e-23 
4.648317 	 9.539603e-28 
4.7048 	 1.284064e-32 
4.761848 	 1.850378e-37 
4.819466 	 5.095298e-42 
4.877661 	 3.284257e-46 
4.936438 	 8.142111e-50 
4.995802 	 5.932664e-53 
5.05576 	 7.415916e-56 
5.116318 	 8.756074e-61 
5.177481 	 2.476479e-64 
5.239256 	 5.845146e-70 
5.301648 	 4.36977e-74 
5.364665 	 1.745892e-78 
5.428311 	 4.857448e-85 
5.492594 	 4.709523e-90 
5.55752 	 5.106354e-97 
5.623096 	 1.40443e-102 
5.689326 	 8.281572e-110 
5.75622 	 1.156996e-115 
5.823782 	 1.051862e-121 
5.89202 	 7.325292e-129 
5.96094 	 2.241169e-134 
