0.01 	 9.587027e-104 
0.0201 	 3.205268e-100 
0.030301 	 1.173583e-97 
0.040604 	 1.973279e-95 
0.05101 	 5.460025e-93 
0.06152 	 1.020322e-90 
0.072135 	 2.601803e-88 
0.082857 	 1.654324e-85 
0.093685 	 7.657334e-83 
0.104622 	 3.435314e-80 
0.115668 	 2.260312e-77 
0.126825 	 1.096261e-74 
0.138093 	 4.231566e-72 
0.149474 	 2.287539e-69 
0.160969 	 2.177385e-66 
0.172579 	 3.196689e-63 
0.184304 	 1.022382e-59 
0.196147 	 7.408979e-56 
0.208109 	 8.734803e-52 
0.22019 	 1.913671e-47 
0.232392 	 7.98891e-43 
0.244716 	 2.203567e-38 
0.257163 	 8.953969e-34 
0.269735 	 2.587738e-29 
0.282432 	 5.265644e-25 
0.295256 	 9.752708e-21 
0.308209 	 1.258859e-16 
0.321291 	 5.31594e-13 
0.334504 	 7.81523e-10 
0.347849 	 5.8346e-07 
0.361327 	 0.0001412437 
0.374941 	 0.009520701 
0.38869 	 0.1721115 
0.402577 	 0.9201072 
0.416603 	 2.639117 
0.430769 	 4.381911 
0.445076 	 5.979277 
0.459527 	 7.541316 
0.474123 	 8.843153 
0.488864 	 9.467425 
0.503752 	 9.136552 
0.51879 	 7.949802 
0.533978 	 5.698121 
0.549318 	 3.210366 
0.564811 	 1.294782 
0.580459 	 0.3278663 
0.596263 	 0.05376084 
0.612226 	 0.005654655 
0.628348 	 0.0004029559 
0.644632 	 2.068801e-05 
0.661078 	 8.183865e-07 
0.677689 	 2.632367e-08 
0.694466 	 7.380001e-10 
0.71141 	 2.348449e-11 
0.728525 	 9.002341e-13 
0.74581 	 4.356269e-14 
0.763268 	 2.847366e-15 
0.780901 	 2.631274e-16 
0.79871 	 3.296035e-17 
0.816697 	 6.297095e-18 
0.834864 	 1.661028e-18 
0.853212 	 5.807381e-19 
0.871744 	 3.017807e-19 
0.890462 	 1.421034e-19 
0.909366 	 3.232781e-20 
0.92846 	 3.012825e-21 
0.947745 	 1.046544e-22 
0.967222 	 1.927186e-24 
0.986894 	 2.840565e-26 
1.006763 	 2.889007e-28 
1.026831 	 2.131611e-30 
1.047099 	 1.12911e-32 
1.06757 	 4.014884e-35 
1.088246 	 1.101191e-37 
1.109128 	 3.065671e-40 
1.13022 	 5.718099e-43 
1.151522 	 1.177417e-45 
1.173037 	 2.973949e-48 
1.194768 	 7.045992e-51 
1.216715 	 1.161114e-53 
1.238882 	 1.744115e-56 
1.261271 	 1.81725e-59 
1.283884 	 1.025751e-62 
1.306723 	 4.203854e-66 
1.32979 	 9.55725e-70 
1.353088 	 1.071633e-73 
1.376619 	 9.589107e-78 
1.400385 	 5.587555e-82 
1.424389 	 1.915418e-86 
1.448633 	 7.608549e-91 
1.473119 	 3.173731e-95 
1.49785 	 1.133885e-99 
1.522829 	 6.07227e-104 
1.548057 	 2.611524e-108 
1.573538 	 8.248148e-113 
1.599273 	 5.577822e-117 
1.625266 	 3.511993e-121 
1.651518 	 2.358742e-125 
1.678033 	 5.064947e-129 
1.704814 	 3.424338e-132 
1.731862 	 4.621827e-135 
1.759181 	 1.386128e-137 
1.786772 	 5.261513e-140 
1.81464 	 1.753336e-142 
1.842787 	 1.345764e-144 
1.871214 	 4.848073e-146 
1.899927 	 1.686548e-147 
1.928926 	 1.381952e-148 
1.958215 	 2.985119e-149 
1.987797 	 1.314465e-149 
2.017675 	 1.180551e-149 
2.047852 	 3.471387e-149 
2.07833 	 1.600259e-148 
2.109114 	 2.106839e-147 
2.140205 	 4.025617e-146 
2.171607 	 7.855021e-145 
2.203323 	 1.969788e-143 
2.235356 	 2.713274e-142 
2.26771 	 4.016472e-141 
2.300387 	 5.33971e-140 
2.333391 	 1.948607e-138 
2.366725 	 1.490795e-136 
2.400392 	 3.494834e-134 
2.434396 	 6.888983e-131 
2.46874 	 3.504034e-127 
2.503427 	 4.52126e-123 
2.538461 	 1.916337e-119 
2.573846 	 7.032275e-117 
2.609585 	 3.257692e-115 
2.64568 	 1.451289e-114 
2.682137 	 3.299177e-115 
2.718959 	 3.130538e-117 
2.756148 	 7.048933e-120 
2.79371 	 2.769581e-122 
2.831647 	 1.313131e-124 
2.869963 	 2.694578e-126 
2.908663 	 1.281847e-127 
2.947749 	 3.776307e-128 
2.987227 	 3.282152e-128 
3.027099 	 1.199837e-127 
3.06737 	 5.338516e-126 
3.108044 	 3.091158e-123 
3.149124 	 1.483288e-121 
3.190616 	 1.874448e-121 
3.232522 	 2.751958e-129 
3.274847 	 9.052019e-138 
3.317595 	 4.676165e-162 
3.360771 	 3.903668e-169 
3.404379 	 9.700224e-184 
3.448423 	 2.146089e-183 
3.492907 	 9.782733e-181 
3.537836 	 5.14233e-179 
3.583215 	 5.940918e-174 
3.629047 	 7.512155e-169 
3.675337 	 5.945774e-164 
3.722091 	 1.576069e-159 
3.769311 	 6.803213e-156 
3.817005 	 3.960376e-153 
3.865175 	 1.725646e-151 
3.913826 	 8.048084e-151 
3.962965 	 2.716982e-151 
4.012594 	 8.333133e-153 
4.06272 	 5.081573e-155 
4.113347 	 2.293867e-157 
4.164481 	 3.961271e-159 
4.216126 	 6.464874e-160 
4.268287 	 1.598462e-159 
4.32097 	 3.563369e-158 
4.37418 	 2.74463e-156 
4.427921 	 2.859958e-154 
4.482201 	 1.077501e-152 
4.537023 	 5.381048e-152 
4.592393 	 2.495737e-152 
4.648317 	 4.723707e-154 
4.7048 	 4.336524e-157 
4.761848 	 3.421448e-161 
4.819466 	 7.852382e-166 
4.877661 	 2.139823e-170 
4.936438 	 1.692896e-174 
4.995802 	 2.166097e-178 
5.05576 	 3.389296e-182 
5.116318 	 3.049673e-188 
5.177481 	 2.171599e-193 
5.239256 	 3.057229e-201 
5.301648 	 8.626399e-208 
5.364665 	 5.526817e-215 
5.428311 	 1.852495e-225 
5.492594 	 3.490114e-234 
5.55752 	 3.187119e-246 
5.623096 	 1.920941e-256 
5.689326 	 1.041244e-269 
5.75622 	 7.005576e-281 
5.823782 	 1.802694e-292 
5.89202 	 3.424219e-306 
5.96094 	 5.96568111407e-317 
