0.01 	 0.01336931 
0.0201 	 0.0512337 
0.030301 	 0.133086 
0.040604 	 0.3080649 
0.05101 	 0.6612292 
0.06152 	 1.233058 
0.072135 	 1.802136 
0.082857 	 2.213254 
0.093685 	 2.657612 
0.104622 	 3.468763 
0.115668 	 3.744916 
0.126825 	 4.037638 
0.138093 	 4.34255 
0.149474 	 4.701647 
0.160969 	 5.214224 
0.172579 	 6.178743 
0.184304 	 7.309039 
0.196147 	 6.842161 
0.208109 	 5.120035 
0.22019 	 3.410554 
0.232392 	 2.513726 
0.244716 	 2.091886 
0.257163 	 1.788024 
0.269735 	 1.440062 
0.282432 	 1.141792 
0.295256 	 0.96444 
0.308209 	 0.8570493 
0.321291 	 0.7929199 
0.334504 	 0.8203869 
0.347849 	 0.9056386 
0.361327 	 0.95743 
0.374941 	 0.8745979 
0.38869 	 0.7178592 
0.402577 	 0.5499259 
0.416603 	 0.3712445 
0.430769 	 0.2373763 
0.445076 	 0.1599271 
0.459527 	 0.1200833 
0.474123 	 0.09809923 
0.488864 	 0.08127041 
0.503752 	 0.06887558 
0.51879 	 0.05978292 
0.533978 	 0.05685754 
0.549318 	 0.05149148 
0.564811 	 0.0378155 
0.580459 	 0.02929853 
0.596263 	 0.02617345 
0.612226 	 0.02552891 
0.628348 	 0.02586065 
0.644632 	 0.02147585 
0.661078 	 0.0145116 
0.677689 	 0.008458902 
0.694466 	 0.004941809 
0.71141 	 0.003414704 
0.728525 	 0.002574778 
0.74581 	 0.001981375 
0.763268 	 0.001651519 
0.780901 	 0.001397878 
0.79871 	 0.001093714 
0.816697 	 0.0008295306 
0.834864 	 0.0006418751 
0.853212 	 0.0004276725 
0.871744 	 0.0002096042 
0.890462 	 0.0001359708 
0.909366 	 0.0001126689 
0.92846 	 0.0001020048 
0.947745 	 0.000100433 
0.967222 	 0.000109702 
0.986894 	 0.0001225186 
1.006763 	 0.0001257629 
1.026831 	 0.0001230587 
1.047099 	 0.0001164169 
1.06757 	 0.0001110918 
1.088246 	 0.0001344555 
1.109128 	 0.0002353172 
1.13022 	 0.0006552354 
1.151522 	 0.001452211 
1.173037 	 0.001804166 
1.194768 	 0.001737715 
1.216715 	 0.00150732 
1.238882 	 0.001551205 
1.261271 	 0.001575614 
1.283884 	 0.001431221 
1.306723 	 0.00138556 
1.32979 	 0.001470832 
1.353088 	 0.001642082 
1.376619 	 0.00186046 
1.400385 	 0.002028223 
1.424389 	 0.001921267 
1.448633 	 0.001767801 
1.473119 	 0.001537861 
1.49785 	 0.00114156 
1.522829 	 0.0007556374 
1.548057 	 0.0004072396 
1.573538 	 0.0001629381 
1.599273 	 6.720005e-05 
1.625266 	 4.269178e-05 
1.651518 	 2.848739e-05 
1.678033 	 2.158989e-05 
1.704814 	 1.70329e-05 
1.731862 	 1.305871e-05 
1.759181 	 1.374775e-05 
1.786772 	 3.236194e-05 
1.81464 	 8.001277e-05 
1.842787 	 0.0001029973 
1.871214 	 0.0001000055 
1.899927 	 0.0001121568 
1.928926 	 0.0001677801 
1.958215 	 0.0003228891 
1.987797 	 0.0007660875 
2.017675 	 0.002101397 
2.047852 	 0.005865691 
2.07833 	 0.0158015 
2.109114 	 0.03424289 
2.140205 	 0.05504736 
2.171607 	 0.07583725 
2.203323 	 0.09056792 
2.235356 	 0.08958902 
2.26771 	 0.08274828 
2.300387 	 0.06836219 
2.333391 	 0.06495568 
2.366725 	 0.108924 
2.400392 	 0.1938079 
2.434396 	 0.1446925 
2.46874 	 0.08597791 
2.503427 	 0.02014389 
2.538461 	 0.002936932 
2.573846 	 0.0006787879 
2.609585 	 6.497506e-05 
2.64568 	 4.446898e-06 
2.682137 	 1.280422e-07 
2.718959 	 1.441334e-09 
2.756148 	 2.493018e-12 
2.79371 	 2.017995e-15 
2.831647 	 9.64116e-19 
2.869963 	 4.804806e-23 
2.908663 	 1.431427e-27 
2.947749 	 4.578579e-33 
2.987227 	 1.077252e-38 
3.027099 	 9.7541e-46 
3.06737 	 4.109755e-53 
3.108044 	 8.313243e-63 
3.149124 	 6.297078e-71 
3.190616 	 1.432128e-78 
3.232522 	 6.307518e-89 
3.274847 	 1.343625e-94 
3.317595 	 2.485623e-102 
3.360771 	 6.178249e-105 
3.404379 	 4.285345e-109 
3.448423 	 2.452711e-112 
3.492907 	 1.552374e-114 
3.537836 	 1.68841e-117 
3.583215 	 1.223196e-119 
3.629047 	 5.011524e-122 
3.675337 	 2.687225e-124 
3.722091 	 1.994092e-126 
3.769311 	 6.039283e-129 
3.817005 	 3.120098e-131 
3.865175 	 3.039544e-134 
3.913826 	 2.351433e-136 
3.962965 	 1.838227e-138 
4.012594 	 7.907583e-141 
4.06272 	 5.809851e-143 
4.113347 	 3.256564e-145 
4.164481 	 2.357283e-147 
4.216126 	 8.395718e-150 
4.268287 	 5.900825e-152 
4.32097 	 2.770609e-154 
4.37418 	 6.707656e-157 
4.427921 	 2.202336e-159 
4.482201 	 5.410407e-162 
4.537023 	 1.011644e-164 
4.592393 	 1.792215e-167 
4.648317 	 1.518235e-170 
4.7048 	 9.109906e-174 
4.761848 	 9.65851e-177 
4.819466 	 1.801592e-179 
4.877661 	 7.125298e-182 
4.936438 	 3.864071e-184 
4.995802 	 2.764423e-185 
5.05576 	 1.091091e-186 
5.116318 	 3.822117e-190 
5.177481 	 3.929087e-192 
5.239256 	 1.518879e-195 
5.301648 	 7.79367e-198 
5.364665 	 1.056707e-200 
5.428311 	 1.412536e-204 
5.492594 	 5.75956e-207 
5.55752 	 9.175876e-211 
5.623096 	 2.611885e-213 
5.689326 	 7.57959e-217 
5.75622 	 1.967053e-219 
5.823782 	 3.805676e-222 
5.89202 	 1.533126e-225 
5.96094 	 5.150155e-228 
