0.01 	 0.3027634 
0.0201 	 1.174766 
0.030301 	 2.768311 
0.040604 	 5.147141 
0.05101 	 8.476751 
0.06152 	 11.3498 
0.072135 	 12.76484 
0.082857 	 12.82482 
0.093685 	 11.45098 
0.104622 	 9.001518 
0.115668 	 6.683797 
0.126825 	 4.570002 
0.138093 	 2.822353 
0.149474 	 1.644417 
0.160969 	 0.9146669 
0.172579 	 0.483287 
0.184304 	 0.2476324 
0.196147 	 0.1243606 
0.208109 	 0.06150502 
0.22019 	 0.03109485 
0.232392 	 0.01653495 
0.244716 	 0.009157309 
0.257163 	 0.00540536 
0.269735 	 0.003229481 
0.282432 	 0.001884918 
0.295256 	 0.001074857 
0.308209 	 0.0006107792 
0.321291 	 0.0003283862 
0.334504 	 0.0001732338 
0.347849 	 8.898969e-05 
0.361327 	 4.182075e-05 
0.374941 	 1.820125e-05 
0.38869 	 7.355159e-06 
0.402577 	 2.574286e-06 
0.416603 	 7.980428e-07 
0.430769 	 2.219383e-07 
0.445076 	 5.557737e-08 
0.459527 	 1.376535e-08 
0.474123 	 3.201245e-09 
0.488864 	 7.034524e-10 
0.503752 	 1.421504e-10 
0.51879 	 2.539733e-11 
0.533978 	 3.876189e-12 
0.549318 	 5.054747e-13 
0.564811 	 6.300907e-14 
0.580459 	 7.724725e-15 
0.596263 	 9.812291e-16 
0.612226 	 1.237708e-16 
0.628348 	 1.617469e-17 
0.644632 	 2.099548e-18 
0.661078 	 3.120539e-19 
0.677689 	 4.538556e-20 
0.694466 	 6.169855e-21 
0.71141 	 9.402634e-22 
0.728525 	 1.591454e-22 
0.74581 	 2.885476e-23 
0.763268 	 6.452239e-24 
0.780901 	 1.388336e-24 
0.79871 	 2.982161e-25 
0.816697 	 6.785039e-26 
0.834864 	 1.352494e-26 
0.853212 	 2.304306e-27 
0.871744 	 3.924158e-28 
0.890462 	 6.327332e-29 
0.909366 	 9.941532e-30 
0.92846 	 1.630725e-30 
0.947745 	 2.606094e-31 
0.967222 	 4.406914e-32 
0.986894 	 8.339226e-33 
1.006763 	 1.568777e-33 
1.026831 	 2.89263e-34 
1.047099 	 5.625469e-35 
1.06757 	 9.842884e-36 
1.088246 	 1.814777e-36 
1.109128 	 4.426314e-37 
1.13022 	 8.546665e-38 
1.151522 	 1.594956e-38 
1.173037 	 4.053404e-39 
1.194768 	 1.606765e-39 
1.216715 	 6.567479e-40 
1.238882 	 2.521798e-40 
1.261271 	 1.183165e-40 
1.283884 	 4.933986e-41 
1.306723 	 2.140257e-41 
1.32979 	 1.111428e-41 
1.353088 	 5.299452e-42 
1.376619 	 2.557274e-42 
1.400385 	 1.259395e-42 
1.424389 	 4.719525e-43 
1.448633 	 1.592266e-43 
1.473119 	 4.460394e-44 
1.49785 	 8.083335e-45 
1.522829 	 1.661103e-45 
1.548057 	 3.602912e-46 
1.573538 	 5.10683e-47 
1.599273 	 8.681677e-48 
1.625266 	 1.927427e-48 
1.651518 	 3.696882e-49 
1.678033 	 7.867388e-50 
1.704814 	 2.150777e-50 
1.731862 	 6.049363e-51 
1.759181 	 1.969569e-51 
1.786772 	 7.504637e-52 
1.81464 	 2.576219e-52 
1.842787 	 1.251481e-52 
1.871214 	 8.682819e-53 
1.899927 	 7.272807e-53 
1.928926 	 1.032985e-52 
1.958215 	 2.509168e-52 
1.987797 	 8.367021e-52 
2.017675 	 2.921458e-51 
2.047852 	 1.223222e-50 
2.07833 	 5.552694e-50 
2.109114 	 2.424467e-49 
2.140205 	 1.183101e-48 
2.171607 	 3.768871e-48 
2.203323 	 9.756599e-48 
2.235356 	 1.327246e-47 
2.26771 	 1.209333e-47 
2.300387 	 7.354609e-48 
2.333391 	 4.953642e-48 
2.366725 	 2.157952e-48 
2.400392 	 1.19076e-48 
2.434396 	 2.689587e-48 
2.46874 	 7.255253e-48 
2.503427 	 1.51443e-47 
2.538461 	 7.782622e-47 
2.573846 	 2.741687e-45 
2.609585 	 1.385266e-43 
2.64568 	 3.095296e-41 
2.682137 	 1.846785e-38 
2.718959 	 1.859302e-35 
2.756148 	 6.576865e-32 
2.79371 	 8.480921e-28 
2.831647 	 1.889782e-23 
2.869963 	 1.319433e-19 
2.908663 	 2.148338e-16 
2.947749 	 4.074388e-14 
2.987227 	 2.315384e-13 
3.027099 	 1.529481e-14 
3.06737 	 7.135622e-19 
3.108044 	 4.252084e-28 
3.149124 	 7.40344e-38 
3.190616 	 1.251187e-49 
3.232522 	 4.741648e-67 
3.274847 	 2.948973e-77 
3.317595 	 9.591368e-91 
3.360771 	 2.943163e-93 
3.404379 	 7.274729e-100 
3.448423 	 8.034606e-103 
3.492907 	 5.063359e-105 
3.537836 	 8.101486e-108 
3.583215 	 3.540968e-109 
3.629047 	 1.272834e-110 
3.675337 	 3.136295e-112 
3.722091 	 2.700865e-114 
3.769311 	 1.120416e-116 
3.817005 	 2.368531e-119 
3.865175 	 1.139762e-123 
3.913826 	 7.672569e-126 
3.962965 	 6.106424e-128 
4.012594 	 2.745558e-130 
4.06272 	 2.417691e-132 
4.113347 	 2.310059e-134 
4.164481 	 2.025248e-136 
4.216126 	 6.667473e-139 
4.268287 	 5.847651e-141 
4.32097 	 2.025779e-143 
4.37418 	 4.021023e-146 
4.427921 	 1.135422e-148 
4.482201 	 2.299648e-151 
4.537023 	 5.024566e-154 
4.592393 	 7.80711e-157 
4.648317 	 5.872796e-160 
4.7048 	 3.400101e-163 
4.761848 	 4.347415e-166 
4.819466 	 1.10111e-168 
4.877661 	 1.620286e-170 
4.936438 	 1.296716e-172 
4.995802 	 7.841862e-172 
5.05576 	 1.988898e-172 
5.116318 	 1.122552e-175 
5.177481 	 1.248515e-177 
5.239256 	 4.264719e-181 
5.301648 	 8.524017e-184 
5.364665 	 3.91664e-188 
5.428311 	 1.392486e-192 
5.492594 	 3.49565e-195 
5.55752 	 1.745123e-199 
5.623096 	 3.705867e-202 
5.689326 	 9.832357e-206 
5.75622 	 1.775116e-208 
5.823782 	 1.428392e-211 
5.89202 	 3.105208e-215 
5.96094 	 3.961802e-218 
