0.01 	 0.002853965 
0.0201 	 0.006972328 
0.030301 	 0.01163055 
0.040604 	 0.01718844 
0.05101 	 0.02382082 
0.06152 	 0.0323342 
0.072135 	 0.04680731 
0.082857 	 0.06631021 
0.093685 	 0.08702161 
0.104622 	 0.1026039 
0.115668 	 0.1181049 
0.126825 	 0.1214902 
0.138093 	 0.1151917 
0.149474 	 0.106565 
0.160969 	 0.09480714 
0.172579 	 0.0876089 
0.184304 	 0.08057933 
0.196147 	 0.06820734 
0.208109 	 0.05341635 
0.22019 	 0.045232 
0.232392 	 0.04227375 
0.244716 	 0.0413656 
0.257163 	 0.04219971 
0.269735 	 0.04169251 
0.282432 	 0.03814143 
0.295256 	 0.03401809 
0.308209 	 0.03104024 
0.321291 	 0.03204701 
0.334504 	 0.03959488 
0.347849 	 0.05088599 
0.361327 	 0.07095125 
0.374941 	 0.1061271 
0.38869 	 0.1752282 
0.402577 	 0.3202531 
0.416603 	 0.6174854 
0.430769 	 1.116333 
0.445076 	 1.753641 
0.459527 	 2.52223 
0.474123 	 3.430986 
0.488864 	 4.407177 
0.503752 	 5.429323 
0.51879 	 6.336531 
0.533978 	 6.703546 
0.549318 	 6.340297 
0.564811 	 5.540705 
0.580459 	 4.564536 
0.596263 	 3.678811 
0.612226 	 3.010524 
0.628348 	 2.583304 
0.644632 	 2.122031 
0.661078 	 1.469047 
0.677689 	 0.8442099 
0.694466 	 0.4118802 
0.71141 	 0.1810914 
0.728525 	 0.07668562 
0.74581 	 0.03233316 
0.763268 	 0.01289952 
0.780901 	 0.004529666 
0.79871 	 0.001363632 
0.816697 	 0.0003849437 
0.834864 	 0.0001103722 
0.853212 	 3.118686e-05 
0.871744 	 7.948908e-06 
0.890462 	 1.724036e-06 
0.909366 	 3.356772e-07 
0.92846 	 6.012193e-08 
0.947745 	 1.005276e-08 
0.967222 	 1.681416e-09 
0.986894 	 2.763251e-10 
1.006763 	 4.143797e-11 
1.026831 	 5.954885e-12 
1.047099 	 8.211112e-13 
1.06757 	 1.147518e-13 
1.088246 	 1.757344e-14 
1.109128 	 3.175735e-15 
1.13022 	 6.164115e-16 
1.151522 	 1.220936e-16 
1.173037 	 2.556632e-17 
1.194768 	 4.988827e-18 
1.216715 	 9.360912e-19 
1.238882 	 1.693828e-19 
1.261271 	 3.142483e-20 
1.283884 	 5.245269e-21 
1.306723 	 8.678642e-22 
1.32979 	 1.549548e-22 
1.353088 	 2.871967e-23 
1.376619 	 5.924515e-24 
1.400385 	 1.071558e-24 
1.424389 	 1.692197e-25 
1.448633 	 2.661571e-26 
1.473119 	 3.31793e-27 
1.49785 	 3.283886e-28 
1.522829 	 3.715051e-29 
1.548057 	 3.843559e-30 
1.573538 	 3.038132e-31 
1.599273 	 2.905714e-32 
1.625266 	 3.056435e-33 
1.651518 	 3.471016e-34 
1.678033 	 5.606355e-35 
1.704814 	 1.205235e-35 
1.731862 	 2.722668e-36 
1.759181 	 8.421647e-37 
1.786772 	 3.766545e-37 
1.81464 	 1.875974e-37 
1.842787 	 1.181704e-37 
1.871214 	 1.139267e-37 
1.899927 	 1.452167e-37 
1.928926 	 4.313765e-37 
1.958215 	 2.867097e-36 
1.987797 	 2.120672e-35 
2.017675 	 1.527254e-34 
2.047852 	 1.397618e-33 
2.07833 	 1.031429e-32 
2.109114 	 6.051698e-32 
2.140205 	 3.342322e-31 
2.171607 	 1.219466e-30 
2.203323 	 3.545239e-30 
2.235356 	 7.301686e-30 
2.26771 	 1.057945e-29 
2.300387 	 1.142399e-29 
2.333391 	 1.364785e-29 
2.366725 	 1.411442e-29 
2.400392 	 1.519844e-29 
2.434396 	 5.063716e-29 
2.46874 	 1.952104e-28 
2.503427 	 1.447096e-27 
2.538461 	 2.29541e-26 
2.573846 	 4.836371e-25 
2.609585 	 1.812181e-23 
2.64568 	 9.680444e-22 
2.682137 	 8.005793e-20 
2.718959 	 4.843925e-18 
2.756148 	 3.122913e-16 
2.79371 	 1.670573e-14 
2.831647 	 2.354719e-13 
2.869963 	 3.528056e-13 
2.908663 	 1.986202e-14 
2.947749 	 2.282794e-17 
2.987227 	 3.736634e-22 
3.027099 	 9.623995e-30 
3.06737 	 4.745825e-40 
3.108044 	 2.703521e-55 
3.149124 	 3.400129e-69 
3.190616 	 1.486689e-83 
3.232522 	 4.660412e-104 
3.274847 	 5.090058e-115 
3.317595 	 2.598899e-131 
3.360771 	 4.412688e-137 
3.404379 	 2.850422e-145 
3.448423 	 3.848509e-150 
3.492907 	 8.803973e-153 
3.537836 	 7.158009e-157 
3.583215 	 2.247404e-159 
3.629047 	 3.48534e-162 
3.675337 	 1.975739e-164 
3.722091 	 1.654834e-166 
3.769311 	 4.406519e-169 
3.817005 	 2.604774e-171 
3.865175 	 8.472418e-174 
3.913826 	 7.54609e-176 
3.962965 	 6.542128e-178 
4.012594 	 3.691971e-180 
4.06272 	 3.606078e-182 
4.113347 	 2.725767e-184 
4.164481 	 2.610483e-186 
4.216126 	 1.909552e-188 
4.268287 	 2.823297e-190 
4.32097 	 3.033117e-192 
4.37418 	 1.217655e-194 
4.427921 	 3.092893e-197 
4.482201 	 5.408829e-200 
4.537023 	 1.576017e-202 
4.592393 	 2.456973e-205 
4.648317 	 1.532025e-209 
4.7048 	 4.782079e-214 
4.761848 	 1.318489e-218 
4.819466 	 4.885029e-223 
4.877661 	 3.161507e-227 
4.936438 	 3.245561e-231 
4.995802 	 8.611409e-235 
5.05576 	 2.354596e-238 
5.116318 	 9.214964e-245 
5.177481 	 9.561035e-249 
5.239256 	 3.692002e-254 
5.301648 	 1.179095e-258 
5.364665 	 1.034056e-263 
5.428311 	 2.630131e-270 
5.492594 	 4.314616e-275 
5.55752 	 1.188641e-281 
5.623096 	 3.59428e-287 
5.689326 	 5.760598e-294 
5.75622 	 1.214597e-299 
5.823782 	 1.147167e-305 
5.89202 	 1.521966e-312 
5.96094 	 2.94648399539e-318 
