0.01 	 7.446209e-06 
0.0201 	 1.59429e-05 
0.030301 	 2.220706e-05 
0.040604 	 2.637787e-05 
0.05101 	 2.936007e-05 
0.06152 	 3.361128e-05 
0.072135 	 4.450706e-05 
0.082857 	 6.531757e-05 
0.093685 	 9.575933e-05 
0.104622 	 0.0001288896 
0.115668 	 0.0001907555 
0.126825 	 0.0002525286 
0.138093 	 0.0003214954 
0.149474 	 0.000399895 
0.160969 	 0.0004725605 
0.172579 	 0.0005545265 
0.184304 	 0.0006309882 
0.196147 	 0.0006980231 
0.208109 	 0.0007731886 
0.22019 	 0.0009008692 
0.232392 	 0.001127245 
0.244716 	 0.001445639 
0.257163 	 0.001865231 
0.269735 	 0.002247196 
0.282432 	 0.002363499 
0.295256 	 0.002188854 
0.308209 	 0.001896368 
0.321291 	 0.001760294 
0.334504 	 0.00191048 
0.347849 	 0.002364403 
0.361327 	 0.003272615 
0.374941 	 0.005226033 
0.38869 	 0.009853904 
0.402577 	 0.02122738 
0.416603 	 0.0488755 
0.430769 	 0.103802 
0.445076 	 0.1872836 
0.459527 	 0.2978356 
0.474123 	 0.4363685 
0.488864 	 0.6002371 
0.503752 	 0.792812 
0.51879 	 1.00976 
0.533978 	 1.174049 
0.549318 	 1.244202 
0.564811 	 1.381979 
0.580459 	 1.758525 
0.596263 	 2.25346 
0.612226 	 2.883416 
0.628348 	 3.695211 
0.644632 	 4.672196 
0.661078 	 5.656065 
0.677689 	 6.328232 
0.694466 	 6.238012 
0.71141 	 5.369587 
0.728525 	 4.253145 
0.74581 	 3.246009 
0.763268 	 2.378539 
0.780901 	 1.647959 
0.79871 	 1.076308 
0.816697 	 0.6734274 
0.834864 	 0.4051514 
0.853212 	 0.2259851 
0.871744 	 0.112766 
0.890462 	 0.05026762 
0.909366 	 0.02031995 
0.92846 	 0.00754394 
0.947745 	 0.002631201 
0.967222 	 0.0008864861 
0.986894 	 0.0002807759 
1.006763 	 8.131475e-05 
1.026831 	 2.203849e-05 
1.047099 	 5.622181e-06 
1.06757 	 1.410291e-06 
1.088246 	 3.575841e-07 
1.109128 	 9.191524e-08 
1.13022 	 2.122485e-08 
1.151522 	 4.767534e-09 
1.173037 	 1.239317e-09 
1.194768 	 3.359114e-10 
1.216715 	 9.793251e-11 
1.238882 	 3.046743e-11 
1.261271 	 9.040034e-12 
1.283884 	 2.443382e-12 
1.306723 	 6.64869e-13 
1.32979 	 1.911397e-13 
1.353088 	 5.856554e-14 
1.376619 	 1.946493e-14 
1.400385 	 5.853185e-15 
1.424389 	 1.589651e-15 
1.448633 	 4.410673e-16 
1.473119 	 1.106951e-16 
1.49785 	 2.563848e-17 
1.522829 	 6.829958e-18 
1.548057 	 1.901594e-18 
1.573538 	 5.1059e-19 
1.599273 	 1.460404e-19 
1.625266 	 4.187261e-20 
1.651518 	 1.344898e-20 
1.678033 	 5.63068e-21 
1.704814 	 2.511116e-21 
1.731862 	 1.100385e-21 
1.759181 	 5.689786e-22 
1.786772 	 3.011854e-22 
1.81464 	 1.383954e-22 
1.842787 	 7.535719e-23 
1.871214 	 5.415857e-23 
1.899927 	 4.022916e-23 
1.928926 	 3.788305e-23 
1.958215 	 4.610882e-23 
1.987797 	 5.0869e-23 
2.017675 	 5.867136e-23 
2.047852 	 8.244094e-23 
2.07833 	 1.07614e-22 
2.109114 	 1.360148e-22 
2.140205 	 1.69514e-22 
2.171607 	 1.825217e-22 
2.203323 	 1.8021e-22 
2.235356 	 1.54964e-22 
2.26771 	 1.450509e-22 
2.300387 	 1.576177e-22 
2.333391 	 1.968668e-22 
2.366725 	 2.106641e-22 
2.400392 	 2.442667e-22 
2.434396 	 4.509043e-22 
2.46874 	 8.653879e-22 
2.503427 	 2.05544e-21 
2.538461 	 7.132599e-21 
2.573846 	 3.06865e-20 
2.609585 	 1.156711e-19 
2.64568 	 5.327272e-19 
2.682137 	 1.703598e-18 
2.718959 	 3.752344e-18 
2.756148 	 4.496321e-18 
2.79371 	 2.086743e-18 
2.831647 	 4.25547e-19 
2.869963 	 1.091217e-20 
2.908663 	 3.220518e-23 
2.947749 	 3.170393e-27 
2.987227 	 2.89905e-32 
3.027099 	 2.94661e-39 
3.06737 	 1.125698e-47 
3.108044 	 1.146493e-59 
3.149124 	 6.919676e-70 
3.190616 	 5.291387e-80 
3.232522 	 1.571294e-94 
3.274847 	 7.352082e-102 
3.317595 	 4.948056e-113 
3.360771 	 1.187004e-116 
3.404379 	 6.021785e-122 
3.448423 	 5.890741e-125 
3.492907 	 1.346732e-126 
3.537836 	 2.72026e-129 
3.583215 	 6.531771e-131 
3.629047 	 1.07353e-132 
3.675337 	 4.634047e-134 
3.722091 	 2.147278e-135 
3.769311 	 5.455925e-137 
3.817005 	 2.118765e-138 
3.865175 	 5.161323e-140 
3.913826 	 2.499585e-141 
3.962965 	 1.147566e-142 
4.012594 	 4.148435e-144 
4.06272 	 1.919593e-145 
4.113347 	 7.835277e-147 
4.164481 	 3.480738e-148 
4.216126 	 1.269375e-149 
4.268287 	 6.145e-151 
4.32097 	 1.781354e-152 
4.37418 	 2.375425e-154 
4.427921 	 2.043171e-156 
4.482201 	 9.958478e-159 
4.537023 	 4.070428e-161 
4.592393 	 7.59075e-164 
4.648317 	 1.310816e-167 
4.7048 	 1.084758e-171 
4.761848 	 8.428453e-176 
4.819466 	 9.731774e-180 
4.877661 	 2.486714e-183 
4.936438 	 1.085667e-186 
4.995802 	 1.715756e-189 
5.05576 	 2.055179e-192 
5.116318 	 1.469829e-197 
5.177481 	 5.111017e-201 
5.239256 	 1.080164e-205 
5.301648 	 1.078088e-209 
5.364665 	 2.852416e-214 
5.428311 	 4.836612e-220 
5.492594 	 1.994745e-224 
5.55752 	 2.823059e-230 
5.623096 	 3.180333e-235 
5.689326 	 3.168802e-241 
5.75622 	 2.456578e-246 
5.823782 	 1.115127e-251 
5.89202 	 1.089656e-257 
5.96094 	 1.060365e-262 
