0.01 	 1.699351e-14 
0.0201 	 1.875865e-13 
0.030301 	 9.579848e-13 
0.040604 	 2.670446e-12 
0.05101 	 5.259968e-12 
0.06152 	 6.016087e-12 
0.072135 	 4.284051e-12 
0.082857 	 2.571016e-12 
0.093685 	 1.280044e-12 
0.104622 	 5.551119e-13 
0.115668 	 2.427047e-13 
0.126825 	 9.929829e-14 
0.138093 	 3.679682e-14 
0.149474 	 1.390799e-14 
0.160969 	 5.361189e-15 
0.172579 	 1.978279e-15 
0.184304 	 7.535773e-16 
0.196147 	 2.911165e-16 
0.208109 	 1.106985e-16 
0.22019 	 4.814473e-17 
0.232392 	 2.367025e-17 
0.244716 	 1.183255e-17 
0.257163 	 6.528928e-18 
0.269735 	 3.916365e-18 
0.282432 	 2.581728e-18 
0.295256 	 1.969648e-18 
0.308209 	 1.714293e-18 
0.321291 	 1.423695e-18 
0.334504 	 1.161884e-18 
0.347849 	 8.722902e-19 
0.361327 	 5.735765e-19 
0.374941 	 3.477504e-19 
0.38869 	 1.905777e-19 
0.402577 	 8.67283e-20 
0.416603 	 3.580885e-20 
0.430769 	 1.353325e-20 
0.445076 	 4.912551e-21 
0.459527 	 1.86742e-21 
0.474123 	 7.492507e-22 
0.488864 	 3.062331e-22 
0.503752 	 1.219238e-22 
0.51879 	 4.551887e-23 
0.533978 	 1.541318e-23 
0.549318 	 4.833629e-24 
0.564811 	 1.348103e-24 
0.580459 	 3.425444e-25 
0.596263 	 8.827879e-26 
0.612226 	 2.116825e-26 
0.628348 	 4.851913e-27 
0.644632 	 1.09513e-27 
0.661078 	 2.744506e-28 
0.677689 	 5.952078e-29 
0.694466 	 1.252527e-29 
0.71141 	 3.2102e-30 
0.728525 	 8.335957e-31 
0.74581 	 2.366628e-31 
0.763268 	 8.151287e-32 
0.780901 	 2.566751e-32 
0.79871 	 7.834153e-33 
0.816697 	 2.648528e-33 
0.834864 	 7.545076e-34 
0.853212 	 1.972276e-34 
0.871744 	 5.785395e-35 
0.890462 	 1.48451e-35 
0.909366 	 3.677395e-36 
0.92846 	 1.001377e-36 
0.947745 	 2.442865e-37 
0.967222 	 6.127371e-38 
0.986894 	 1.684122e-38 
1.006763 	 3.988522e-39 
1.026831 	 9.047363e-40 
1.047099 	 2.186194e-40 
1.06757 	 4.703381e-41 
1.088246 	 9.93872e-42 
1.109128 	 2.594234e-42 
1.13022 	 5.879219e-43 
1.151522 	 1.489475e-43 
1.173037 	 4.574463e-44 
1.194768 	 1.614328e-44 
1.216715 	 5.083921e-45 
1.238882 	 1.979031e-45 
1.261271 	 9.380825e-46 
1.283884 	 3.96365e-46 
1.306723 	 1.809699e-46 
1.32979 	 7.887704e-47 
1.353088 	 2.58549e-47 
1.376619 	 8.117701e-48 
1.400385 	 2.291745e-48 
1.424389 	 4.917518e-49 
1.448633 	 1.07049e-49 
1.473119 	 2.19444e-50 
1.49785 	 3.342687e-51 
1.522829 	 5.350016e-52 
1.548057 	 7.849199e-53 
1.573538 	 9.513991e-54 
1.599273 	 1.445683e-54 
1.625266 	 2.132408e-55 
1.651518 	 2.560417e-56 
1.678033 	 4.041295e-57 
1.704814 	 8.105397e-58 
1.731862 	 1.752443e-58 
1.759181 	 5.092253e-59 
1.786772 	 2.177242e-59 
1.81464 	 9.133319e-60 
1.842787 	 5.772513e-60 
1.871214 	 5.877297e-60 
1.899927 	 7.682107e-60 
1.928926 	 1.593963e-59 
1.958215 	 4.958615e-59 
1.987797 	 1.733477e-58 
2.017675 	 6.507054e-58 
2.047852 	 2.71744e-57 
2.07833 	 1.030859e-56 
2.109114 	 4.15628e-56 
2.140205 	 1.453812e-55 
2.171607 	 3.489124e-55 
2.203323 	 6.352243e-55 
2.235356 	 5.746243e-55 
2.26771 	 3.23231e-55 
2.300387 	 1.045865e-55 
2.333391 	 4.08261e-56 
2.366725 	 1.338205e-56 
2.400392 	 5.986051e-57 
2.434396 	 4.16244e-57 
2.46874 	 2.85465e-57 
2.503427 	 2.281021e-57 
2.538461 	 3.931203e-57 
2.573846 	 2.271457e-56 
2.609585 	 1.68237e-55 
2.64568 	 4.813457e-54 
2.682137 	 2.967544e-52 
2.718959 	 3.896542e-50 
2.756148 	 2.318908e-47 
2.79371 	 3.461317e-44 
2.831647 	 2.061175e-40 
2.869963 	 3.037099e-36 
2.908663 	 1.676991e-31 
2.947749 	 2.076202e-26 
2.987227 	 5.094124e-21 
3.027099 	 3.9444e-15 
3.06737 	 3.204437e-09 
3.108044 	 0.003582885 
3.149124 	 1.42949 
3.190616 	 19.52063 
3.232522 	 2.930775 
3.274847 	 0.08022632 
3.317595 	 0.0001413232 
3.360771 	 1.594002e-05 
3.404379 	 5.074854e-08 
3.448423 	 8.428703e-10 
3.492907 	 1.096668e-11 
3.537836 	 5.444401e-14 
3.583215 	 2.614696e-16 
3.629047 	 1.344337e-18 
3.675337 	 5.626177e-21 
3.722091 	 1.80431e-23 
3.769311 	 3.352727e-26 
3.817005 	 5.494658e-29 
3.865175 	 1.754149e-32 
3.913826 	 4.265676e-35 
3.962965 	 9.96797e-38 
4.012594 	 1.521753e-40 
4.06272 	 3.505252e-43 
4.113347 	 7.501524e-46 
4.164481 	 1.962005e-48 
4.216126 	 3.045169e-51 
4.268287 	 9.28297e-54 
4.32097 	 1.748492e-56 
4.37418 	 1.728842e-59 
4.427921 	 2.068702e-62 
4.482201 	 1.518247e-65 
4.537023 	 6.219443e-69 
4.592393 	 1.998415e-72 
4.648317 	 2.462146e-76 
4.7048 	 1.685382e-80 
4.761848 	 1.977055e-84 
4.819466 	 4.167264e-88 
4.877661 	 2.212882e-91 
4.936438 	 1.588953e-94 
4.995802 	 3.116381e-96 
5.05576 	 2.414358e-98 
5.116318 	 4.692268e-103 
5.177481 	 4.538475e-106 
5.239256 	 5.488908e-111 
5.301648 	 1.746133e-114 
5.364665 	 8.944065e-119 
5.428311 	 1.764218e-124 
5.492594 	 2.815907e-128 
5.55752 	 5.558703e-134 
5.623096 	 4.085737e-138 
5.689326 	 1.421321e-143 
5.75622 	 8.602911e-148 
5.823782 	 2.735874e-152 
5.89202 	 1.144982e-157 
5.96094 	 8.611567e-162 
