0.01 	 1.773902e-06 
0.0201 	 5.042522e-06 
0.030301 	 9.040744e-06 
0.040604 	 1.344239e-05 
0.05101 	 1.797177e-05 
0.06152 	 2.289129e-05 
0.072135 	 3.088853e-05 
0.082857 	 4.495443e-05 
0.093685 	 7.110856e-05 
0.104622 	 0.000120368 
0.115668 	 0.0002640408 
0.126825 	 0.0005547886 
0.138093 	 0.00123564 
0.149474 	 0.002857743 
0.160969 	 0.006276921 
0.172579 	 0.01252605 
0.184304 	 0.02138526 
0.196147 	 0.03129051 
0.208109 	 0.04134691 
0.22019 	 0.06019184 
0.232392 	 0.09497431 
0.244716 	 0.155199 
0.257163 	 0.2477193 
0.269735 	 0.3626441 
0.282432 	 0.4733259 
0.295256 	 0.5567677 
0.308209 	 0.6180976 
0.321291 	 0.7120364 
0.334504 	 0.894213 
0.347849 	 1.18966 
0.361327 	 1.66802 
0.374941 	 2.424819 
0.38869 	 3.447836 
0.402577 	 4.589564 
0.416603 	 5.543951 
0.430769 	 5.998477 
0.445076 	 5.994569 
0.459527 	 5.755226 
0.474123 	 5.420164 
0.488864 	 4.952292 
0.503752 	 4.366524 
0.51879 	 3.747971 
0.533978 	 2.990044 
0.549318 	 2.142244 
0.564811 	 1.502879 
0.580459 	 1.074968 
0.596263 	 0.7670414 
0.612226 	 0.5364264 
0.628348 	 0.3616667 
0.644632 	 0.2191244 
0.661078 	 0.1193163 
0.677689 	 0.05870545 
0.694466 	 0.02671601 
0.71141 	 0.01209871 
0.728525 	 0.005548866 
0.74581 	 0.002622899 
0.763268 	 0.001320148 
0.780901 	 0.0006970827 
0.79871 	 0.0003840595 
0.816697 	 0.0002036006 
0.834864 	 9.693826e-05 
0.853212 	 4.556066e-05 
0.871744 	 2.063438e-05 
0.890462 	 7.808498e-06 
0.909366 	 2.661119e-06 
0.92846 	 8.866521e-07 
0.947745 	 2.781906e-07 
0.967222 	 8.714114e-08 
0.986894 	 2.629797e-08 
1.006763 	 6.930327e-09 
1.026831 	 1.727576e-09 
1.047099 	 4.219297e-10 
1.06757 	 9.991111e-11 
1.088246 	 2.611652e-11 
1.109128 	 7.897679e-12 
1.13022 	 1.960078e-12 
1.151522 	 3.751925e-13 
1.173037 	 8.322239e-14 
1.194768 	 2.042158e-14 
1.216715 	 5.117539e-15 
1.238882 	 1.515006e-15 
1.261271 	 4.362697e-16 
1.283884 	 9.805543e-17 
1.306723 	 2.166528e-17 
1.32979 	 5.233057e-18 
1.353088 	 1.268318e-18 
1.376619 	 3.287085e-19 
1.400385 	 7.972448e-20 
1.424389 	 1.66299e-20 
1.448633 	 3.157703e-21 
1.473119 	 4.234864e-22 
1.49785 	 4.018889e-23 
1.522829 	 3.953035e-24 
1.548057 	 3.252593e-25 
1.573538 	 2.205572e-26 
1.599273 	 1.871454e-27 
1.625266 	 1.949312e-28 
1.651518 	 2.186107e-29 
1.678033 	 3.580086e-30 
1.704814 	 8.476461e-31 
1.731862 	 1.957127e-31 
1.759181 	 6.731181e-32 
1.786772 	 3.952443e-32 
1.81464 	 2.266751e-32 
1.842787 	 1.298056e-32 
1.871214 	 9.283368e-33 
1.899927 	 8.823817e-33 
1.928926 	 2.448676e-32 
1.958215 	 1.677679e-31 
1.987797 	 1.325181e-30 
2.017675 	 9.975719e-30 
2.047852 	 8.473249e-29 
2.07833 	 6.306701e-28 
2.109114 	 3.936462e-27 
2.140205 	 1.851192e-26 
2.171607 	 6.877193e-26 
2.203323 	 2.257023e-25 
2.235356 	 6.106436e-25 
2.26771 	 1.436619e-24 
2.300387 	 2.952858e-24 
2.333391 	 7.143209e-24 
2.366725 	 1.488421e-23 
2.400392 	 2.483836e-23 
2.434396 	 1.238911e-22 
2.46874 	 6.754705e-22 
2.503427 	 3.203526e-21 
2.538461 	 2.8393e-20 
2.573846 	 3.965718e-19 
2.609585 	 3.310509e-18 
2.64568 	 1.603037e-17 
2.682137 	 1.955221e-17 
2.718959 	 4.479509e-18 
2.756148 	 9.011145e-20 
2.79371 	 8.470824e-23 
2.831647 	 8.197667e-27 
2.869963 	 2.88668e-33 
2.908663 	 6.402864e-41 
2.947749 	 2.453466e-52 
2.987227 	 8.52587e-65 
3.027099 	 5.09441e-82 
3.06737 	 4.529519e-101 
3.108044 	 3.921935e-126 
3.149124 	 7.920348e-149 
3.190616 	 6.724531e-170 
3.232522 	 4.168119e-200 
3.274847 	 4.445514e-216 
3.317595 	 2.081949e-240 
3.360771 	 2.174088e-249 
3.404379 	 2.046868e-263 
3.448423 	 1.138205e-272 
3.492907 	 1.306395e-279 
3.537836 	 3.477241e-288 
3.583215 	 3.526987e-294 
3.629047 	 7.648919e-302 
3.675337 	 1.432645e-308 
3.722091 	 1.56871500001e-314 
3.769311 	 6.12641400843e-322 
3.817005 	 0.0 
3.865175 	 0.0 
3.913826 	 0.0 
3.962965 	 0.0 
4.012594 	 0.0 
4.06272 	 0.0 
4.113347 	 0.0 
4.164481 	 0.0 
4.216126 	 0.0 
4.268287 	 0.0 
4.32097 	 0.0 
4.37418 	 0.0 
4.427921 	 0.0 
4.482201 	 0.0 
4.537023 	 0.0 
4.592393 	 0.0 
4.648317 	 0.0 
4.7048 	 0.0 
4.761848 	 0.0 
4.819466 	 0.0 
4.877661 	 0.0 
4.936438 	 0.0 
4.995802 	 0.0 
5.05576 	 0.0 
5.116318 	 0.0 
5.177481 	 0.0 
5.239256 	 0.0 
5.301648 	 0.0 
5.364665 	 0.0 
5.428311 	 0.0 
5.492594 	 0.0 
5.55752 	 0.0 
5.623096 	 0.0 
5.689326 	 0.0 
5.75622 	 0.0 
5.823782 	 0.0 
5.89202 	 0.0 
5.96094 	 0.0 
