0.01 	 8.013724e-49 
0.0201 	 1.0585e-48 
0.030301 	 6.297751e-49 
0.040604 	 2.810724e-49 
0.05101 	 1.526735e-49 
0.06152 	 1.494759e-49 
0.072135 	 2.725032e-49 
0.082857 	 9.285746e-49 
0.093685 	 3.88199e-48 
0.104622 	 1.69312e-47 
0.115668 	 9.819413e-47 
0.126825 	 5.12894e-46 
0.138093 	 2.571143e-45 
0.149474 	 1.376797e-44 
0.160969 	 6.437369e-44 
0.172579 	 2.836686e-43 
0.184304 	 1.318699e-42 
0.196147 	 5.695288e-42 
0.208109 	 2.200565e-41 
0.22019 	 8.994271e-41 
0.232392 	 3.432596e-40 
0.244716 	 1.17784e-39 
0.257163 	 4.214923e-39 
0.269735 	 1.499814e-38 
0.282432 	 4.732658e-38 
0.295256 	 1.548694e-37 
0.308209 	 5.518858e-37 
0.321291 	 1.863458e-36 
0.334504 	 7.921838e-36 
0.347849 	 4.345275e-35 
0.361327 	 2.537064e-34 
0.374941 	 1.956782e-33 
0.38869 	 2.22572e-32 
0.402577 	 3.792748e-31 
0.416603 	 1.101296e-29 
0.430769 	 3.171941e-28 
0.445076 	 5.36744e-27 
0.459527 	 7.07656e-26 
0.474123 	 8.545736e-25 
0.488864 	 1.101314e-23 
0.503752 	 1.948107e-22 
0.51879 	 4.268667e-21 
0.533978 	 1.225621e-19 
0.549318 	 4.722396e-18 
0.564811 	 2.452059e-16 
0.580459 	 1.181385e-14 
0.596263 	 4.895524e-13 
0.612226 	 1.482401e-11 
0.628348 	 3.431498e-10 
0.644632 	 6.364066e-09 
0.661078 	 1.07473e-07 
0.677689 	 1.666417e-06 
0.694466 	 2.344843e-05 
0.71141 	 0.0002806724 
0.728525 	 0.002558501 
0.74581 	 0.01766054 
0.763268 	 0.09211555 
0.780901 	 0.3434049 
0.79871 	 0.889362 
0.816697 	 1.640467 
0.834864 	 2.420348 
0.853212 	 3.391704 
0.871744 	 4.580057 
0.890462 	 5.822137 
0.909366 	 6.507639 
0.92846 	 6.543668 
0.947745 	 5.927769 
0.967222 	 4.887245 
0.986894 	 3.757594 
1.006763 	 2.61666 
1.026831 	 1.56963 
1.047099 	 0.7942995 
1.06757 	 0.3382487 
1.088246 	 0.1226812 
1.109128 	 0.03925891 
1.13022 	 0.0115253 
1.151522 	 0.003326911 
1.173037 	 0.0009841446 
1.194768 	 0.0002617886 
1.216715 	 5.88933e-05 
1.238882 	 1.203258e-05 
1.261271 	 2.325799e-06 
1.283884 	 4.233838e-07 
1.306723 	 7.702529e-08 
1.32979 	 1.240865e-08 
1.353088 	 1.740511e-09 
1.376619 	 2.469237e-10 
1.400385 	 3.287901e-11 
1.424389 	 3.886914e-12 
1.448633 	 4.559873e-13 
1.473119 	 4.649163e-14 
1.49785 	 4.682425e-15 
1.522829 	 5.663524e-16 
1.548057 	 6.17094e-17 
1.573538 	 5.977846e-18 
1.599273 	 6.138378e-19 
1.625266 	 5.451004e-20 
1.651518 	 5.064704e-21 
1.678033 	 5.506153e-22 
1.704814 	 4.827978e-23 
1.731862 	 4.12293e-24 
1.759181 	 4.96068e-25 
1.786772 	 7.101315e-26 
1.81464 	 8.103353e-27 
1.842787 	 7.674482e-28 
1.871214 	 5.992096e-29 
1.899927 	 2.848323e-30 
1.928926 	 1.095223e-31 
1.958215 	 2.773473e-33 
1.987797 	 3.134979e-35 
2.017675 	 3.698941e-37 
2.047852 	 6.511662e-39 
2.07833 	 8.951211e-41 
2.109114 	 9.999823e-43 
2.140205 	 1.521262e-44 
2.171607 	 2.119408e-46 
2.203323 	 4.444392e-48 
2.235356 	 3.029835e-49 
2.26771 	 2.152019e-50 
2.300387 	 1.956497e-51 
2.333391 	 2.637969e-52 
2.366725 	 3.181776e-53 
2.400392 	 3.752515e-54 
2.434396 	 3.886232e-55 
2.46874 	 1.856368e-56 
2.503427 	 7.940611e-58 
2.538461 	 8.122428e-59 
2.573846 	 8.368617e-60 
2.609585 	 4.837555e-61 
2.64568 	 2.525216e-62 
2.682137 	 5.161607e-64 
2.718959 	 8.803794e-66 
2.756148 	 9.808611e-68 
2.79371 	 3.227764e-70 
2.831647 	 2.929812e-73 
2.869963 	 3.10613e-77 
2.908663 	 8.320428e-82 
2.947749 	 4.917654e-88 
2.987227 	 2.607292e-95 
3.027099 	 2.082562e-105 
3.06737 	 1.1209e-118 
3.108044 	 6.350424e-138 
3.149124 	 1.602377e-156 
3.190616 	 3.114282e-176 
3.232522 	 8.961024e-204 
3.274847 	 2.412105e-217 
3.317595 	 1.045521e-235 
3.360771 	 7.210265e-241 
3.404379 	 3.745569e-247 
3.448423 	 3.767404e-250 
3.492907 	 2.012253e-251 
3.537836 	 2.501023e-253 
3.583215 	 1.928258e-253 
3.629047 	 2.010306e-254 
3.675337 	 1.400798e-254 
3.722091 	 1.081193e-254 
3.769311 	 5.030691e-255 
3.817005 	 4.141206e-255 
3.865175 	 1.593784e-255 
3.913826 	 9.673048e-256 
3.962965 	 4.524888e-256 
4.012594 	 1.214053e-256 
4.06272 	 3.96557e-257 
4.113347 	 1.044753e-257 
4.164481 	 4.144254e-258 
4.216126 	 2.296848e-258 
4.268287 	 2.816335e-258 
4.32097 	 5.499001e-258 
4.37418 	 1.584073e-257 
4.427921 	 6.364281e-257 
4.482201 	 2.21937e-256 
4.537023 	 5.479739e-256 
4.592393 	 7.667652e-256 
4.648317 	 2.839337e-256 
4.7048 	 2.914724e-257 
4.761848 	 9.762594e-259 
4.819466 	 1.632638e-260 
4.877661 	 5.861923e-262 
4.936438 	 8.555318e-263 
4.995802 	 2.133313e-263 
5.05576 	 7.998807e-264 
5.116318 	 5.657398e-265 
5.177481 	 3.902106e-266 
5.239256 	 2.330152e-268 
5.301648 	 1.784197e-270 
5.364665 	 2.285225e-273 
5.428311 	 2.244989e-278 
5.492594 	 1.300467e-283 
5.55752 	 2.024051e-291 
5.623096 	 8.477991e-300 
5.689326 	 3.74249e-311 
5.75622 	 6.42285339594e-323 
5.823782 	 0.0 
5.89202 	 0.0 
5.96094 	 0.0 
