0.01 	 0.001622312 
0.0201 	 0.005628504 
0.030301 	 0.01238316 
0.040604 	 0.02202698 
0.05101 	 0.0333779 
0.06152 	 0.04649964 
0.072135 	 0.06371575 
0.082857 	 0.08494307 
0.093685 	 0.1104662 
0.104622 	 0.1427397 
0.115668 	 0.1803782 
0.126825 	 0.219369 
0.138093 	 0.2634003 
0.149474 	 0.313152 
0.160969 	 0.3685251 
0.172579 	 0.433681 
0.184304 	 0.5135737 
0.196147 	 0.6018033 
0.208109 	 0.7007351 
0.22019 	 0.8185117 
0.232392 	 0.9788903 
0.244716 	 1.159351 
0.257163 	 1.401911 
0.269735 	 1.688923 
0.282432 	 2.01328 
0.295256 	 2.385588 
0.308209 	 2.795687 
0.321291 	 3.195654 
0.334504 	 3.640608 
0.347849 	 4.060658 
0.361327 	 4.460054 
0.374941 	 4.807803 
0.38869 	 5.052032 
0.402577 	 5.088026 
0.416603 	 4.93198 
0.430769 	 4.559846 
0.445076 	 4.047491 
0.459527 	 3.462132 
0.474123 	 2.817503 
0.488864 	 2.108873 
0.503752 	 1.482867 
0.51879 	 0.997017 
0.533978 	 0.6121715 
0.549318 	 0.3409101 
0.564811 	 0.1763404 
0.580459 	 0.08609078 
0.596263 	 0.03980288 
0.612226 	 0.01749942 
0.628348 	 0.007429303 
0.644632 	 0.002939554 
0.661078 	 0.001070153 
0.677689 	 0.0003413016 
0.694466 	 9.878562e-05 
0.71141 	 2.900078e-05 
0.728525 	 8.185044e-06 
0.74581 	 2.227895e-06 
0.763268 	 6.231143e-07 
0.780901 	 1.685495e-07 
0.79871 	 4.578176e-08 
0.816697 	 1.300954e-08 
0.834864 	 3.339574e-09 
0.853212 	 8.090662e-10 
0.871744 	 2.021605e-10 
0.890462 	 4.341098e-11 
0.909366 	 8.361275e-12 
0.92846 	 1.584298e-12 
0.947745 	 2.580666e-13 
0.967222 	 3.887387e-14 
0.986894 	 5.541722e-15 
1.006763 	 6.173324e-16 
1.026831 	 5.942616e-17 
1.047099 	 5.301945e-18 
1.06757 	 4.235768e-19 
1.088246 	 3.348904e-20 
1.109128 	 2.935097e-21 
1.13022 	 2.112799e-22 
1.151522 	 1.576487e-23 
1.173037 	 1.334019e-24 
1.194768 	 1.142153e-25 
1.216715 	 9.077482e-27 
1.238882 	 8.058107e-28 
1.261271 	 6.766351e-29 
1.283884 	 4.384843e-30 
1.306723 	 3.051549e-31 
1.32979 	 2.040492e-32 
1.353088 	 1.204932e-33 
1.376619 	 7.969249e-35 
1.400385 	 4.762545e-36 
1.424389 	 2.247603e-37 
1.448633 	 1.283237e-38 
1.473119 	 6.654881e-40 
1.49785 	 3.01565e-41 
1.522829 	 1.852877e-42 
1.548057 	 1.085812e-43 
1.573538 	 5.801976e-45 
1.599273 	 5.331843e-46 
1.625266 	 5.950043e-47 
1.651518 	 8.146806e-48 
1.678033 	 1.73015e-48 
1.704814 	 4.552267e-49 
1.731862 	 1.280599e-49 
1.759181 	 5.232447e-50 
1.786772 	 2.466855e-50 
1.81464 	 1.140225e-50 
1.842787 	 6.998467e-51 
1.871214 	 7.353027e-51 
1.899927 	 6.941653e-51 
1.928926 	 8.144687e-51 
1.958215 	 1.601408e-50 
1.987797 	 2.895365e-50 
2.017675 	 5.549988e-50 
2.047852 	 1.456269e-49 
2.07833 	 3.160252e-49 
2.109114 	 7.007543e-49 
2.140205 	 1.442506e-48 
2.171607 	 1.861201e-48 
2.203323 	 1.836426e-48 
2.235356 	 1.318604e-48 
2.26771 	 5.63098e-49 
2.300387 	 1.936721e-49 
2.333391 	 7.31767e-50 
2.366725 	 1.931754e-50 
2.400392 	 5.352048e-51 
2.434396 	 1.11475e-50 
2.46874 	 2.460406e-50 
2.503427 	 7.904892e-50 
2.538461 	 9.089341e-49 
2.573846 	 1.724919e-47 
2.609585 	 1.567061e-45 
2.64568 	 2.459809e-43 
2.682137 	 1.941276e-40 
2.718959 	 1.709455e-37 
2.756148 	 4.710384e-34 
2.79371 	 1.046082e-29 
2.831647 	 1.122979e-25 
2.869963 	 5.495736e-21 
2.908663 	 4.68469e-17 
2.947749 	 1.054652e-14 
2.987227 	 9.402502e-16 
3.027099 	 1.266415e-21 
3.06737 	 8.676031e-35 
3.108044 	 1.742606e-59 
3.149124 	 1.510988e-88 
3.190616 	 6.259881e-122 
3.232522 	 1.745748e-170 
3.274847 	 1.254047e-198 
3.317595 	 2.891428e-238 
3.360771 	 3.125541e-251 
3.404379 	 1.175606e-269 
3.448423 	 9.593464e-276 
3.492907 	 1.15434e-279 
3.537836 	 5.262826e-284 
3.583215 	 1.172731e-284 
3.629047 	 6.903261e-287 
3.675337 	 7.540729e-287 
3.722091 	 4.225072e-287 
3.769311 	 1.731995e-287 
3.817005 	 7.274701e-288 
3.865175 	 1.52942e-288 
3.913826 	 5.713915e-289 
3.962965 	 1.293823e-289 
4.012594 	 3.141312e-290 
4.06272 	 5.463374e-291 
4.113347 	 4.165927e-292 
4.164481 	 1.160913e-293 
4.216126 	 1.14807e-295 
4.268287 	 6.130091e-298 
4.32097 	 9.62148e-301 
4.37418 	 3.548062e-304 
4.427921 	 4.747429e-308 
4.482201 	 6.065946e-313 
4.537023 	 8.13444501282e-319 
4.592393 	 0.0 
4.648317 	 0.0 
4.7048 	 0.0 
4.761848 	 0.0 
4.819466 	 0.0 
4.877661 	 0.0 
4.936438 	 0.0 
4.995802 	 0.0 
5.05576 	 0.0 
5.116318 	 0.0 
5.177481 	 0.0 
5.239256 	 0.0 
5.301648 	 0.0 
5.364665 	 0.0 
5.428311 	 0.0 
5.492594 	 0.0 
5.55752 	 0.0 
5.623096 	 0.0 
5.689326 	 0.0 
5.75622 	 0.0 
5.823782 	 0.0 
5.89202 	 0.0 
5.96094 	 0.0 
