0.01 	 1.232829e-12 
0.0201 	 1.135874e-12 
0.030301 	 6.369589e-13 
0.040604 	 2.931247e-13 
0.05101 	 1.43341e-13 
0.06152 	 8.787737e-14 
0.072135 	 8.501659e-14 
0.082857 	 1.322179e-13 
0.093685 	 2.556975e-13 
0.104622 	 4.860872e-13 
0.115668 	 1.361022e-12 
0.126825 	 3.339043e-12 
0.138093 	 7.993468e-12 
0.149474 	 1.878768e-11 
0.160969 	 4.000495e-11 
0.172579 	 7.838198e-11 
0.184304 	 1.492576e-10 
0.196147 	 2.678921e-10 
0.208109 	 4.537025e-10 
0.22019 	 7.961712e-10 
0.232392 	 1.403492e-09 
0.244716 	 2.375882e-09 
0.257163 	 4.049572e-09 
0.269735 	 6.688882e-09 
0.282432 	 9.949681e-09 
0.295256 	 1.336036e-08 
0.308209 	 1.682428e-08 
0.321291 	 2.024674e-08 
0.334504 	 2.679608e-08 
0.347849 	 4.272728e-08 
0.361327 	 8.46133e-08 
0.374941 	 1.887371e-07 
0.38869 	 5.116897e-07 
0.402577 	 1.644924e-06 
0.416603 	 6.10853e-06 
0.430769 	 2.100067e-05 
0.445076 	 5.665936e-05 
0.459527 	 0.0001301633 
0.474123 	 0.0002786457 
0.488864 	 0.0005698079 
0.503752 	 0.001160747 
0.51879 	 0.00225355 
0.533978 	 0.003690341 
0.549318 	 0.005148642 
0.564811 	 0.00765359 
0.580459 	 0.01165609 
0.596263 	 0.01669544 
0.612226 	 0.02333618 
0.628348 	 0.03448301 
0.644632 	 0.05662192 
0.661078 	 0.09878454 
0.677689 	 0.1727702 
0.694466 	 0.2909928 
0.71141 	 0.4487494 
0.728525 	 0.6481589 
0.74581 	 0.8481196 
0.763268 	 1.061514 
0.780901 	 1.306773 
0.79871 	 1.594902 
0.816697 	 1.885262 
0.834864 	 2.162133 
0.853212 	 2.542146 
0.871744 	 2.982579 
0.890462 	 3.312764 
0.909366 	 3.632077 
0.92846 	 4.007133 
0.947745 	 4.322104 
0.967222 	 4.429744 
0.986894 	 4.254409 
1.006763 	 3.74194 
1.026831 	 2.953198 
1.047099 	 2.090142 
1.06757 	 1.364942 
1.088246 	 0.8345071 
1.109128 	 0.4828207 
1.13022 	 0.2640508 
1.151522 	 0.1429961 
1.173037 	 0.08272374 
1.194768 	 0.04872921 
1.216715 	 0.02800387 
1.238882 	 0.01579089 
1.261271 	 0.008781806 
1.283884 	 0.004729539 
1.306723 	 0.002506698 
1.32979 	 0.001231489 
1.353088 	 0.0005523832 
1.376619 	 0.0002468874 
1.400385 	 0.0001096259 
1.424389 	 4.475615e-05 
1.448633 	 1.700192e-05 
1.473119 	 6.036111e-06 
1.49785 	 2.202735e-06 
1.522829 	 9.169536e-07 
1.548057 	 3.798161e-07 
1.573538 	 1.574159e-07 
1.599273 	 6.963476e-08 
1.625266 	 2.944221e-08 
1.651518 	 1.287316e-08 
1.678033 	 6.145367e-09 
1.704814 	 2.613554e-09 
1.731862 	 1.026456e-09 
1.759181 	 4.375221e-10 
1.786772 	 1.795413e-10 
1.81464 	 6.160449e-11 
1.842787 	 1.840603e-11 
1.871214 	 5.113789e-12 
1.899927 	 1.165082e-12 
1.928926 	 2.413926e-13 
1.958215 	 3.925987e-14 
1.987797 	 4.05775e-15 
2.017675 	 3.931221e-16 
2.047852 	 3.734846e-17 
2.07833 	 2.642914e-18 
2.109114 	 1.5955e-19 
2.140205 	 1.164109e-20 
2.171607 	 9.13429e-22 
2.203323 	 1.032499e-22 
2.235356 	 2.463397e-23 
2.26771 	 7.273376e-24 
2.300387 	 2.435968e-24 
2.333391 	 9.375646e-25 
2.366725 	 3.884283e-25 
2.400392 	 1.679988e-25 
2.434396 	 4.647444e-26 
2.46874 	 7.263373e-27 
2.503427 	 8.896054e-28 
2.538461 	 1.438494e-28 
2.573846 	 2.115836e-29 
2.609585 	 1.570138e-30 
2.64568 	 1.042993e-31 
2.682137 	 2.340791e-33 
2.718959 	 3.647713e-35 
2.756148 	 1.807079e-37 
2.79371 	 1.274844e-40 
2.831647 	 2.015476e-44 
2.869963 	 7.192253e-50 
2.908663 	 3.803375e-56 
2.947749 	 1.215712e-65 
2.987227 	 4.92929e-76 
3.027099 	 2.018585e-90 
3.06737 	 2.383906e-107 
3.108044 	 3.77639e-130 
3.149124 	 5.458061e-151 
3.190616 	 5.258414e-171 
3.232522 	 1.265647e-199 
3.274847 	 2.737221e-214 
3.317595 	 5.488977e-237 
3.360771 	 6.866497e-245 
3.404379 	 2.693423e-256 
3.448423 	 2.317307e-262 
3.492907 	 5.575526e-267 
3.537836 	 9.534754e-273 
3.583215 	 5.16695e-276 
3.629047 	 1.506943e-280 
3.675337 	 5.116178e-284 
3.722091 	 2.844121e-287 
3.769311 	 6.875448e-291 
3.817005 	 8.600293e-294 
3.865175 	 3.625648e-297 
3.913826 	 9.681563e-300 
3.962965 	 2.68705e-302 
4.012594 	 2.704051e-305 
4.06272 	 1.461044e-307 
4.113347 	 5.535422e-310 
4.164481 	 1.730841e-311 
4.216126 	 7.50167199999e-313 
4.268287 	 1.89262899998e-313 
4.32097 	 6.85111700014e-314 
4.37418 	 1.42123800007e-314 
4.427921 	 2.56928999802e-315 
4.482201 	 9.71050898834e-317 
4.537023 	 7.33425629282e-319 
4.592393 	 1.02765654335e-321 
4.648317 	 0.0 
4.7048 	 0.0 
4.761848 	 0.0 
4.819466 	 0.0 
4.877661 	 0.0 
4.936438 	 0.0 
4.995802 	 0.0 
5.05576 	 0.0 
5.116318 	 0.0 
5.177481 	 0.0 
5.239256 	 0.0 
5.301648 	 0.0 
5.364665 	 0.0 
5.428311 	 0.0 
5.492594 	 0.0 
5.55752 	 0.0 
5.623096 	 0.0 
5.689326 	 0.0 
5.75622 	 0.0 
5.823782 	 0.0 
5.89202 	 0.0 
5.96094 	 0.0 
