0.01 	 1.038976e-12 
0.0201 	 8.594374e-13 
0.030301 	 4.196128e-13 
0.040604 	 1.570636e-13 
0.05101 	 5.918013e-14 
0.06152 	 2.627988e-14 
0.072135 	 1.776916e-14 
0.082857 	 1.942078e-14 
0.093685 	 2.666793e-14 
0.104622 	 3.551191e-14 
0.115668 	 7.048952e-14 
0.126825 	 1.23638e-13 
0.138093 	 2.154339e-13 
0.149474 	 3.684861e-13 
0.160969 	 5.581885e-13 
0.172579 	 7.956437e-13 
0.184304 	 1.127025e-12 
0.196147 	 1.519493e-12 
0.208109 	 2.012557e-12 
0.22019 	 2.867125e-12 
0.232392 	 4.289261e-12 
0.244716 	 6.38475e-12 
0.257163 	 1.045351e-11 
0.269735 	 1.766014e-11 
0.282432 	 2.784914e-11 
0.295256 	 4.161468e-11 
0.308209 	 5.496422e-11 
0.321291 	 5.763276e-11 
0.334504 	 6.097516e-11 
0.347849 	 7.901209e-11 
0.361327 	 1.223316e-10 
0.374941 	 2.366922e-10 
0.38869 	 5.068767e-10 
0.402577 	 1.19829e-09 
0.416603 	 3.363422e-09 
0.430769 	 9.02425e-09 
0.445076 	 1.865028e-08 
0.459527 	 3.461524e-08 
0.474123 	 6.175688e-08 
0.488864 	 1.049667e-07 
0.503752 	 1.917256e-07 
0.51879 	 3.44604e-07 
0.533978 	 5.285457e-07 
0.549318 	 7.529146e-07 
0.564811 	 1.152647e-06 
0.580459 	 1.783179e-06 
0.596263 	 2.743419e-06 
0.612226 	 4.275657e-06 
0.628348 	 7.093529e-06 
0.644632 	 1.289314e-05 
0.661078 	 2.610738e-05 
0.677689 	 5.774308e-05 
0.694466 	 0.0001355722 
0.71141 	 0.0003120505 
0.728525 	 0.0006454345 
0.74581 	 0.001123381 
0.763268 	 0.001872578 
0.780901 	 0.003213632 
0.79871 	 0.005698432 
0.816697 	 0.00996942 
0.834864 	 0.01670362 
0.853212 	 0.02889914 
0.871744 	 0.05196979 
0.890462 	 0.08491506 
0.909366 	 0.1361431 
0.92846 	 0.223982 
0.947745 	 0.3665634 
0.967222 	 0.5677226 
0.986894 	 0.8690357 
1.006763 	 1.344548 
1.026831 	 2.104079 
1.047099 	 3.154293 
1.06757 	 4.198754 
1.088246 	 5.314568 
1.109128 	 6.136943 
1.13022 	 6.418463 
1.151522 	 5.874093 
1.173037 	 4.613068 
1.194768 	 3.06495 
1.216715 	 1.698362 
1.238882 	 0.7981281 
1.261271 	 0.3277769 
1.283884 	 0.1135037 
1.306723 	 0.03429801 
1.32979 	 0.00921824 
1.353088 	 0.002239859 
1.376619 	 0.0005280529 
1.400385 	 0.0001198088 
1.424389 	 2.567757e-05 
1.448633 	 5.656415e-06 
1.473119 	 1.220819e-06 
1.49785 	 2.765779e-07 
1.522829 	 7.392148e-08 
1.548057 	 2.006145e-08 
1.573538 	 5.484386e-09 
1.599273 	 1.551794e-09 
1.625266 	 3.957977e-10 
1.651518 	 1.037839e-10 
1.678033 	 3.135641e-11 
1.704814 	 8.689937e-12 
1.731862 	 2.382879e-12 
1.759181 	 8.183367e-13 
1.786772 	 2.878212e-13 
1.81464 	 8.709514e-14 
1.842787 	 2.257924e-14 
1.871214 	 5.500583e-15 
1.899927 	 1.172704e-15 
1.928926 	 2.579799e-16 
1.958215 	 4.696841e-17 
1.987797 	 5.733691e-18 
2.017675 	 7.094416e-19 
2.047852 	 9.028351e-20 
2.07833 	 8.512805e-21 
2.109114 	 6.792635e-22 
2.140205 	 6.766384e-23 
2.171607 	 6.957488e-24 
2.203323 	 9.186333e-25 
2.235356 	 2.347553e-25 
2.26771 	 7.147766e-26 
2.300387 	 2.58169e-26 
2.333391 	 1.050506e-26 
2.366725 	 4.404165e-27 
2.400392 	 1.789329e-27 
2.434396 	 4.942133e-28 
2.46874 	 7.651282e-29 
2.503427 	 9.355268e-30 
2.538461 	 1.4417e-30 
2.573846 	 1.682549e-31 
2.609585 	 1.045884e-32 
2.64568 	 5.348513e-34 
2.682137 	 9.305945e-36 
2.718959 	 1.040871e-37 
2.756148 	 3.504415e-40 
2.79371 	 2.040893e-43 
2.831647 	 2.896997e-47 
2.869963 	 1.360642e-52 
2.908663 	 1.162579e-58 
2.947749 	 1.668287e-67 
2.987227 	 4.704549e-77 
3.027099 	 5.113105e-90 
3.06737 	 5.25832e-105 
3.108044 	 6.936187e-125 
3.149124 	 8.553247e-143 
3.190616 	 6.849529e-160 
3.232522 	 7.384299e-184 
3.274847 	 3.887596e-196 
3.317595 	 7.785902e-215 
3.360771 	 2.03322e-221 
3.404379 	 1.397253e-230 
3.448423 	 1.193038e-235 
3.492907 	 2.887115e-239 
3.537836 	 5.013835e-244 
3.583215 	 1.173096e-246 
3.629047 	 4.257695e-250 
3.675337 	 1.038011e-252 
3.722091 	 4.091914e-255 
3.769311 	 9.417176e-258 
3.817005 	 8.351717e-260 
3.865175 	 3.483172e-262 
3.913826 	 5.903414e-264 
3.962965 	 1.058165e-265 
4.012594 	 9.132146e-268 
4.06272 	 2.624995e-269 
4.113347 	 5.999088e-271 
4.164481 	 5.452525e-272 
4.216126 	 6.191131e-273 
4.268287 	 1.960024e-273 
4.32097 	 5.816117e-274 
4.37418 	 9.124049e-275 
4.427921 	 8.189459e-276 
4.482201 	 1.430149e-277 
4.537023 	 5.033449e-280 
4.592393 	 3.50107e-283 
4.648317 	 4.946442e-287 
4.7048 	 3.086378e-291 
4.761848 	 2.368171e-295 
4.819466 	 5.161052e-299 
4.877661 	 8.971599e-302 
4.936438 	 1.744375e-303 
4.995802 	 1.17645e-304 
5.05576 	 2.515737e-305 
5.116318 	 1.569412e-307 
5.177481 	 1.178173e-308 
5.239256 	 1.189363e-311 
5.301648 	 1.76043199998e-313 
5.364665 	 7.9545220159e-316 
5.428311 	 8.40405663576e-321 
5.492594 	 0.0 
5.55752 	 0.0 
5.623096 	 0.0 
5.689326 	 0.0 
5.75622 	 0.0 
5.823782 	 0.0 
5.89202 	 0.0 
5.96094 	 0.0 
