0.01 	 2.105979e-08 
0.0201 	 2.214201e-08 
0.030301 	 1.243488e-08 
0.040604 	 4.733514e-09 
0.05101 	 1.46541e-09 
0.06152 	 4.292357e-10 
0.072135 	 1.677266e-10 
0.082857 	 1.002098e-10 
0.093685 	 7.872755e-11 
0.104622 	 6.479746e-11 
0.115668 	 8.787988e-11 
0.126825 	 1.111014e-10 
0.138093 	 1.469463e-10 
0.149474 	 1.946778e-10 
0.160969 	 2.393634e-10 
0.172579 	 2.850146e-10 
0.184304 	 3.415272e-10 
0.196147 	 4.08422e-10 
0.208109 	 4.891628e-10 
0.22019 	 6.420954e-10 
0.232392 	 8.647884e-10 
0.244716 	 1.189577e-09 
0.257163 	 1.937136e-09 
0.269735 	 3.550833e-09 
0.282432 	 7.02876e-09 
0.295256 	 1.568464e-08 
0.308209 	 3.3463e-08 
0.321291 	 4.979113e-08 
0.334504 	 6.299169e-08 
0.347849 	 8.925504e-08 
0.361327 	 1.409914e-07 
0.374941 	 2.120752e-07 
0.38869 	 2.935589e-07 
0.402577 	 3.695152e-07 
0.416603 	 4.782172e-07 
0.430769 	 5.975921e-07 
0.445076 	 6.432328e-07 
0.459527 	 6.644198e-07 
0.474123 	 6.759518e-07 
0.488864 	 6.514138e-07 
0.503752 	 6.541931e-07 
0.51879 	 6.51938e-07 
0.533978 	 5.863237e-07 
0.549318 	 5.141781e-07 
0.564811 	 4.888852e-07 
0.580459 	 5.650991e-07 
0.596263 	 7.148228e-07 
0.612226 	 9.982281e-07 
0.628348 	 1.574757e-06 
0.644632 	 2.988444e-06 
0.661078 	 6.876453e-06 
0.677689 	 1.928888e-05 
0.694466 	 6.989827e-05 
0.71141 	 0.000274958 
0.728525 	 0.0007993273 
0.74581 	 0.001589842 
0.763268 	 0.002606774 
0.780901 	 0.004029595 
0.79871 	 0.006168091 
0.816697 	 0.00892955 
0.834864 	 0.01170834 
0.853212 	 0.01562045 
0.871744 	 0.02201595 
0.890462 	 0.03120005 
0.909366 	 0.05024113 
0.92846 	 0.08570833 
0.947745 	 0.1476147 
0.967222 	 0.243014 
0.986894 	 0.3651065 
1.006763 	 0.5150473 
1.026831 	 0.7205595 
1.047099 	 1.001961 
1.06757 	 1.36414 
1.088246 	 1.844526 
1.109128 	 2.486181 
1.13022 	 3.35596 
1.151522 	 4.048876 
1.173037 	 4.408291 
1.194768 	 4.473295 
1.216715 	 4.385913 
1.238882 	 4.031007 
1.261271 	 3.544615 
1.283884 	 2.851029 
1.306723 	 2.103623 
1.32979 	 1.43008 
1.353088 	 0.9088659 
1.376619 	 0.5691759 
1.400385 	 0.3525864 
1.424389 	 0.1999784 
1.448633 	 0.1065889 
1.473119 	 0.0558091 
1.49785 	 0.02944427 
1.522829 	 0.01559136 
1.548057 	 0.007913128 
1.573538 	 0.003793104 
1.599273 	 0.001830655 
1.625266 	 0.0008878224 
1.651518 	 0.0004390832 
1.678033 	 0.0002297937 
1.704814 	 0.0001159329 
1.731862 	 5.874961e-05 
1.759181 	 3.538333e-05 
1.786772 	 2.658114e-05 
1.81464 	 1.964684e-05 
1.842787 	 1.104414e-05 
1.871214 	 5.459995e-06 
1.899927 	 2.610975e-06 
1.928926 	 1.230502e-06 
1.958215 	 5.235128e-07 
1.987797 	 1.853717e-07 
2.017675 	 6.365366e-08 
2.047852 	 2.026976e-08 
2.07833 	 5.139143e-09 
2.109114 	 1.06335e-09 
2.140205 	 2.275472e-10 
2.171607 	 4.77273e-11 
2.203323 	 9.365615e-12 
2.235356 	 2.324683e-12 
2.26771 	 7.57019e-13 
2.300387 	 3.335687e-13 
2.333391 	 1.527194e-13 
2.366725 	 7.285983e-14 
2.400392 	 2.866452e-14 
2.434396 	 8.006802e-15 
2.46874 	 1.577662e-15 
2.503427 	 2.216423e-16 
2.538461 	 2.640827e-17 
2.573846 	 1.931372e-18 
2.609585 	 6.793909e-20 
2.64568 	 1.250077e-21 
2.682137 	 6.649323e-24 
2.718959 	 1.492407e-26 
2.756148 	 5.261705e-30 
2.79371 	 2.782845e-34 
2.831647 	 2.734417e-39 
2.869963 	 5.606164e-46 
2.908663 	 2.885627e-53 
2.947749 	 2.604598e-63 
2.987227 	 1.436134e-73 
3.027099 	 3.875531e-87 
3.06737 	 9.697899e-102 
3.108044 	 1.726822e-120 
3.149124 	 3.338932e-137 
3.190616 	 1.714917e-152 
3.232522 	 1.171213e-173 
3.274847 	 1.452476e-184 
3.317595 	 5.582913e-201 
3.360771 	 3.677785e-207 
3.404379 	 2.689531e-215 
3.448423 	 9.264335e-221 
3.492907 	 1.392229e-224 
3.537836 	 6.54691e-230 
3.583215 	 5.984525e-233 
3.629047 	 1.196836e-236 
3.675337 	 8.385564e-240 
3.722091 	 1.938844e-242 
3.769311 	 1.391533e-245 
3.817005 	 6.12206e-248 
3.865175 	 8.839281e-251 
3.913826 	 6.656576e-253 
3.962965 	 4.757859e-255 
4.012594 	 1.033022e-257 
4.06272 	 9.265471e-260 
4.113347 	 3.436483e-262 
4.164481 	 4.013731e-264 
4.216126 	 2.907578e-266 
4.268287 	 3.946946e-268 
4.32097 	 3.290712e-270 
4.37418 	 1.001732e-272 
4.427921 	 1.973298e-275 
4.482201 	 8.303403e-279 
4.537023 	 9.346625e-283 
4.592393 	 4.590468e-287 
4.648317 	 1.125443e-291 
4.7048 	 2.497675e-296 
4.761848 	 1.474993e-300 
4.819466 	 3.810139e-304 
4.877661 	 5.944885e-307 
4.936438 	 8.365406e-309 
4.995802 	 4.121276e-310 
5.05576 	 6.027731e-311 
5.116318 	 7.30460999985e-314 
5.177481 	 2.85156499777e-315 
5.239256 	 5.71288106286e-319 
5.301648 	 4.21437995903e-321 
5.364665 	 0.0 
5.428311 	 0.0 
5.492594 	 0.0 
5.55752 	 0.0 
5.623096 	 0.0 
5.689326 	 0.0 
5.75622 	 0.0 
5.823782 	 0.0 
5.89202 	 0.0 
5.96094 	 0.0 
