0.01 	 2.613455e-130 
0.0201 	 3.418864e-128 
0.030301 	 9.550692e-127 
0.040604 	 1.808681e-125 
0.05101 	 3.454335e-124 
0.06152 	 5.73448e-123 
0.072135 	 1.204139e-121 
0.082857 	 3.550934e-120 
0.093685 	 6.932135e-119 
0.104622 	 1.3367e-117 
0.115668 	 2.347096e-116 
0.126825 	 3.556329e-115 
0.138093 	 4.90341e-114 
0.149474 	 7.716069e-113 
0.160969 	 1.432261e-111 
0.172579 	 4.00504e-110 
0.184304 	 1.449199e-108 
0.196147 	 7.823318e-107 
0.208109 	 4.955686e-105 
0.22019 	 4.467506e-103 
0.232392 	 5.655788e-101 
0.244716 	 5.293987e-99 
0.257163 	 7.67455e-97 
0.269735 	 1.214177e-94 
0.282432 	 1.764185e-92 
0.295256 	 4.722783e-90 
0.308209 	 1.672215e-87 
0.321291 	 5.353475e-85 
0.334504 	 2.195868e-82 
0.347849 	 8.848434e-80 
0.361327 	 1.472387e-77 
0.374941 	 2.173492e-75 
0.38869 	 2.547142e-73 
0.402577 	 1.811902e-71 
0.416603 	 1.65714e-69 
0.430769 	 1.508609e-67 
0.445076 	 1.459241e-65 
0.459527 	 3.322813e-63 
0.474123 	 1.180097e-60 
0.488864 	 6.787923e-58 
0.503752 	 5.503186e-55 
0.51879 	 3.843582e-52 
0.533978 	 1.782859e-49 
0.549318 	 6.433856e-47 
0.564811 	 1.283676e-44 
0.580459 	 1.473753e-42 
0.596263 	 1.310275e-40 
0.612226 	 6.695906e-39 
0.628348 	 2.01377e-37 
0.644632 	 5.051148e-36 
0.661078 	 1.128394e-34 
0.677689 	 2.763344e-33 
0.694466 	 8.186329e-32 
0.71141 	 3.26914e-30 
0.728525 	 1.963113e-28 
0.74581 	 2.16879e-26 
0.763268 	 3.898335e-24 
0.780901 	 1.100019e-21 
0.79871 	 3.500314e-19 
0.816697 	 1.115311e-16 
0.834864 	 3.171388e-14 
0.853212 	 7.366209e-12 
0.871744 	 1.260325e-09 
0.890462 	 1.414748e-07 
0.909366 	 1.042459e-05 
0.92846 	 0.0004145653 
0.947745 	 0.009112435 
0.967222 	 0.1118057 
0.986894 	 0.7405541 
1.006763 	 3.075191 
1.026831 	 8.243508 
1.047099 	 13.23274 
1.06757 	 12.33325 
1.088246 	 6.906019 
1.109128 	 2.803669 
1.13022 	 0.9239914 
1.151522 	 0.2905301 
1.173037 	 0.09583083 
1.194768 	 0.03612586 
1.216715 	 0.01620178 
1.238882 	 0.008867641 
1.261271 	 0.006126305 
1.283884 	 0.004979302 
1.306723 	 0.003825549 
1.32979 	 0.002734532 
1.353088 	 0.00176821 
1.376619 	 0.000899937 
1.400385 	 0.0004129002 
1.424389 	 0.0001442723 
1.448633 	 3.227799e-05 
1.473119 	 4.461932e-06 
1.49785 	 4.651731e-07 
1.522829 	 4.255581e-08 
1.548057 	 2.757097e-09 
1.573538 	 1.054087e-10 
1.599273 	 2.489625e-12 
1.625266 	 3.408056e-14 
1.651518 	 2.914975e-16 
1.678033 	 1.866968e-18 
1.704814 	 7.613693e-21 
1.731862 	 2.575848e-23 
1.759181 	 1.152032e-25 
1.786772 	 6.173334e-28 
1.81464 	 2.569468e-30 
1.842787 	 7.593952e-33 
1.871214 	 1.516273e-35 
1.899927 	 1.6219e-38 
1.928926 	 1.384333e-41 
1.958215 	 9.546994e-45 
1.987797 	 4.472788e-48 
2.017675 	 4.568686e-51 
2.047852 	 1.28605e-53 
2.07833 	 3.061225e-56 
2.109114 	 5.394716e-59 
2.140205 	 8.662177e-62 
2.171607 	 8.102446e-65 
2.203323 	 8.824637e-68 
2.235356 	 1.396371e-70 
2.26771 	 1.577725e-73 
2.300387 	 1.749693e-76 
2.333391 	 3.662144e-79 
2.366725 	 6.238546e-82 
2.400392 	 1.635982e-84 
2.434396 	 7.572671e-87 
2.46874 	 2.363069e-89 
2.503427 	 2.186291e-91 
2.538461 	 1.21128e-92 
2.573846 	 1.069202e-93 
2.609585 	 1.087101e-94 
2.64568 	 2.91672e-95 
2.682137 	 6.551038e-96 
2.718959 	 2.24105e-96 
2.756148 	 3.13686e-96 
2.79371 	 4.03133e-96 
2.831647 	 6.486792e-96 
2.869963 	 2.499232e-95 
2.908663 	 1.735977e-94 
2.947749 	 9.555411e-94 
2.987227 	 6.003957e-93 
3.027099 	 2.787636e-92 
3.06737 	 1.26285e-91 
3.108044 	 1.316848e-90 
3.149124 	 3.429659e-90 
3.190616 	 4.286348e-90 
3.232522 	 9.172323e-90 
3.274847 	 2.83331e-89 
3.317595 	 5.986526e-89 
3.360771 	 2.408642e-88 
3.404379 	 9.165333e-88 
3.448423 	 6.324934e-87 
3.492907 	 1.305542e-85 
3.537836 	 4.085955e-84 
3.583215 	 1.658749e-82 
3.629047 	 1.44789e-80 
3.675337 	 1.420836e-78 
3.722091 	 1.761447e-76 
3.769311 	 4.266586e-74 
3.817005 	 1.430108e-71 
3.865175 	 4.631573e-69 
3.913826 	 2.015564e-66 
3.962965 	 6.561646e-64 
4.012594 	 1.205125e-61 
4.06272 	 1.397666e-59 
4.113347 	 8.605403e-58 
4.164481 	 1.987311e-56 
4.216126 	 1.792782e-55 
4.268287 	 5.010087e-55 
4.32097 	 8.581866e-55 
4.37418 	 1.776502e-54 
4.427921 	 3.420256e-54 
4.482201 	 5.185257e-54 
4.537023 	 5.917492e-54 
4.592393 	 5.395139e-54 
4.648317 	 1.730921e-54 
4.7048 	 2.499239e-55 
4.761848 	 2.135754e-56 
4.819466 	 1.278077e-57 
4.877661 	 2.263447e-58 
4.936438 	 2.145447e-58 
4.995802 	 3.812537e-58 
5.05576 	 1.358247e-57 
5.116318 	 2.48094e-57 
5.177481 	 5.118742e-57 
5.239256 	 3.995095e-57 
5.301648 	 5.435121e-57 
5.364665 	 2.810775e-57 
5.428311 	 6.616911e-59 
5.492594 	 7.478444e-61 
5.55752 	 7.17335e-65 
5.623096 	 7.020448e-70 
5.689326 	 1.231565e-77 
5.75622 	 1.099095e-86 
5.823782 	 1.137616e-97 
5.89202 	 6.477919e-111 
5.96094 	 2.361605e-123 
