0.01 	 4.786403e-31 
0.0201 	 5.315123e-30 
0.030301 	 2.226163e-29 
0.040604 	 6.05579e-29 
0.05101 	 1.809986e-28 
0.06152 	 4.684743e-28 
0.072135 	 1.180451e-27 
0.082857 	 3.822191e-27 
0.093685 	 1.149333e-26 
0.104622 	 3.04971e-26 
0.115668 	 7.356899e-26 
0.126825 	 1.334394e-25 
0.138093 	 1.631243e-25 
0.149474 	 1.691148e-25 
0.160969 	 1.69472e-25 
0.172579 	 1.390832e-25 
0.184304 	 1.184673e-25 
0.196147 	 1.184579e-25 
0.208109 	 1.217379e-25 
0.22019 	 1.503738e-25 
0.232392 	 2.478767e-25 
0.244716 	 4.306248e-25 
0.257163 	 9.272777e-25 
0.269735 	 2.534462e-24 
0.282432 	 8.606773e-24 
0.295256 	 4.583434e-23 
0.308209 	 3.45717e-22 
0.321291 	 2.532436e-21 
0.334504 	 1.411944e-20 
0.347849 	 5.67439e-20 
0.361327 	 1.378145e-19 
0.374941 	 2.212859e-19 
0.38869 	 2.474928e-19 
0.402577 	 1.742819e-19 
0.416603 	 8.633388e-20 
0.430769 	 3.199336e-20 
0.445076 	 1.044812e-20 
0.459527 	 3.236349e-21 
0.474123 	 8.910071e-22 
0.488864 	 2.367063e-22 
0.503752 	 5.371903e-23 
0.51879 	 9.592638e-24 
0.533978 	 1.467469e-24 
0.549318 	 1.981009e-25 
0.564811 	 2.134532e-26 
0.580459 	 2.169931e-27 
0.596263 	 2.314902e-28 
0.612226 	 2.307265e-29 
0.628348 	 2.377511e-30 
0.644632 	 2.581636e-31 
0.661078 	 2.890552e-32 
0.677689 	 2.661655e-33 
0.694466 	 2.134155e-34 
0.71141 	 1.830083e-35 
0.728525 	 1.461881e-36 
0.74581 	 1.287942e-37 
0.763268 	 1.38805e-38 
0.780901 	 1.498342e-39 
0.79871 	 1.80004e-40 
0.816697 	 2.529107e-41 
0.834864 	 3.033668e-42 
0.853212 	 3.533748e-43 
0.871744 	 4.517689e-44 
0.890462 	 4.344482e-45 
0.909366 	 4.670323e-46 
0.92846 	 5.819074e-47 
0.947745 	 6.15747e-48 
0.967222 	 7.282726e-49 
0.986894 	 9.606757e-50 
1.006763 	 1.059474e-50 
1.026831 	 1.323785e-51 
1.047099 	 1.801765e-52 
1.06757 	 2.058259e-53 
1.088246 	 2.332042e-54 
1.109128 	 3.327349e-55 
1.13022 	 3.810273e-56 
1.151522 	 5.471565e-57 
1.173037 	 1.071264e-57 
1.194768 	 2.331574e-58 
1.216715 	 4.400891e-59 
1.238882 	 1.055926e-59 
1.261271 	 3.028407e-60 
1.283884 	 7.771523e-61 
1.306723 	 2.317912e-61 
1.32979 	 6.925334e-62 
1.353088 	 1.907156e-62 
1.376619 	 6.844998e-63 
1.400385 	 3.004048e-63 
1.424389 	 1.29799e-63 
1.448633 	 7.849167e-64 
1.473119 	 5.157964e-64 
1.49785 	 3.487745e-64 
1.522829 	 3.738838e-64 
1.548057 	 4.445876e-64 
1.573538 	 5.308594e-64 
1.599273 	 9.723938e-64 
1.625266 	 1.881829e-63 
1.651518 	 4.075303e-63 
1.678033 	 1.41624e-62 
1.704814 	 5.308062e-62 
1.731862 	 2.260273e-61 
1.759181 	 1.329297e-60 
1.786772 	 9.945109e-60 
1.81464 	 7.324335e-59 
1.842787 	 7.2079e-58 
1.871214 	 1.140285e-56 
1.899927 	 2.359004e-55 
1.928926 	 6.406986e-54 
1.958215 	 2.562354e-52 
1.987797 	 8.775479e-51 
2.017675 	 2.82814e-49 
2.047852 	 8.630623e-48 
2.07833 	 1.663447e-46 
2.109114 	 2.524684e-45 
2.140205 	 2.564284e-44 
2.171607 	 1.472302e-43 
2.203323 	 7.397954e-43 
2.235356 	 2.757415e-42 
2.26771 	 5.703336e-42 
2.300387 	 6.702918e-42 
2.333391 	 7.373151e-42 
2.366725 	 5.750912e-42 
2.400392 	 6.087078e-42 
2.434396 	 6.551391e-42 
2.46874 	 2.651598e-42 
2.503427 	 1.072257e-42 
2.538461 	 1.096728e-42 
2.573846 	 1.26267e-42 
2.609585 	 1.658256e-42 
2.64568 	 2.890973e-42 
2.682137 	 6.254365e-42 
2.718959 	 2.394606e-41 
2.756148 	 1.845481e-40 
2.79371 	 2.432019e-39 
2.831647 	 3.609357e-38 
2.869963 	 5.591909e-37 
2.908663 	 1.052735e-35 
2.947749 	 2.634992e-34 
2.987227 	 1.380795e-32 
3.027099 	 1.821056e-30 
3.06737 	 5.149409e-28 
3.108044 	 2.415883e-24 
3.149124 	 1.615518e-21 
3.190616 	 2.098841e-18 
3.232522 	 1.273483e-14 
3.274847 	 2.079332e-12 
3.317595 	 6.211328e-10 
3.360771 	 2.201721e-08 
3.404379 	 8.10118e-07 
3.448423 	 1.484526e-05 
3.492907 	 0.0002728693 
3.537836 	 0.00357416 
3.583215 	 0.03583924 
3.629047 	 0.2727325 
3.675337 	 1.156437 
3.722091 	 2.993737 
3.769311 	 4.866188 
3.817005 	 5.187399 
3.865175 	 3.667755 
3.913826 	 1.848476 
3.962965 	 0.6636632 
4.012594 	 0.1766923 
4.06272 	 0.03485271 
4.113347 	 0.005309236 
4.164481 	 0.0005981114 
4.216126 	 4.592276e-05 
4.268287 	 2.225284e-06 
4.32097 	 5.882042e-08 
4.37418 	 7.17623e-10 
4.427921 	 3.785512e-12 
4.482201 	 7.13553e-15 
4.537023 	 3.973436e-18 
4.592393 	 8.287182e-22 
4.648317 	 7.464782e-26 
4.7048 	 3.021229e-30 
4.761848 	 1.386207e-34 
4.819466 	 1.192197e-38 
4.877661 	 2.397259e-42 
4.936438 	 1.632066e-45 
4.995802 	 2.839538e-48 
5.05576 	 7.543999e-51 
5.116318 	 4.207386e-55 
5.177481 	 2.941977e-58 
5.239256 	 3.7142e-63 
5.301648 	 7.756343e-67 
5.364665 	 9.054518e-71 
5.428311 	 1.671629e-76 
5.492594 	 5.176095e-81 
5.55752 	 3.978089e-87 
5.623096 	 4.019495e-92 
5.689326 	 1.771864e-98 
5.75622 	 1.004171e-103 
5.823782 	 4.20699e-109 
5.89202 	 2.359063e-115 
5.96094 	 3.197702e-120 
