0.01 	 0.0001091193 
0.0201 	 0.0003608085 
0.030301 	 0.0007704641 
0.040604 	 0.001400731 
0.05101 	 0.002320005 
0.06152 	 0.003459714 
0.072135 	 0.004766728 
0.082857 	 0.00603102 
0.093685 	 0.007516337 
0.104622 	 0.009152507 
0.115668 	 0.01065163 
0.126825 	 0.01171869 
0.138093 	 0.01163571 
0.149474 	 0.01078131 
0.160969 	 0.009378633 
0.172579 	 0.007431999 
0.184304 	 0.005516948 
0.196147 	 0.003551735 
0.208109 	 0.001854555 
0.22019 	 0.0008720488 
0.232392 	 0.0004844985 
0.244716 	 0.0002916752 
0.257163 	 0.0001759026 
0.269735 	 0.0001013484 
0.282432 	 5.790975e-05 
0.295256 	 3.733232e-05 
0.308209 	 2.6576e-05 
0.321291 	 2.085188e-05 
0.334504 	 1.998727e-05 
0.347849 	 2.189173e-05 
0.361327 	 2.520341e-05 
0.374941 	 2.950139e-05 
0.38869 	 3.299582e-05 
0.402577 	 3.170628e-05 
0.416603 	 2.532243e-05 
0.430769 	 1.846383e-05 
0.445076 	 1.32763e-05 
0.459527 	 1.028102e-05 
0.474123 	 8.527966e-06 
0.488864 	 7.122176e-06 
0.503752 	 5.729264e-06 
0.51879 	 4.557607e-06 
0.533978 	 4.302221e-06 
0.549318 	 4.702391e-06 
0.564811 	 3.747175e-06 
0.580459 	 2.284433e-06 
0.596263 	 1.323724e-06 
0.612226 	 7.142456e-07 
0.628348 	 3.468481e-07 
0.644632 	 1.464723e-07 
0.661078 	 5.564832e-08 
0.677689 	 1.759991e-08 
0.694466 	 5.577469e-09 
0.71141 	 2.235628e-09 
0.728525 	 1.008613e-09 
0.74581 	 5.340229e-10 
0.763268 	 3.414361e-10 
0.780901 	 2.350335e-10 
0.79871 	 1.764154e-10 
0.816697 	 1.432744e-10 
0.834864 	 1.050117e-10 
0.853212 	 6.612998e-11 
0.871744 	 3.424367e-11 
0.890462 	 1.951945e-11 
0.909366 	 1.210369e-11 
0.92846 	 7.696833e-12 
0.947745 	 4.799183e-12 
0.967222 	 3.250446e-12 
0.986894 	 2.287196e-12 
1.006763 	 1.31448e-12 
1.026831 	 7.052446e-13 
1.047099 	 3.924164e-13 
1.06757 	 2.230195e-13 
1.088246 	 1.650985e-13 
1.109128 	 1.786696e-13 
1.13022 	 3.233646e-13 
1.151522 	 4.842986e-13 
1.173037 	 2.89312e-13 
1.194768 	 9.73759e-14 
1.216715 	 3.330634e-14 
1.238882 	 1.507955e-14 
1.261271 	 8.964074e-15 
1.283884 	 4.517475e-15 
1.306723 	 2.250012e-15 
1.32979 	 1.479767e-15 
1.353088 	 1.111111e-15 
1.376619 	 9.097912e-16 
1.400385 	 6.767383e-16 
1.424389 	 3.911972e-16 
1.448633 	 2.141941e-16 
1.473119 	 1.049903e-16 
1.49785 	 4.250303e-17 
1.522829 	 2.284651e-17 
1.548057 	 1.490743e-17 
1.573538 	 5.025934e-18 
1.599273 	 1.804539e-18 
1.625266 	 9.62984e-19 
1.651518 	 5.960046e-19 
1.678033 	 5.02019e-19 
1.704814 	 4.700754e-19 
1.731862 	 4.697285e-19 
1.759181 	 8.146794e-19 
1.786772 	 4.955799e-18 
1.81464 	 4.422984e-17 
1.842787 	 1.795826e-16 
1.871214 	 6.522366e-16 
1.899927 	 2.868225e-15 
1.928926 	 1.361268e-14 
1.958215 	 8.544768e-14 
1.987797 	 6.513149e-13 
2.017675 	 5.248845e-12 
2.047852 	 5.035124e-11 
2.07833 	 4.107068e-10 
2.109114 	 2.673677e-09 
2.140205 	 1.946945e-08 
2.171607 	 8.488236e-08 
2.203323 	 2.958411e-07 
2.235356 	 8.385196e-07 
2.26771 	 1.813969e-06 
2.300387 	 3.067928e-06 
2.333391 	 5.097112e-06 
2.366725 	 7.902389e-06 
2.400392 	 1.170692e-05 
2.434396 	 5.094417e-05 
2.46874 	 0.0002502371 
2.503427 	 0.002536432 
2.538461 	 0.03310894 
2.573846 	 0.27522 
2.609585 	 2.271528 
2.64568 	 8.376195 
2.682137 	 12.60499 
2.718959 	 3.684834 
2.756148 	 0.1085161 
2.79371 	 0.0002191028 
2.831647 	 2.952868e-08 
2.869963 	 2.727967e-14 
2.908663 	 9.130325e-22 
2.947749 	 9.63078e-33 
2.987227 	 3.497139e-45 
3.027099 	 5.043714e-62 
3.06737 	 2.188167e-81 
3.108044 	 3.324076e-106 
3.149124 	 3.917999e-129 
3.190616 	 6.585453e-151 
3.232522 	 1.157848e-180 
3.274847 	 4.505128e-197 
3.317595 	 6.505364e-221 
3.360771 	 2.352807e-230 
3.404379 	 3.926215e-243 
3.448423 	 8.899529e-252 
3.492907 	 2.836594e-258 
3.537836 	 1.503902e-266 
3.583215 	 5.626546e-271 
3.629047 	 2.003214e-276 
3.675337 	 2.970146e-282 
3.722091 	 3.238508e-287 
3.769311 	 1.484131e-293 
3.817005 	 1.929582e-298 
3.865175 	 9.093965e-305 
3.913826 	 2.161224e-309 
3.962965 	 5.40395700012e-314 
4.012594 	 1.02503799543e-319 
4.06272 	 0.0 
4.113347 	 0.0 
4.164481 	 0.0 
4.216126 	 0.0 
4.268287 	 0.0 
4.32097 	 0.0 
4.37418 	 0.0 
4.427921 	 0.0 
4.482201 	 0.0 
4.537023 	 0.0 
4.592393 	 0.0 
4.648317 	 0.0 
4.7048 	 0.0 
4.761848 	 0.0 
4.819466 	 0.0 
4.877661 	 0.0 
4.936438 	 0.0 
4.995802 	 0.0 
5.05576 	 0.0 
5.116318 	 0.0 
5.177481 	 0.0 
5.239256 	 0.0 
5.301648 	 0.0 
5.364665 	 0.0 
5.428311 	 0.0 
5.492594 	 0.0 
5.55752 	 0.0 
5.623096 	 0.0 
5.689326 	 0.0 
5.75622 	 0.0 
5.823782 	 0.0 
5.89202 	 0.0 
5.96094 	 0.0 
