0.01 	 9.472317e-05 
0.0201 	 0.0004753963 
0.030301 	 0.001351185 
0.040604 	 0.00261204 
0.05101 	 0.004084548 
0.06152 	 0.005568386 
0.072135 	 0.006735963 
0.082857 	 0.007446644 
0.093685 	 0.007570813 
0.104622 	 0.007294538 
0.115668 	 0.006731341 
0.126825 	 0.006070342 
0.138093 	 0.005299367 
0.149474 	 0.00457368 
0.160969 	 0.003835884 
0.172579 	 0.003101326 
0.184304 	 0.002463984 
0.196147 	 0.001869625 
0.208109 	 0.001319853 
0.22019 	 0.0008866024 
0.232392 	 0.0006071392 
0.244716 	 0.0004124947 
0.257163 	 0.0002766396 
0.269735 	 0.0001820427 
0.282432 	 0.0001207706 
0.295256 	 8.56055e-05 
0.308209 	 6.46645e-05 
0.321291 	 4.898903e-05 
0.334504 	 3.841245e-05 
0.347849 	 3.0548e-05 
0.361327 	 2.38021e-05 
0.374941 	 1.785566e-05 
0.38869 	 1.240595e-05 
0.402577 	 7.525179e-06 
0.416603 	 4.053775e-06 
0.430769 	 2.077461e-06 
0.445076 	 1.108543e-06 
0.459527 	 6.408057e-07 
0.474123 	 3.876195e-07 
0.488864 	 2.344275e-07 
0.503752 	 1.397673e-07 
0.51879 	 7.939461e-08 
0.533978 	 4.808827e-08 
0.549318 	 3.237308e-08 
0.564811 	 1.848012e-08 
0.580459 	 9.004268e-09 
0.596263 	 4.34306e-09 
0.612226 	 1.893361e-09 
0.628348 	 7.394687e-10 
0.644632 	 2.518535e-10 
0.661078 	 8.264602e-11 
0.677689 	 2.374747e-11 
0.694466 	 7.02247e-12 
0.71141 	 2.581796e-12 
0.728525 	 1.026157e-12 
0.74581 	 4.450188e-13 
0.763268 	 2.284158e-13 
0.780901 	 1.194438e-13 
0.79871 	 6.525754e-14 
0.816697 	 4.010841e-14 
0.834864 	 2.322158e-14 
0.853212 	 1.257163e-14 
0.871744 	 6.932838e-15 
0.890462 	 4.021635e-15 
0.909366 	 2.420874e-15 
0.92846 	 1.572059e-15 
0.947745 	 9.673162e-16 
0.967222 	 6.056487e-16 
0.986894 	 3.92934e-16 
1.006763 	 2.174152e-16 
1.026831 	 1.125815e-16 
1.047099 	 5.945967e-17 
1.06757 	 2.955255e-17 
1.088246 	 1.677539e-17 
1.109128 	 1.222988e-17 
1.13022 	 1.022869e-17 
1.151522 	 9.009991e-18 
1.173037 	 6.260089e-18 
1.194768 	 3.793112e-18 
1.216715 	 2.235997e-18 
1.238882 	 1.709904e-18 
1.261271 	 1.524393e-18 
1.283884 	 1.196568e-18 
1.306723 	 1.001305e-18 
1.32979 	 9.503796e-19 
1.353088 	 8.791948e-19 
1.376619 	 8.075247e-19 
1.400385 	 6.760251e-19 
1.424389 	 4.413567e-19 
1.448633 	 2.656584e-19 
1.473119 	 1.412194e-19 
1.49785 	 6.191652e-20 
1.522829 	 2.925605e-20 
1.548057 	 1.358083e-20 
1.573538 	 5.637982e-21 
1.599273 	 2.820584e-21 
1.625266 	 1.646116e-21 
1.651518 	 1.073804e-21 
1.678033 	 9.443925e-22 
1.704814 	 9.208399e-22 
1.731862 	 9.027599e-22 
1.759181 	 1.183238e-21 
1.786772 	 2.562764e-21 
1.81464 	 6.468275e-21 
1.842787 	 1.439021e-20 
1.871214 	 3.38102e-20 
1.899927 	 9.406753e-20 
1.928926 	 3.216722e-19 
1.958215 	 1.566168e-18 
1.987797 	 9.763928e-18 
2.017675 	 7.730215e-17 
2.047852 	 7.509617e-16 
2.07833 	 7.239908e-15 
2.109114 	 6.834253e-14 
2.140205 	 5.441965e-13 
2.171607 	 3.124542e-12 
2.203323 	 1.438259e-11 
2.235356 	 3.809917e-11 
2.26771 	 7.261173e-11 
2.300387 	 1.015959e-10 
2.333391 	 1.517782e-10 
2.366725 	 1.88105e-10 
2.400392 	 2.835297e-10 
2.434396 	 6.79681e-10 
2.46874 	 1.9031e-09 
2.503427 	 6.237279e-09 
2.538461 	 2.721153e-08 
2.573846 	 2.203273e-07 
2.609585 	 2.008099e-06 
2.64568 	 2.718467e-05 
2.682137 	 0.0004025548 
2.718959 	 0.005682356 
2.756148 	 0.09911774 
2.79371 	 1.275123 
2.831647 	 6.905229 
2.869963 	 11.84034 
2.908663 	 5.263309 
2.947749 	 0.5765352 
2.987227 	 0.01150623 
3.027099 	 2.475413e-05 
3.06737 	 5.380772e-09 
3.108044 	 6.673173e-15 
3.149124 	 6.819023e-20 
3.190616 	 2.332019e-25 
3.232522 	 5.398485e-33 
3.274847 	 2.985104e-37 
3.317595 	 4.141417e-43 
3.360771 	 3.996286e-45 
3.404379 	 4.571217e-48 
3.448423 	 1.637813e-49 
3.492907 	 1.314301e-50 
3.537836 	 5.057546e-52 
3.583215 	 4.319135e-53 
3.629047 	 3.811836e-54 
3.675337 	 3.797163e-55 
3.722091 	 3.105745e-56 
3.769311 	 1.85721e-57 
3.817005 	 9.651882e-59 
3.865175 	 2.530052e-60 
3.913826 	 1.034725e-61 
3.962965 	 3.449603e-63 
4.012594 	 8.339869e-65 
4.06272 	 1.578381e-66 
4.113347 	 2.346343e-68 
4.164481 	 2.247735e-70 
4.216126 	 1.031436e-72 
4.268287 	 4.058961e-75 
4.32097 	 8.420299e-78 
4.37418 	 7.514554e-81 
4.427921 	 5.10745e-84 
4.482201 	 1.901876e-87 
4.537023 	 3.241529e-91 
4.592393 	 4.459437e-95 
4.648317 	 3.036891e-99 
4.7048 	 1.180641e-103 
4.761848 	 9.053036e-108 
4.819466 	 1.346862e-111 
4.877661 	 3.494572e-115 
4.936438 	 2.347683e-118 
4.995802 	 1.087039e-120 
5.05576 	 6.788984e-123 
5.116318 	 5.656422e-128 
5.177481 	 6.652821e-131 
5.239256 	 2.111787e-136 
5.301648 	 4.881084e-140 
5.364665 	 2.988318e-144 
5.428311 	 7.347677e-151 
5.492594 	 2.218696e-155 
5.55752 	 2.680577e-162 
5.623096 	 1.761151e-167 
5.689326 	 1.501778e-174 
5.75622 	 5.134692e-180 
5.823782 	 8.584759e-186 
5.89202 	 7.800603e-193 
5.96094 	 3.974139e-198 
