0.01 	 0.000245517 
0.0201 	 0.0008254586 
0.030301 	 0.001860778 
0.040604 	 0.003575596 
0.05101 	 0.006433864 
0.06152 	 0.01118723 
0.072135 	 0.01909268 
0.082857 	 0.03259418 
0.093685 	 0.05698021 
0.104622 	 0.1002939 
0.115668 	 0.1695183 
0.126825 	 0.2648607 
0.138093 	 0.4017041 
0.149474 	 0.6122169 
0.160969 	 0.9384249 
0.172579 	 1.448976 
0.184304 	 2.074632 
0.196147 	 2.688529 
0.208109 	 3.16395 
0.22019 	 3.41141 
0.232392 	 3.490473 
0.244716 	 3.417931 
0.257163 	 3.316192 
0.269735 	 3.25588 
0.282432 	 3.299846 
0.295256 	 3.528688 
0.308209 	 3.939645 
0.321291 	 4.320183 
0.334504 	 4.622229 
0.347849 	 4.842908 
0.361327 	 4.820764 
0.374941 	 4.574718 
0.38869 	 4.094773 
0.402577 	 3.349913 
0.416603 	 2.520586 
0.430769 	 1.743009 
0.445076 	 1.115629 
0.459527 	 0.6674788 
0.474123 	 0.3696405 
0.488864 	 0.1896632 
0.503752 	 0.08772539 
0.51879 	 0.03563554 
0.533978 	 0.01254159 
0.549318 	 0.003855779 
0.564811 	 0.001057668 
0.580459 	 0.0002655794 
0.596263 	 6.304022e-05 
0.612226 	 1.396592e-05 
0.628348 	 2.980542e-06 
0.644632 	 5.958459e-07 
0.661078 	 1.145949e-07 
0.677689 	 1.940799e-08 
0.694466 	 2.948787e-09 
0.71141 	 4.550786e-10 
0.728525 	 6.890102e-11 
0.74581 	 1.026654e-11 
0.763268 	 1.606426e-12 
0.780901 	 2.420989e-13 
0.79871 	 3.544841e-14 
0.816697 	 5.276145e-15 
0.834864 	 6.870847e-16 
0.853212 	 7.950852e-17 
0.871744 	 9.083071e-18 
0.890462 	 8.461799e-19 
0.909366 	 6.999523e-20 
0.92846 	 5.543445e-21 
0.947745 	 3.833983e-22 
0.967222 	 2.610134e-23 
0.986894 	 1.812528e-24 
1.006763 	 1.057845e-25 
1.026831 	 5.674415e-27 
1.047099 	 2.980976e-28 
1.06757 	 1.399244e-29 
1.088246 	 6.677912e-31 
1.109128 	 3.783785e-32 
1.13022 	 1.868746e-33 
1.151522 	 9.719249e-35 
1.173037 	 6.202294e-36 
1.194768 	 4.476916e-37 
1.216715 	 3.10103e-38 
1.238882 	 2.086223e-39 
1.261271 	 1.525046e-40 
1.283884 	 9.466076e-42 
1.306723 	 5.989229e-43 
1.32979 	 4.120395e-44 
1.353088 	 2.627496e-45 
1.376619 	 1.776098e-46 
1.400385 	 9.539282e-48 
1.424389 	 4.214818e-49 
1.448633 	 2.348036e-50 
1.473119 	 1.148774e-51 
1.49785 	 4.299582e-53 
1.522829 	 2.247751e-54 
1.548057 	 1.184626e-55 
1.573538 	 4.798323e-57 
1.599273 	 2.780887e-58 
1.625266 	 1.90073e-59 
1.651518 	 1.456415e-60 
1.678033 	 1.828054e-61 
1.704814 	 2.572774e-62 
1.731862 	 3.708035e-63 
1.759181 	 8.240975e-64 
1.786772 	 2.16038e-64 
1.81464 	 4.907771e-65 
1.842787 	 1.45993e-65 
1.871214 	 6.804816e-66 
1.899927 	 3.194849e-66 
1.928926 	 2.571867e-66 
1.958215 	 3.582568e-66 
1.987797 	 4.651796e-66 
2.017675 	 7.997942e-66 
2.047852 	 2.132403e-65 
2.07833 	 4.596567e-65 
2.109114 	 9.787005e-65 
2.140205 	 2.703698e-64 
2.171607 	 4.384704e-64 
2.203323 	 5.600378e-64 
2.235356 	 4.601752e-64 
2.26771 	 2.758292e-64 
2.300387 	 1.571384e-64 
2.333391 	 1.194141e-64 
2.366725 	 4.064678e-65 
2.400392 	 1.833041e-65 
2.434396 	 4.552903e-65 
2.46874 	 1.393645e-64 
2.503427 	 9.024339e-64 
2.538461 	 1.699159e-62 
2.573846 	 8.175035e-61 
2.609585 	 7.874279e-59 
2.64568 	 3.162316e-56 
2.682137 	 2.319404e-53 
2.718959 	 3.005921e-50 
2.756148 	 2.030685e-46 
2.79371 	 2.195543e-42 
2.831647 	 3.463152e-38 
2.869963 	 3.973678e-34 
2.908663 	 1.517933e-30 
2.947749 	 8.11726e-29 
2.987227 	 1.455736e-29 
3.027099 	 1.222112e-33 
3.06737 	 1.14461e-42 
3.108044 	 6.740493e-59 
3.149124 	 1.651581e-76 
3.190616 	 1.209172e-96 
3.232522 	 4.968329e-127 
3.274847 	 2.997875e-144 
3.317595 	 9.120859e-170 
3.360771 	 5.532164e-178 
3.404379 	 6.35206e-191 
3.448423 	 1.201427e-196 
3.492907 	 4.098137e-200 
3.537836 	 4.993534e-205 
3.583215 	 7.21083e-208 
3.629047 	 1.705459e-211 
3.675337 	 2.365029e-214 
3.722091 	 1.833304e-217 
3.769311 	 3.474455e-221 
3.817005 	 8.147669e-225 
3.865175 	 4.579154e-229 
3.913826 	 1.726698e-232 
3.962965 	 6.37833e-236 
4.012594 	 1.439245e-239 
4.06272 	 5.851324e-243 
4.113347 	 2.030721e-246 
4.164481 	 8.553967e-250 
4.216126 	 2.422922e-253 
4.268287 	 2.060548e-256 
4.32097 	 1.189733e-259 
4.37418 	 2.439974e-263 
4.427921 	 4.456963e-267 
4.482201 	 5.461099e-271 
4.537023 	 9.315988e-275 
4.592393 	 1.22824e-278 
4.648317 	 6.718422e-284 
4.7048 	 1.833866e-289 
4.761848 	 7.293773e-295 
4.819466 	 4.979948e-300 
4.877661 	 6.701727e-305 
4.936438 	 1.418565e-309 
4.995802 	 6.275735e-313 
5.05576 	 2.34270499588e-316 
5.116318 	 0.0 
5.177481 	 0.0 
5.239256 	 0.0 
5.301648 	 0.0 
5.364665 	 0.0 
5.428311 	 0.0 
5.492594 	 0.0 
5.55752 	 0.0 
5.623096 	 0.0 
5.689326 	 0.0 
5.75622 	 0.0 
5.823782 	 0.0 
5.89202 	 0.0 
5.96094 	 0.0 
