0.01 	 0.0002561461 
0.0201 	 0.001312333 
0.030301 	 0.004010808 
0.040604 	 0.009946495 
0.05101 	 0.02272873 
0.06152 	 0.04743552 
0.072135 	 0.09725083 
0.082857 	 0.1855174 
0.093685 	 0.3450729 
0.104622 	 0.5839562 
0.115668 	 0.8592283 
0.126825 	 1.069689 
0.138093 	 1.164207 
0.149474 	 1.137818 
0.160969 	 1.094529 
0.172579 	 1.098237 
0.184304 	 1.154031 
0.196147 	 1.244751 
0.208109 	 1.317002 
0.22019 	 1.352856 
0.232392 	 1.490364 
0.244716 	 1.640847 
0.257163 	 1.910971 
0.269735 	 2.327991 
0.282432 	 2.906029 
0.295256 	 3.539396 
0.308209 	 4.913235 
0.321291 	 6.49393 
0.334504 	 7.621135 
0.347849 	 7.573433 
0.361327 	 6.517826 
0.374941 	 4.833976 
0.38869 	 3.652247 
0.402577 	 2.708319 
0.416603 	 1.95662 
0.430769 	 1.370846 
0.445076 	 0.9329405 
0.459527 	 0.6228553 
0.474123 	 0.3668043 
0.488864 	 0.2266941 
0.503752 	 0.1350031 
0.51879 	 0.07621021 
0.533978 	 0.04021666 
0.549318 	 0.01986411 
0.564811 	 0.00836168 
0.580459 	 0.003611567 
0.596263 	 0.001453737 
0.612226 	 0.000554208 
0.628348 	 0.0002030601 
0.644632 	 7.117779e-05 
0.661078 	 2.061239e-05 
0.677689 	 5.667037e-06 
0.694466 	 1.334926e-06 
0.71141 	 2.844235e-07 
0.728525 	 5.550012e-08 
0.74581 	 1.021352e-08 
0.763268 	 1.60274e-09 
0.780901 	 2.668978e-10 
0.79871 	 4.350584e-11 
0.816697 	 6.838386e-12 
0.834864 	 9.930028e-13 
0.853212 	 1.339271e-13 
0.871744 	 1.736465e-14 
0.890462 	 1.884465e-15 
0.909366 	 2.273934e-16 
0.92846 	 2.774481e-17 
0.947745 	 3.412635e-18 
0.967222 	 4.444913e-19 
0.986894 	 5.989818e-20 
1.006763 	 7.145667e-21 
1.026831 	 9.490185e-22 
1.047099 	 1.303562e-22 
1.06757 	 1.837167e-23 
1.088246 	 2.741241e-24 
1.109128 	 4.464495e-25 
1.13022 	 6.981078e-26 
1.151522 	 1.323099e-26 
1.173037 	 2.823774e-27 
1.194768 	 6.608371e-28 
1.216715 	 1.663089e-28 
1.238882 	 4.3857e-29 
1.261271 	 1.105123e-29 
1.283884 	 3.001103e-30 
1.306723 	 8.664397e-31 
1.32979 	 2.519758e-31 
1.353088 	 7.531557e-32 
1.376619 	 2.449574e-32 
1.400385 	 8.211496e-33 
1.424389 	 3.074731e-33 
1.448633 	 1.297785e-33 
1.473119 	 5.905302e-34 
1.49785 	 2.947345e-34 
1.522829 	 1.79096e-34 
1.548057 	 1.198709e-34 
1.573538 	 9.301346e-35 
1.599273 	 9.633775e-35 
1.625266 	 1.050385e-34 
1.651518 	 1.038445e-34 
1.678033 	 1.037136e-34 
1.704814 	 1.046962e-34 
1.731862 	 1.098593e-34 
1.759181 	 1.238738e-34 
1.786772 	 1.380639e-34 
1.81464 	 1.535518e-34 
1.842787 	 1.795007e-34 
1.871214 	 2.222003e-34 
1.899927 	 2.437187e-34 
1.928926 	 2.473761e-34 
1.958215 	 2.345938e-34 
1.987797 	 1.806066e-34 
2.017675 	 1.159636e-34 
2.047852 	 6.649391e-35 
2.07833 	 3.119455e-35 
2.109114 	 1.525955e-35 
2.140205 	 7.345675e-36 
2.171607 	 3.060696e-36 
2.203323 	 1.269752e-36 
2.235356 	 5.362505e-37 
2.26771 	 1.97732e-37 
2.300387 	 5.994687e-38 
2.333391 	 1.751046e-38 
2.366725 	 4.629138e-39 
2.400392 	 1.320314e-39 
2.434396 	 4.074841e-40 
2.46874 	 1.076058e-40 
2.503427 	 3.188914e-41 
2.538461 	 1.273209e-41 
2.573846 	 5.709587e-42 
2.609585 	 2.848628e-42 
2.64568 	 1.985089e-42 
2.682137 	 1.599798e-42 
2.718959 	 1.555262e-42 
2.756148 	 2.384758e-42 
2.79371 	 4.792818e-42 
2.831647 	 1.34979e-41 
2.869963 	 5.732457e-41 
2.908663 	 3.636376e-40 
2.947749 	 3.174011e-39 
2.987227 	 4.017741e-38 
3.027099 	 9.503017e-37 
3.06737 	 3.844625e-35 
3.108044 	 5.53744e-33 
3.149124 	 1.924359e-31 
3.190616 	 4.9628e-30 
3.232522 	 5.227039e-29 
3.274847 	 3.323965e-28 
3.317595 	 6.356537e-28 
3.360771 	 3.921652e-27 
3.404379 	 1.144759e-26 
3.448423 	 1.133171e-25 
3.492907 	 2.855887e-24 
3.537836 	 3.6418e-23 
3.583215 	 4.914914e-22 
3.629047 	 1.125214e-20 
3.675337 	 2.70695e-19 
3.722091 	 5.882667e-18 
3.769311 	 1.007356e-16 
3.817005 	 1.600104e-15 
3.865175 	 2.153521e-14 
3.913826 	 1.265669e-13 
3.962965 	 6.022562e-13 
4.012594 	 2.431527e-12 
4.06272 	 7.520968e-12 
4.113347 	 1.991408e-11 
4.164481 	 3.462829e-11 
4.216126 	 4.909348e-11 
4.268287 	 6.138909e-11 
4.32097 	 5.37891e-11 
4.37418 	 2.912831e-11 
4.427921 	 1.057513e-11 
4.482201 	 3.452185e-12 
4.537023 	 1.545942e-12 
4.592393 	 5.02422e-13 
4.648317 	 2.936802e-14 
4.7048 	 1.292588e-15 
4.761848 	 4.848115e-17 
4.819466 	 1.855582e-18 
4.877661 	 8.53291e-20 
4.936438 	 4.074746e-21 
4.995802 	 1.550545e-22 
5.05576 	 5.472443e-24 
5.116318 	 3.651622e-26 
5.177481 	 1.000126e-27 
5.239256 	 2.682437e-29 
5.301648 	 4.674492e-31 
5.364665 	 5.314718e-33 
5.428311 	 4.701429e-35 
5.492594 	 6.79561e-37 
5.55752 	 6.069572e-39 
5.623096 	 4.863885e-41 
5.689326 	 3.15548e-43 
5.75622 	 2.410383e-45 
5.823782 	 1.752217e-47 
5.89202 	 1.288628e-49 
5.96094 	 1.305415e-51 
