0.01 	 0.03474231 
0.0201 	 0.1113008 
0.030301 	 0.2161925 
0.040604 	 0.3375552 
0.05101 	 0.4652916 
0.06152 	 0.6022361 
0.072135 	 0.756586 
0.082857 	 0.9240057 
0.093685 	 1.101931 
0.104622 	 1.288511 
0.115668 	 1.489875 
0.126825 	 1.703329 
0.138093 	 1.936232 
0.149474 	 2.192527 
0.160969 	 2.458784 
0.172579 	 2.73066 
0.184304 	 3.017003 
0.196147 	 3.290517 
0.208109 	 3.50803 
0.22019 	 3.672062 
0.232392 	 3.880321 
0.244716 	 4.089346 
0.257163 	 4.283446 
0.269735 	 4.394628 
0.282432 	 4.396825 
0.295256 	 4.307033 
0.308209 	 4.129094 
0.321291 	 3.810104 
0.334504 	 3.425982 
0.347849 	 2.99425 
0.361327 	 2.540709 
0.374941 	 2.062412 
0.38869 	 1.588054 
0.402577 	 1.124394 
0.416603 	 0.7217261 
0.430769 	 0.430098 
0.445076 	 0.2502549 
0.459527 	 0.1443058 
0.474123 	 0.08110554 
0.488864 	 0.0441551 
0.503752 	 0.02275888 
0.51879 	 0.01091383 
0.533978 	 0.004932999 
0.549318 	 0.002136427 
0.564811 	 0.0008578421 
0.580459 	 0.0003282768 
0.596263 	 0.0001227792 
0.612226 	 4.33888e-05 
0.628348 	 1.480866e-05 
0.644632 	 4.739711e-06 
0.661078 	 1.393469e-06 
0.677689 	 3.570859e-07 
0.694466 	 8.380478e-08 
0.71141 	 2.017773e-08 
0.728525 	 4.596196e-09 
0.74581 	 1.024062e-09 
0.763268 	 2.313636e-10 
0.780901 	 5.050243e-11 
0.79871 	 1.088742e-11 
0.816697 	 2.412363e-12 
0.834864 	 4.726825e-13 
0.853212 	 8.726072e-14 
0.871744 	 1.62287e-14 
0.890462 	 2.487033e-15 
0.909366 	 3.506422e-16 
0.92846 	 4.977547e-17 
0.947745 	 6.181526e-18 
0.967222 	 7.637989e-19 
0.986894 	 9.487696e-20 
1.006763 	 9.417329e-21 
1.026831 	 8.736789e-22 
1.047099 	 8.158123e-23 
1.06757 	 7.155041e-24 
1.088246 	 6.721804e-25 
1.109128 	 7.482362e-26 
1.13022 	 7.190247e-27 
1.151522 	 6.873319e-28 
1.173037 	 8.449301e-29 
1.194768 	 1.091151e-29 
1.216715 	 1.36652e-30 
1.238882 	 1.942709e-31 
1.261271 	 2.595099e-32 
1.283884 	 2.657327e-33 
1.306723 	 2.82705e-34 
1.32979 	 3.121373e-35 
1.353088 	 3.297757e-36 
1.376619 	 4.228209e-37 
1.400385 	 5.078847e-38 
1.424389 	 5.01955e-39 
1.448633 	 5.765482e-40 
1.473119 	 6.107616e-41 
1.49785 	 5.440664e-42 
1.522829 	 6.273361e-43 
1.548057 	 7.168684e-44 
1.573538 	 6.738268e-45 
1.599273 	 1.076456e-45 
1.625266 	 2.658612e-46 
1.651518 	 8.810488e-47 
1.678033 	 5.394909e-47 
1.704814 	 4.189192e-47 
1.731862 	 3.049459e-47 
1.759181 	 3.151727e-47 
1.786772 	 4.693332e-47 
1.81464 	 7.298375e-47 
1.842787 	 1.381976e-46 
1.871214 	 4.475278e-46 
1.899927 	 1.477751e-45 
1.928926 	 7.379413e-45 
1.958215 	 7.257074e-44 
1.987797 	 6.965632e-43 
2.017675 	 7.074023e-42 
2.047852 	 9.988208e-41 
2.07833 	 1.211461e-39 
2.109114 	 1.411634e-38 
2.140205 	 1.249368e-37 
2.171607 	 7.296511e-37 
2.203323 	 3.195016e-36 
2.235356 	 7.731774e-36 
2.26771 	 1.063603e-35 
2.300387 	 1.029849e-35 
2.333391 	 1.031375e-35 
2.366725 	 5.694659e-36 
2.400392 	 3.221831e-36 
2.434396 	 9.366648e-36 
2.46874 	 3.494245e-35 
2.503427 	 2.90778e-34 
2.538461 	 6.960788e-33 
2.573846 	 2.760003e-31 
2.609585 	 3.09666e-29 
2.64568 	 6.574795e-27 
2.682137 	 3.38726e-24 
2.718959 	 2.086039e-21 
2.756148 	 2.364661e-18 
2.79371 	 9.545542e-16 
2.831647 	 3.813171e-14 
2.869963 	 1.050438e-13 
2.908663 	 6.39129e-15 
2.947749 	 3.210237e-18 
2.987227 	 2.795094e-24 
3.027099 	 2.898178e-34 
3.06737 	 1.236624e-48 
3.108044 	 2.522521e-70 
3.149124 	 1.444108e-91 
3.190616 	 1.673506e-113 
3.232522 	 4.887401e-144 
3.274847 	 2.198555e-160 
3.317595 	 1.227293e-183 
3.360771 	 3.433256e-191 
3.404379 	 3.637104e-202 
3.448423 	 3.096105e-207 
3.492907 	 5.508527e-209 
3.537836 	 7.198027e-212 
3.583215 	 6.877804e-213 
3.629047 	 1.575212e-214 
3.675337 	 1.321427e-214 
3.722091 	 8.507675e-215 
3.769311 	 1.733624e-215 
3.817005 	 4.157295e-216 
3.865175 	 8.137056e-217 
3.913826 	 1.635198e-217 
3.962965 	 2.568647e-218 
4.012594 	 3.469084e-219 
4.06272 	 2.328009e-220 
4.113347 	 1.107055e-221 
4.164481 	 1.313618e-223 
4.216126 	 6.362796e-226 
4.268287 	 2.664424e-228 
4.32097 	 4.037979e-231 
4.37418 	 1.266381e-234 
4.427921 	 2.086258e-238 
4.482201 	 3.618997e-242 
4.537023 	 1.588207e-245 
4.592393 	 5.347704e-249 
4.648317 	 1.356492e-254 
4.7048 	 1.192626e-260 
4.761848 	 1.604343e-266 
4.819466 	 3.05038e-272 
4.877661 	 6.127381e-278 
4.936438 	 2.914637e-283 
4.995802 	 4.129338e-288 
5.05576 	 2.026776e-292 
5.116318 	 3.359216e-302 
5.177481 	 6.407286e-307 
5.239256 	 5.7558339987e-315 
5.301648 	 2.69562216371e-320 
5.364665 	 0.0 
5.428311 	 0.0 
5.492594 	 0.0 
5.55752 	 0.0 
5.623096 	 0.0 
5.689326 	 0.0 
5.75622 	 0.0 
5.823782 	 0.0 
5.89202 	 0.0 
5.96094 	 0.0 
