0.01 	 9.603763e-05 
0.0201 	 0.000311048 
0.030301 	 0.0006135041 
0.040604 	 0.0009750041 
0.05101 	 0.001364909 
0.06152 	 0.001778872 
0.072135 	 0.00249728 
0.082857 	 0.003509948 
0.093685 	 0.004724398 
0.104622 	 0.006102532 
0.115668 	 0.007488041 
0.126825 	 0.008713942 
0.138093 	 0.01008963 
0.149474 	 0.01153539 
0.160969 	 0.01309916 
0.172579 	 0.01509232 
0.184304 	 0.01762363 
0.196147 	 0.02042221 
0.208109 	 0.02310571 
0.22019 	 0.02674105 
0.232392 	 0.03312222 
0.244716 	 0.04170467 
0.257163 	 0.05343349 
0.269735 	 0.06759047 
0.282432 	 0.08262028 
0.295256 	 0.09926046 
0.308209 	 0.1177483 
0.321291 	 0.1393264 
0.334504 	 0.1720353 
0.347849 	 0.2223288 
0.361327 	 0.2847265 
0.374941 	 0.4011759 
0.38869 	 0.5833549 
0.402577 	 0.8525761 
0.416603 	 1.220649 
0.430769 	 1.683797 
0.445076 	 2.2103 
0.459527 	 2.791877 
0.474123 	 3.46468 
0.488864 	 4.239126 
0.503752 	 5.068955 
0.51879 	 5.848798 
0.533978 	 6.342559 
0.549318 	 6.357983 
0.564811 	 5.938624 
0.580459 	 5.144236 
0.596263 	 4.106027 
0.612226 	 3.041969 
0.628348 	 2.095701 
0.644632 	 1.361387 
0.661078 	 0.8051763 
0.677689 	 0.4130949 
0.694466 	 0.1851151 
0.71141 	 0.07701642 
0.728525 	 0.0296155 
0.74581 	 0.01051796 
0.763268 	 0.003550904 
0.780901 	 0.001133685 
0.79871 	 0.0003532702 
0.816697 	 0.0001088236 
0.834864 	 3.062557e-05 
0.853212 	 8.02989e-06 
0.871744 	 2.096664e-06 
0.890462 	 4.889533e-07 
0.909366 	 1.051446e-07 
0.92846 	 2.1416e-08 
0.947745 	 3.787088e-09 
0.967222 	 6.193804e-10 
0.986894 	 9.314904e-11 
1.006763 	 1.117856e-11 
1.026831 	 1.172519e-12 
1.047099 	 1.140042e-13 
1.06757 	 1.030741e-14 
1.088246 	 9.362793e-16 
1.109128 	 9.056373e-17 
1.13022 	 7.632354e-18 
1.151522 	 6.923759e-19 
1.173037 	 7.039682e-20 
1.194768 	 6.846318e-21 
1.216715 	 6.324695e-22 
1.238882 	 6.448136e-23 
1.261271 	 6.178189e-24 
1.283884 	 5.014042e-25 
1.306723 	 4.213667e-26 
1.32979 	 3.089491e-27 
1.353088 	 1.910742e-28 
1.376619 	 1.16555e-29 
1.400385 	 5.536624e-31 
1.424389 	 2.024498e-32 
1.448633 	 8.260216e-34 
1.473119 	 2.811868e-35 
1.49785 	 8.1296e-37 
1.522829 	 2.788395e-38 
1.548057 	 8.296777e-40 
1.573538 	 2.284639e-41 
1.599273 	 8.450371e-43 
1.625266 	 2.934278e-44 
1.651518 	 1.140931e-45 
1.678033 	 6.58425e-47 
1.704814 	 4.005689e-48 
1.731862 	 2.644426e-49 
1.759181 	 2.761444e-50 
1.786772 	 3.318037e-51 
1.81464 	 3.374126e-52 
1.842787 	 4.00346e-53 
1.871214 	 6.516926e-54 
1.899927 	 1.021754e-54 
1.928926 	 2.367226e-55 
1.958215 	 7.714863e-56 
1.987797 	 2.121122e-56 
2.017675 	 8.64575e-57 
2.047852 	 5.626109e-57 
2.07833 	 3.153809e-57 
2.109114 	 1.855326e-57 
2.140205 	 1.314406e-57 
2.171607 	 6.058914e-58 
2.203323 	 2.228042e-58 
2.235356 	 6.167494e-59 
2.26771 	 1.207082e-59 
2.300387 	 2.247025e-60 
2.333391 	 5.747586e-61 
2.366725 	 1.067983e-61 
2.400392 	 2.535023e-62 
2.434396 	 2.884083e-62 
2.46874 	 3.386506e-62 
2.503427 	 7.622478e-62 
2.538461 	 6.35092e-61 
2.573846 	 8.949967e-60 
2.609585 	 4.303119e-58 
2.64568 	 5.947254e-56 
2.682137 	 2.893955e-53 
2.718959 	 2.126929e-50 
2.756148 	 8.321438e-47 
2.79371 	 1.671947e-42 
2.831647 	 3.762513e-38 
2.869963 	 3.42907e-33 
2.908663 	 1.71482e-28 
2.947749 	 3.260765e-24 
2.987227 	 2.933872e-21 
3.027099 	 8.14064e-22 
3.06737 	 2.017101e-29 
3.108044 	 2.452036e-48 
3.149124 	 5.132096e-74 
3.190616 	 4.408212e-106 
3.232522 	 9.544675e-155 
3.274847 	 4.466804e-184 
3.317595 	 1.065309e-225 
3.360771 	 1.504153e-239 
3.404379 	 1.401569e-258 
3.448423 	 2.654071e-264 
3.492907 	 1.001117e-267 
3.537836 	 1.032924e-271 
3.583215 	 6.99914e-272 
3.629047 	 2.652377e-273 
3.675337 	 1.122384e-272 
3.722091 	 2.924899e-272 
3.769311 	 6.895985e-272 
3.817005 	 2.030092e-271 
3.865175 	 4.400136e-271 
3.913826 	 1.1721e-270 
3.962965 	 2.186809e-270 
4.012594 	 3.685912e-270 
4.06272 	 4.464619e-270 
4.113347 	 2.753607e-270 
4.164481 	 7.202165e-271 
4.216126 	 8.188318e-272 
4.268287 	 4.033222e-273 
4.32097 	 5.89589e-275 
4.37418 	 2.093752e-277 
4.427921 	 1.981376e-280 
4.482201 	 2.348359e-284 
4.537023 	 3.553278e-289 
4.592393 	 4.553646e-294 
4.648317 	 4.418986e-300 
4.7048 	 2.053544e-306 
4.761848 	 6.82685899999e-313 
4.819466 	 4.9062200829e-319 
4.877661 	 0.0 
4.936438 	 0.0 
4.995802 	 0.0 
5.05576 	 0.0 
5.116318 	 0.0 
5.177481 	 0.0 
5.239256 	 0.0 
5.301648 	 0.0 
5.364665 	 0.0 
5.428311 	 0.0 
5.492594 	 0.0 
5.55752 	 0.0 
5.623096 	 0.0 
5.689326 	 0.0 
5.75622 	 0.0 
5.823782 	 0.0 
5.89202 	 0.0 
5.96094 	 0.0 
