0.01 	 1.731646e-89 
0.0201 	 3.388119e-87 
0.030301 	 3.091046e-85 
0.040604 	 4.015837e-83 
0.05101 	 8.105685e-81 
0.06152 	 9.317269e-79 
0.072135 	 4.625891e-77 
0.082857 	 1.163405e-75 
0.093685 	 1.286223e-74 
0.104622 	 8.886907e-74 
0.115668 	 3.425135e-73 
0.126825 	 1.488968e-72 
0.138093 	 7.036194e-72 
0.149474 	 3.96118e-71 
0.160969 	 2.425242e-70 
0.172579 	 1.986871e-69 
0.184304 	 2.253982e-68 
0.196147 	 3.642561e-67 
0.208109 	 7.503015e-66 
0.22019 	 2.145549e-64 
0.232392 	 8.099081e-63 
0.244716 	 3.010378e-61 
0.257163 	 1.403748e-59 
0.269735 	 6.905402e-58 
0.282432 	 3.03776e-56 
0.295256 	 1.566117e-54 
0.308209 	 8.449584e-53 
0.321291 	 4.202404e-51 
0.334504 	 2.229072e-49 
0.347849 	 1.084136e-47 
0.361327 	 3.426816e-46 
0.374941 	 1.086063e-44 
0.38869 	 3.789437e-43 
0.402577 	 1.490751e-41 
0.416603 	 8.912027e-40 
0.430769 	 6.346212e-38 
0.445076 	 4.412668e-36 
0.459527 	 4.079706e-34 
0.474123 	 4.238355e-32 
0.488864 	 4.84071e-30 
0.503752 	 6.683135e-28 
0.51879 	 8.476513e-26 
0.533978 	 8.839383e-24 
0.549318 	 8.979888e-22 
0.564811 	 7.813001e-20 
0.580459 	 4.953976e-18 
0.596263 	 2.364527e-16 
0.612226 	 7.842745e-15 
0.628348 	 1.908192e-13 
0.644632 	 3.675602e-12 
0.661078 	 6.308029e-11 
0.677689 	 1.037217e-09 
0.694466 	 1.718198e-08 
0.71141 	 2.623297e-07 
0.728525 	 3.397345e-06 
0.74581 	 3.781162e-05 
0.763268 	 0.0003458587 
0.780901 	 0.002458247 
0.79871 	 0.01243966 
0.816697 	 0.04314845 
0.834864 	 0.1273196 
0.853212 	 0.2823694 
0.871744 	 0.4942802 
0.890462 	 0.8538563 
0.909366 	 1.355636 
0.92846 	 2.005973 
0.947745 	 2.754043 
0.967222 	 3.444208 
0.986894 	 4.187234 
1.006763 	 4.905402 
1.026831 	 5.5202 
1.047099 	 5.640262 
1.06757 	 5.079705 
1.088246 	 4.076155 
1.109128 	 3.023503 
1.13022 	 2.150891 
1.151522 	 1.559074 
1.173037 	 1.116332 
1.194768 	 0.5812397 
1.216715 	 0.1958376 
1.238882 	 0.04964652 
1.261271 	 0.009792829 
1.283884 	 0.001482877 
1.306723 	 0.0001755367 
1.32979 	 1.53466e-05 
1.353088 	 9.597655e-07 
1.376619 	 4.599494e-08 
1.400385 	 1.664673e-09 
1.424389 	 4.311203e-11 
1.448633 	 9.105916e-13 
1.473119 	 1.442065e-14 
1.49785 	 1.994453e-16 
1.522829 	 2.921754e-18 
1.548057 	 3.348273e-20 
1.573538 	 2.739305e-22 
1.599273 	 1.882129e-24 
1.625266 	 8.947724e-27 
1.651518 	 3.585021e-29 
1.678033 	 1.611507e-31 
1.704814 	 6.004804e-34 
1.731862 	 2.426545e-36 
1.759181 	 1.601493e-38 
1.786772 	 1.317708e-40 
1.81464 	 9.064897e-43 
1.842787 	 5.302796e-45 
1.871214 	 2.770258e-47 
1.899927 	 9.645693e-50 
1.928926 	 3.554908e-52 
1.958215 	 1.26056e-54 
1.987797 	 3.730571e-57 
2.017675 	 2.972773e-59 
2.047852 	 6.918305e-61 
2.07833 	 1.601543e-62 
2.109114 	 3.986223e-64 
2.140205 	 1.155454e-65 
2.171607 	 2.510192e-67 
2.203323 	 8.494486e-69 
2.235356 	 3.896743e-70 
2.26771 	 1.414965e-71 
2.300387 	 4.879354e-73 
2.333391 	 3.268963e-74 
2.366725 	 2.036059e-75 
2.400392 	 2.418709e-76 
2.434396 	 6.117002e-77 
2.46874 	 1.242596e-77 
2.503427 	 5.818141e-78 
2.538461 	 7.612614e-78 
2.573846 	 1.016338e-77 
2.609585 	 1.276315e-77 
2.64568 	 2.673275e-77 
2.682137 	 2.93815e-77 
2.718959 	 3.407966e-77 
2.756148 	 6.923044e-77 
2.79371 	 8.380354e-77 
2.831647 	 7.049076e-77 
2.869963 	 7.519312e-77 
2.908663 	 5.970209e-77 
2.947749 	 2.729773e-77 
2.987227 	 1.169692e-77 
3.027099 	 2.397011e-78 
3.06737 	 3.145602e-79 
3.108044 	 1.622615e-80 
3.149124 	 2.730282e-81 
3.190616 	 1.690257e-82 
3.232522 	 4.99112e-84 
3.274847 	 1.574712e-84 
3.317595 	 9.652637e-86 
3.360771 	 8.607288e-86 
3.404379 	 3.665188e-86 
3.448423 	 6.916861e-86 
3.492907 	 2.694211e-85 
3.537836 	 1.044968e-84 
3.583215 	 4.063341e-84 
3.629047 	 1.731014e-83 
3.675337 	 4.832994e-83 
3.722091 	 9.461511e-83 
3.769311 	 1.493614e-82 
3.817005 	 1.793433e-82 
3.865175 	 1.634925e-82 
3.913826 	 1.895127e-82 
3.962965 	 2.550453e-82 
4.012594 	 3.33146e-82 
4.06272 	 5.610291e-82 
4.113347 	 1.191317e-81 
4.164481 	 3.094103e-81 
4.216126 	 1.410811e-80 
4.268287 	 1.099111e-79 
4.32097 	 1.1314e-78 
4.37418 	 1.84215e-77 
4.427921 	 4.134082e-76 
4.482201 	 1.408775e-74 
4.537023 	 4.112825e-73 
4.592393 	 1.152886e-71 
4.648317 	 1.280632e-70 
4.7048 	 6.504766e-70 
4.761848 	 1.845829e-69 
4.819466 	 2.984744e-69 
4.877661 	 8.010365e-69 
4.936438 	 6.063311e-68 
4.995802 	 5.887992e-67 
5.05576 	 9.669294e-66 
5.116318 	 1.494944e-64 
5.177481 	 1.83092e-63 
5.239256 	 1.514491e-62 
5.301648 	 1.382125e-61 
5.364665 	 5.426911e-61 
5.428311 	 2.555925e-61 
5.492594 	 2.983968e-62 
5.55752 	 1.290386e-64 
5.623096 	 4.19437e-68 
5.689326 	 2.011772e-73 
5.75622 	 5.046201e-80 
5.823782 	 4.444421e-88 
5.89202 	 2.154434e-97 
5.96094 	 2.1383e-106 
