0.01 	 3.036989e-08 
0.0201 	 6.481481e-08 
0.030301 	 1.136397e-07 
0.040604 	 2.331947e-07 
0.05101 	 5.28004e-07 
0.06152 	 1.439861e-06 
0.072135 	 4.693272e-06 
0.082857 	 1.610665e-05 
0.093685 	 5.537021e-05 
0.104622 	 0.0001827982 
0.115668 	 0.0006376229 
0.126825 	 0.001941971 
0.138093 	 0.005429249 
0.149474 	 0.01345942 
0.160969 	 0.02882256 
0.172579 	 0.05288191 
0.184304 	 0.08606436 
0.196147 	 0.1281867 
0.208109 	 0.1787654 
0.22019 	 0.2440909 
0.232392 	 0.326898 
0.244716 	 0.4215538 
0.257163 	 0.5413797 
0.269735 	 0.6844191 
0.282432 	 0.8447724 
0.295256 	 1.043966 
0.308209 	 1.277776 
0.321291 	 1.544465 
0.334504 	 1.873941 
0.347849 	 2.255201 
0.361327 	 2.699944 
0.374941 	 3.217824 
0.38869 	 3.778175 
0.402577 	 4.283031 
0.416603 	 4.79117 
0.430769 	 5.233085 
0.445076 	 5.479994 
0.459527 	 5.568323 
0.474123 	 5.425533 
0.488864 	 4.961657 
0.503752 	 4.229863 
0.51879 	 3.34868 
0.533978 	 2.383682 
0.549318 	 1.522676 
0.564811 	 0.8986004 
0.580459 	 0.4896142 
0.596263 	 0.2495207 
0.612226 	 0.1213322 
0.628348 	 0.05506924 
0.644632 	 0.02255342 
0.661078 	 0.008290639 
0.677689 	 0.002680915 
0.694466 	 0.0007824457 
0.71141 	 0.0002299724 
0.728525 	 6.764448e-05 
0.74581 	 1.960732e-05 
0.763268 	 6.044832e-06 
0.780901 	 2.058493e-06 
0.79871 	 7.98946e-07 
0.816697 	 3.59065e-07 
0.834864 	 1.61936e-07 
0.853212 	 7.225366e-08 
0.871744 	 3.541238e-08 
0.890462 	 1.711596e-08 
0.909366 	 7.788374e-09 
0.92846 	 3.433184e-09 
0.947745 	 1.257861e-09 
0.967222 	 4.103902e-10 
0.986894 	 1.26324e-10 
1.006763 	 3.112188e-11 
1.026831 	 6.048941e-12 
1.047099 	 1.024054e-12 
1.06757 	 1.637173e-13 
1.088246 	 2.61136e-14 
1.109128 	 4.393825e-15 
1.13022 	 5.92561e-16 
1.151522 	 9.240761e-17 
1.173037 	 1.71471e-17 
1.194768 	 3.593196e-18 
1.216715 	 6.784867e-19 
1.238882 	 1.338486e-19 
1.261271 	 2.890139e-20 
1.283884 	 5.949126e-21 
1.306723 	 1.314571e-21 
1.32979 	 2.847012e-22 
1.353088 	 5.464158e-23 
1.376619 	 1.145083e-23 
1.400385 	 2.458351e-24 
1.424389 	 4.781285e-25 
1.448633 	 1.009912e-25 
1.473119 	 2.15397e-26 
1.49785 	 4.831358e-27 
1.522829 	 1.544833e-27 
1.548057 	 5.124418e-28 
1.573538 	 1.674812e-28 
1.599273 	 7.207275e-29 
1.625266 	 3.05493e-29 
1.651518 	 1.563874e-29 
1.678033 	 1.164337e-29 
1.704814 	 9.700915e-30 
1.731862 	 9.915876e-30 
1.759181 	 1.644847e-29 
1.786772 	 3.690884e-29 
1.81464 	 8.820293e-29 
1.842787 	 2.302302e-28 
1.871214 	 4.973366e-28 
1.899927 	 5.743577e-28 
1.928926 	 4.325611e-28 
1.958215 	 1.585884e-28 
1.987797 	 2.669127e-29 
2.017675 	 4.334792e-30 
2.047852 	 7.544704e-31 
2.07833 	 8.979964e-32 
2.109114 	 9.28726e-33 
2.140205 	 1.122887e-33 
2.171607 	 1.264004e-34 
2.203323 	 2.051423e-35 
2.235356 	 7.21628e-36 
2.26771 	 2.606227e-36 
2.300387 	 9.556232e-37 
2.333391 	 4.029931e-37 
2.366725 	 1.587641e-37 
2.400392 	 6.289727e-38 
2.434396 	 2.54189e-38 
2.46874 	 5.845927e-39 
2.503427 	 1.119653e-39 
2.538461 	 4.473344e-40 
2.573846 	 2.052319e-40 
2.609585 	 1.211683e-40 
2.64568 	 1.421875e-40 
2.682137 	 1.712866e-40 
2.718959 	 2.197251e-40 
2.756148 	 3.145881e-40 
2.79371 	 2.830282e-40 
2.831647 	 1.282964e-40 
2.869963 	 8.976642e-42 
2.908663 	 1.0027e-43 
2.947749 	 8.504668e-48 
2.987227 	 9.989598e-54 
3.027099 	 3.954659e-63 
3.06737 	 1.927402e-77 
3.108044 	 6.863461e-100 
3.149124 	 1.636583e-123 
3.190616 	 8.730998e-150 
3.232522 	 1.184472e-191 
3.274847 	 5.841388e-215 
3.317595 	 1.013753e-252 
3.360771 	 1.236189e-264 
3.404379 	 3.637316e-284 
3.448423 	 5.501038e-290 
3.492907 	 3.083847e-294 
3.537836 	 8.662425e-300 
3.583215 	 1.010742e-301 
3.629047 	 1.779481e-306 
3.675337 	 2.565952e-310 
3.722091 	 1.23556799845e-315 
3.769311 	 1.8774494542e-322 
3.817005 	 0.0 
3.865175 	 0.0 
3.913826 	 0.0 
3.962965 	 0.0 
4.012594 	 0.0 
4.06272 	 0.0 
4.113347 	 0.0 
4.164481 	 0.0 
4.216126 	 0.0 
4.268287 	 0.0 
4.32097 	 0.0 
4.37418 	 0.0 
4.427921 	 0.0 
4.482201 	 0.0 
4.537023 	 0.0 
4.592393 	 0.0 
4.648317 	 0.0 
4.7048 	 0.0 
4.761848 	 0.0 
4.819466 	 0.0 
4.877661 	 0.0 
4.936438 	 0.0 
4.995802 	 0.0 
5.05576 	 0.0 
5.116318 	 0.0 
5.177481 	 0.0 
5.239256 	 0.0 
5.301648 	 0.0 
5.364665 	 0.0 
5.428311 	 0.0 
5.492594 	 0.0 
5.55752 	 0.0 
5.623096 	 0.0 
5.689326 	 0.0 
5.75622 	 0.0 
5.823782 	 0.0 
5.89202 	 0.0 
5.96094 	 0.0 
