0.01 	 1.863117e-06 
0.0201 	 9.807645e-07 
0.030301 	 2.412575e-07 
0.040604 	 3.348849e-08 
0.05101 	 3.192627e-09 
0.06152 	 2.317922e-10 
0.072135 	 2.169997e-11 
0.082857 	 3.598052e-12 
0.093685 	 9.486967e-13 
0.104622 	 3.446907e-13 
0.115668 	 3.048063e-13 
0.126825 	 2.475727e-13 
0.138093 	 2.363194e-13 
0.149474 	 2.438388e-13 
0.160969 	 2.399686e-13 
0.172579 	 2.36795e-13 
0.184304 	 2.41972e-13 
0.196147 	 2.622589e-13 
0.208109 	 2.851735e-13 
0.22019 	 3.262599e-13 
0.232392 	 2.947415e-13 
0.244716 	 1.9686e-13 
0.257163 	 1.454524e-13 
0.269735 	 1.195098e-13 
0.282432 	 1.234181e-13 
0.295256 	 2.273375e-13 
0.308209 	 6.048777e-13 
0.321291 	 1.250325e-12 
0.334504 	 2.315496e-12 
0.347849 	 4.668093e-12 
0.361327 	 8.568973e-12 
0.374941 	 1.26665e-11 
0.38869 	 1.328966e-11 
0.402577 	 9.373759e-12 
0.416603 	 6.585285e-12 
0.430769 	 5.440868e-12 
0.445076 	 4.770068e-12 
0.459527 	 5.402468e-12 
0.474123 	 7.608352e-12 
0.488864 	 1.003814e-11 
0.503752 	 1.474047e-11 
0.51879 	 2.358278e-11 
0.533978 	 3.394304e-11 
0.549318 	 3.194189e-11 
0.564811 	 3.292342e-11 
0.580459 	 5.03417e-11 
0.596263 	 8.074094e-11 
0.612226 	 1.333659e-10 
0.628348 	 2.035049e-10 
0.644632 	 2.980426e-10 
0.661078 	 5.002794e-10 
0.677689 	 9.854276e-10 
0.694466 	 2.74158e-09 
0.71141 	 9.565392e-09 
0.728525 	 2.508616e-08 
0.74581 	 4.243726e-08 
0.763268 	 6.574227e-08 
0.780901 	 1.014806e-07 
0.79871 	 1.476332e-07 
0.816697 	 2.239164e-07 
0.834864 	 3.363478e-07 
0.853212 	 4.308945e-07 
0.871744 	 4.411824e-07 
0.890462 	 6.290664e-07 
0.909366 	 1.30666e-06 
0.92846 	 3.529827e-06 
0.947745 	 1.224925e-05 
0.967222 	 4.565432e-05 
0.986894 	 0.0001688642 
1.006763 	 0.00058566 
1.026831 	 0.001717214 
1.047099 	 0.004533277 
1.06757 	 0.01100608 
1.088246 	 0.02402571 
1.109128 	 0.0483633 
1.13022 	 0.06539026 
1.151522 	 0.04569161 
1.173037 	 0.05484103 
1.194768 	 0.09090958 
1.216715 	 0.1187373 
1.238882 	 0.1018056 
1.261271 	 0.09944018 
1.283884 	 0.1032473 
1.306723 	 0.1026791 
1.32979 	 0.1153554 
1.353088 	 0.1280779 
1.376619 	 0.2013865 
1.400385 	 0.4064847 
1.424389 	 0.5815268 
1.448633 	 0.5958325 
1.473119 	 0.6058632 
1.49785 	 0.6754898 
1.522829 	 1.147618 
1.548057 	 2.45249 
1.573538 	 5.573471 
1.599273 	 7.893294 
1.625266 	 6.302398 
1.651518 	 4.366441 
1.678033 	 3.024094 
1.704814 	 1.893894 
1.731862 	 1.003456 
1.759181 	 0.5507603 
1.786772 	 0.2525234 
1.81464 	 0.04942165 
1.842787 	 0.009029227 
1.871214 	 0.001721726 
1.899927 	 0.0002432201 
1.928926 	 2.475364e-05 
1.958215 	 1.824625e-06 
1.987797 	 8.556187e-08 
2.017675 	 2.140898e-09 
2.047852 	 4.726141e-11 
2.07833 	 5.242752e-13 
2.109114 	 1.91214e-15 
2.140205 	 1.559751e-17 
2.171607 	 1.229248e-19 
2.203323 	 8.162049e-22 
2.235356 	 1.445842e-23 
2.26771 	 4.282723e-25 
2.300387 	 1.252148e-26 
2.333391 	 8.159641e-28 
2.366725 	 5.510576e-28 
2.400392 	 3.096201e-28 
2.434396 	 3.670902e-30 
2.46874 	 1.550579e-32 
2.503427 	 1.680747e-35 
2.538461 	 2.081385e-39 
2.573846 	 8.788916e-44 
2.609585 	 2.231204e-49 
2.64568 	 1.954381e-55 
2.682137 	 2.030397e-62 
2.718959 	 3.47167e-70 
2.756148 	 1.985838e-79 
2.79371 	 1.466309e-88 
2.831647 	 9.856577e-99 
2.869963 	 1.54019e-110 
2.908663 	 1.444752e-120 
2.947749 	 5.581593e-136 
2.987227 	 1.920509e-147 
3.027099 	 7.773965e-165 
3.06737 	 4.728707e-179 
3.108044 	 3.689259e-197 
3.149124 	 3.193465e-213 
3.190616 	 2.72269e-226 
3.232522 	 2.64627e-246 
3.274847 	 5.783767e-256 
3.317595 	 4.990121e-272 
3.360771 	 9.19998e-278 
3.404379 	 1.292506e-286 
3.448423 	 1.115954e-294 
3.492907 	 4.91647e-300 
3.537836 	 2.777652e-307 
3.583215 	 7.44106e-311 
3.629047 	 5.47873599172e-316 
3.675337 	 3.51280674193e-321 
3.722091 	 0.0 
3.769311 	 0.0 
3.817005 	 0.0 
3.865175 	 0.0 
3.913826 	 0.0 
3.962965 	 0.0 
4.012594 	 0.0 
4.06272 	 0.0 
4.113347 	 0.0 
4.164481 	 0.0 
4.216126 	 0.0 
4.268287 	 0.0 
4.32097 	 0.0 
4.37418 	 0.0 
4.427921 	 0.0 
4.482201 	 0.0 
4.537023 	 0.0 
4.592393 	 0.0 
4.648317 	 0.0 
4.7048 	 0.0 
4.761848 	 0.0 
4.819466 	 0.0 
4.877661 	 0.0 
4.936438 	 0.0 
4.995802 	 0.0 
5.05576 	 0.0 
5.116318 	 0.0 
5.177481 	 0.0 
5.239256 	 0.0 
5.301648 	 0.0 
5.364665 	 0.0 
5.428311 	 0.0 
5.492594 	 0.0 
5.55752 	 0.0 
5.623096 	 0.0 
5.689326 	 0.0 
5.75622 	 0.0 
5.823782 	 0.0 
5.89202 	 0.0 
5.96094 	 0.0 
