0.01 	 2.370509e-06 
0.0201 	 1.094261e-05 
0.030301 	 2.976792e-05 
0.040604 	 6.016114e-05 
0.05101 	 9.494064e-05 
0.06152 	 0.0001200922 
0.072135 	 0.0001392954 
0.082857 	 0.0001522776 
0.093685 	 0.000170671 
0.104622 	 0.0001957079 
0.115668 	 0.0002685681 
0.126825 	 0.000348538 
0.138093 	 0.0004260849 
0.149474 	 0.0004925517 
0.160969 	 0.0005415967 
0.172579 	 0.0005689239 
0.184304 	 0.0005703533 
0.196147 	 0.0005591293 
0.208109 	 0.0005429699 
0.22019 	 0.0005048334 
0.232392 	 0.0004276109 
0.244716 	 0.0003126704 
0.257163 	 0.000217482 
0.269735 	 0.0001463702 
0.282432 	 0.0001038984 
0.295256 	 8.878912e-05 
0.308209 	 8.744597e-05 
0.321291 	 9.335363e-05 
0.334504 	 0.0001128723 
0.347849 	 0.0001552412 
0.361327 	 0.0002358162 
0.374941 	 0.0003641135 
0.38869 	 0.0005178767 
0.402577 	 0.000648605 
0.416603 	 0.0007269275 
0.430769 	 0.0007706039 
0.445076 	 0.0008266418 
0.459527 	 0.0009684184 
0.474123 	 0.001160191 
0.488864 	 0.00138282 
0.503752 	 0.001635819 
0.51879 	 0.001855846 
0.533978 	 0.001792586 
0.549318 	 0.001305669 
0.564811 	 0.0009854648 
0.580459 	 0.0008769937 
0.596263 	 0.0007760362 
0.612226 	 0.0006667789 
0.628348 	 0.0005461998 
0.644632 	 0.0004311788 
0.661078 	 0.000348179 
0.677689 	 0.0002852283 
0.694466 	 0.0002407978 
0.71141 	 0.0002054119 
0.728525 	 0.0001643142 
0.74581 	 0.0001282709 
0.763268 	 0.0001054357 
0.780901 	 8.873112e-05 
0.79871 	 7.857849e-05 
0.816697 	 6.98117e-05 
0.834864 	 5.640384e-05 
0.853212 	 4.702065e-05 
0.871744 	 4.076807e-05 
0.890462 	 3.93014e-05 
0.909366 	 4.048974e-05 
0.92846 	 4.453139e-05 
0.947745 	 5.216364e-05 
0.967222 	 6.209007e-05 
0.986894 	 7.367512e-05 
1.006763 	 8.162871e-05 
1.026831 	 8.259794e-05 
1.047099 	 7.829688e-05 
1.06757 	 7.01209e-05 
1.088246 	 6.158944e-05 
1.109128 	 5.833795e-05 
1.13022 	 5.307422e-05 
1.151522 	 4.689039e-05 
1.173037 	 5.634237e-05 
1.194768 	 8.269083e-05 
1.216715 	 0.0001181834 
1.238882 	 0.0001636222 
1.261271 	 0.0002520389 
1.283884 	 0.0004059323 
1.306723 	 0.0007348521 
1.32979 	 0.001529844 
1.353088 	 0.003408296 
1.376619 	 0.008891763 
1.400385 	 0.02614152 
1.424389 	 0.05885755 
1.448633 	 0.09357087 
1.473119 	 0.1316202 
1.49785 	 0.1693973 
1.522829 	 0.2143286 
1.548057 	 0.2646108 
1.573538 	 0.2831855 
1.599273 	 0.3072841 
1.625266 	 0.3487509 
1.651518 	 0.390903 
1.678033 	 0.439115 
1.704814 	 0.4870125 
1.731862 	 0.5174186 
1.759181 	 0.5821626 
1.786772 	 0.7729501 
1.81464 	 1.031754 
1.842787 	 1.236443 
1.871214 	 1.44547 
1.899927 	 1.75524 
1.928926 	 2.20623 
1.958215 	 2.725197 
1.987797 	 3.117749 
2.017675 	 3.481862 
2.047852 	 3.738147 
2.07833 	 3.230301 
2.109114 	 2.161047 
2.140205 	 1.3141 
2.171607 	 0.7028618 
2.203323 	 0.3412587 
2.235356 	 0.1730015 
2.26771 	 0.09471051 
2.300387 	 0.05350461 
2.333391 	 0.02892265 
2.366725 	 0.02401344 
2.400392 	 0.02100161 
2.434396 	 0.01224977 
2.46874 	 0.004813286 
2.503427 	 0.001849425 
2.538461 	 0.0008378598 
2.573846 	 0.0002570447 
2.609585 	 6.424591e-05 
2.64568 	 1.007043e-05 
2.682137 	 1.065329e-06 
2.718959 	 5.142865e-08 
2.756148 	 5.46645e-10 
2.79371 	 1.381546e-12 
2.831647 	 8.097614e-16 
2.869963 	 1.581625e-20 
2.908663 	 1.22417e-26 
2.947749 	 5.909194e-36 
2.987227 	 4.750161e-47 
3.027099 	 1.760801e-62 
3.06737 	 3.873107e-81 
3.108044 	 2.997174e-106 
3.149124 	 8.175296e-130 
3.190616 	 9.627057e-153 
3.232522 	 1.602353e-184 
3.274847 	 6.279784e-202 
3.317595 	 2.217112e-227 
3.360771 	 4.12972e-237 
3.404379 	 5.331834e-250 
3.448423 	 7.262938e-258 
3.492907 	 6.00442e-264 
3.537836 	 1.152646e-271 
3.583215 	 4.422409e-276 
3.629047 	 1.04383e-281 
3.675337 	 5.691509e-287 
3.722091 	 2.903062e-291 
3.769311 	 1.204305e-296 
3.817005 	 1.269931e-300 
3.865175 	 1.14602e-305 
3.913826 	 2.275056e-309 
3.962965 	 4.40872e-313 
4.012594 	 7.35893981249e-318 
4.06272 	 2.10471965128e-321 
4.113347 	 0.0 
4.164481 	 0.0 
4.216126 	 0.0 
4.268287 	 0.0 
4.32097 	 0.0 
4.37418 	 0.0 
4.427921 	 0.0 
4.482201 	 0.0 
4.537023 	 0.0 
4.592393 	 0.0 
4.648317 	 0.0 
4.7048 	 0.0 
4.761848 	 0.0 
4.819466 	 0.0 
4.877661 	 0.0 
4.936438 	 0.0 
4.995802 	 0.0 
5.05576 	 0.0 
5.116318 	 0.0 
5.177481 	 0.0 
5.239256 	 0.0 
5.301648 	 0.0 
5.364665 	 0.0 
5.428311 	 0.0 
5.492594 	 0.0 
5.55752 	 0.0 
5.623096 	 0.0 
5.689326 	 0.0 
5.75622 	 0.0 
5.823782 	 0.0 
5.89202 	 0.0 
5.96094 	 0.0 
