0.01 	 3.931021e-09 
0.0201 	 1.461672e-08 
0.030301 	 3.38984e-08 
0.040604 	 6.454945e-08 
0.05101 	 1.090748e-07 
0.06152 	 1.702436e-07 
0.072135 	 2.661432e-07 
0.082857 	 3.983685e-07 
0.093685 	 5.87454e-07 
0.104622 	 8.378669e-07 
0.115668 	 1.329468e-06 
0.126825 	 2.027098e-06 
0.138093 	 2.957639e-06 
0.149474 	 4.175604e-06 
0.160969 	 5.79041e-06 
0.172579 	 7.845726e-06 
0.184304 	 1.051541e-05 
0.196147 	 1.395377e-05 
0.208109 	 1.815065e-05 
0.22019 	 2.173339e-05 
0.232392 	 2.441748e-05 
0.244716 	 2.379005e-05 
0.257163 	 2.131754e-05 
0.269735 	 1.821532e-05 
0.282432 	 1.59494e-05 
0.295256 	 1.560586e-05 
0.308209 	 1.730676e-05 
0.321291 	 2.121062e-05 
0.334504 	 2.856867e-05 
0.347849 	 4.016681e-05 
0.361327 	 5.6862e-05 
0.374941 	 8.129654e-05 
0.38869 	 0.0001175326 
0.402577 	 0.0001713477 
0.416603 	 0.0002534657 
0.430769 	 0.0003726991 
0.445076 	 0.0005471804 
0.459527 	 0.0008050783 
0.474123 	 0.001141615 
0.488864 	 0.001591616 
0.503752 	 0.002164479 
0.51879 	 0.002803208 
0.533978 	 0.003146933 
0.549318 	 0.002751284 
0.564811 	 0.002535213 
0.580459 	 0.002751037 
0.596263 	 0.002959059 
0.612226 	 0.003102497 
0.628348 	 0.003164842 
0.644632 	 0.0031294 
0.661078 	 0.003063257 
0.677689 	 0.002962305 
0.694466 	 0.002670044 
0.71141 	 0.002275147 
0.728525 	 0.002101428 
0.74581 	 0.002035667 
0.763268 	 0.002095991 
0.780901 	 0.002208084 
0.79871 	 0.002373639 
0.816697 	 0.002579551 
0.834864 	 0.002778617 
0.853212 	 0.002894863 
0.871744 	 0.00296384 
0.890462 	 0.003397745 
0.909366 	 0.004249309 
0.92846 	 0.00542279 
0.947745 	 0.007062133 
0.967222 	 0.00917157 
0.986894 	 0.01157617 
1.006763 	 0.01393327 
1.026831 	 0.01608317 
1.047099 	 0.01813007 
1.06757 	 0.02045873 
1.088246 	 0.02291986 
1.109128 	 0.02588654 
1.13022 	 0.02730753 
1.151522 	 0.02791202 
1.173037 	 0.03284326 
1.194768 	 0.04480282 
1.216715 	 0.06048779 
1.238882 	 0.08079082 
1.261271 	 0.109493 
1.283884 	 0.1525162 
1.306723 	 0.2194349 
1.32979 	 0.3098364 
1.353088 	 0.4103604 
1.376619 	 0.514249 
1.400385 	 0.623135 
1.424389 	 0.7313122 
1.448633 	 0.8383029 
1.473119 	 0.9337217 
1.49785 	 1.032555 
1.522829 	 1.120614 
1.548057 	 1.19935 
1.573538 	 1.17685 
1.599273 	 1.120892 
1.625266 	 1.09947 
1.651518 	 1.071968 
1.678033 	 1.047188 
1.704814 	 1.014749 
1.731862 	 0.9865058 
1.759181 	 1.014652 
1.786772 	 1.176187 
1.81464 	 1.380403 
1.842787 	 1.492162 
1.871214 	 1.57761 
1.899927 	 1.663109 
1.928926 	 1.732561 
1.958215 	 1.762757 
1.987797 	 1.730959 
2.017675 	 1.58553 
2.047852 	 1.370884 
2.07833 	 1.118691 
2.109114 	 0.8385588 
2.140205 	 0.5832623 
2.171607 	 0.3892469 
2.203323 	 0.2537856 
2.235356 	 0.1747583 
2.26771 	 0.1144372 
2.300387 	 0.06755375 
2.333391 	 0.03670492 
2.366725 	 0.02616481 
2.400392 	 0.01959687 
2.434396 	 0.01221643 
2.46874 	 0.005979267 
2.503427 	 0.002982744 
2.538461 	 0.002014777 
2.573846 	 0.001233501 
2.609585 	 0.0007971219 
2.64568 	 0.0004486918 
2.682137 	 0.000308171 
2.718959 	 0.0001770441 
2.756148 	 6.017396e-05 
2.79371 	 2.100813e-05 
2.831647 	 5.895939e-06 
2.869963 	 9.499444e-07 
2.908663 	 2.865787e-08 
2.947749 	 2.681064e-11 
2.987227 	 5.479223e-16 
3.027099 	 1.045167e-23 
3.06737 	 9.259935e-36 
3.108044 	 2.063511e-55 
3.149124 	 9.709554e-76 
3.190616 	 7.22458e-98 
3.232522 	 4.17739e-129 
3.274847 	 5.071454e-146 
3.317595 	 3.937505e-169 
3.360771 	 3.149675e-176 
3.404379 	 6.184563e-184 
3.448423 	 4.87229e-187 
3.492907 	 1.379653e-188 
3.537836 	 7.082261e-191 
3.583215 	 3.604113e-191 
3.629047 	 3.4142e-192 
3.675337 	 3.026478e-192 
3.722091 	 2.169152e-192 
3.769311 	 1.286476e-192 
3.817005 	 1.100529e-192 
3.865175 	 8.603494e-193 
3.913826 	 7.846984e-193 
3.962965 	 6.958364e-193 
4.012594 	 6.490347e-193 
4.06272 	 6.406954e-193 
4.113347 	 6.388008e-193 
4.164481 	 6.471674e-193 
4.216126 	 6.998286e-193 
4.268287 	 7.887674e-193 
4.32097 	 8.664372e-193 
4.37418 	 1.014029e-192 
4.427921 	 1.176608e-192 
4.482201 	 1.283106e-192 
4.537023 	 1.299799e-192 
4.592393 	 1.293524e-192 
4.648317 	 1.157773e-192 
4.7048 	 1.052618e-192 
4.761848 	 9.8399e-193 
4.819466 	 8.854876e-193 
4.877661 	 8.230497e-193 
4.936438 	 8.04045e-193 
4.995802 	 7.67453e-193 
5.05576 	 7.477256e-193 
5.116318 	 7.385732e-193 
5.177481 	 6.494429e-193 
5.239256 	 5.616848e-193 
5.301648 	 5.217379e-193 
5.364665 	 4.715698e-193 
5.428311 	 4.588935e-193 
5.492594 	 4.965411e-193 
5.55752 	 5.592426e-193 
5.623096 	 6.955394e-193 
5.689326 	 1.11887e-192 
5.75622 	 2.311614e-192 
5.823782 	 6.971754e-192 
5.89202 	 3.428655e-191 
5.96094 	 2.419018e-190 
