0.01 	 5.163772e-13 
0.0201 	 5.070336e-13 
0.030301 	 3.080298e-13 
0.040604 	 1.494389e-13 
0.05101 	 7.533139e-14 
0.06152 	 4.59938e-14 
0.072135 	 4.254887e-14 
0.082857 	 6.022034e-14 
0.093685 	 1.000397e-13 
0.104622 	 1.527079e-13 
0.115668 	 3.330789e-13 
0.126825 	 6.285181e-13 
0.138093 	 1.132742e-12 
0.149474 	 2.038618e-12 
0.160969 	 3.39237e-12 
0.172579 	 5.369355e-12 
0.184304 	 8.53205e-12 
0.196147 	 1.297225e-11 
0.208109 	 1.981144e-11 
0.22019 	 3.302477e-11 
0.232392 	 5.604052e-11 
0.244716 	 9.221673e-11 
0.257163 	 1.59274e-10 
0.269735 	 2.701171e-10 
0.282432 	 4.169805e-10 
0.295256 	 5.922504e-10 
0.308209 	 8.214879e-10 
0.321291 	 1.180444e-09 
0.334504 	 1.896881e-09 
0.347849 	 3.185156e-09 
0.361327 	 5.372363e-09 
0.374941 	 1.042004e-08 
0.38869 	 2.585273e-08 
0.402577 	 7.49015e-08 
0.416603 	 2.649991e-07 
0.430769 	 8.841217e-07 
0.445076 	 2.320612e-06 
0.459527 	 5.291957e-06 
0.474123 	 1.130783e-05 
0.488864 	 2.309454e-05 
0.503752 	 4.766112e-05 
0.51879 	 9.467815e-05 
0.533978 	 0.0001605927 
0.549318 	 0.000238267 
0.564811 	 0.0003829543 
0.580459 	 0.0006461374 
0.596263 	 0.001056343 
0.612226 	 0.001698466 
0.628348 	 0.002812561 
0.644632 	 0.00487008 
0.661078 	 0.008745612 
0.677689 	 0.01596334 
0.694466 	 0.02932192 
0.71141 	 0.05103268 
0.728525 	 0.08010145 
0.74581 	 0.1182286 
0.763268 	 0.1761045 
0.780901 	 0.2597425 
0.79871 	 0.3773134 
0.816697 	 0.5418629 
0.834864 	 0.7547458 
0.853212 	 1.040699 
0.871744 	 1.412331 
0.890462 	 1.778406 
0.909366 	 2.168687 
0.92846 	 2.642936 
0.947745 	 3.199614 
0.967222 	 3.778236 
0.986894 	 4.299935 
1.006763 	 4.647016 
1.026831 	 4.692967 
1.047099 	 4.284496 
1.06757 	 3.725783 
1.088246 	 3.005305 
1.109128 	 2.268948 
1.13022 	 1.610661 
1.151522 	 1.116392 
1.173037 	 0.770887 
1.194768 	 0.5113057 
1.216715 	 0.3242924 
1.238882 	 0.2023191 
1.261271 	 0.1230913 
1.283884 	 0.06959568 
1.306723 	 0.03580132 
1.32979 	 0.01608569 
1.353088 	 0.006158092 
1.376619 	 0.002084045 
1.400385 	 0.0006280864 
1.424389 	 0.0001700576 
1.448633 	 4.493035e-05 
1.473119 	 1.144287e-05 
1.49785 	 2.967316e-06 
1.522829 	 8.645413e-07 
1.548057 	 2.607924e-07 
1.573538 	 8.362657e-08 
1.599273 	 3.036848e-08 
1.625266 	 1.151139e-08 
1.651518 	 4.941518e-09 
1.678033 	 2.533463e-09 
1.704814 	 1.31378e-09 
1.731862 	 7.030806e-10 
1.759181 	 4.283512e-10 
1.786772 	 2.620311e-10 
1.81464 	 1.564874e-10 
1.842787 	 9.437063e-11 
1.871214 	 6.121715e-11 
1.899927 	 3.484495e-11 
1.928926 	 1.701921e-11 
1.958215 	 7.275729e-12 
1.987797 	 2.400783e-12 
2.017675 	 6.495415e-13 
2.047852 	 1.586016e-13 
2.07833 	 3.071855e-14 
2.109114 	 5.060639e-15 
2.140205 	 8.601427e-16 
2.171607 	 1.464898e-16 
2.203323 	 2.807741e-17 
2.235356 	 8.924135e-18 
2.26771 	 2.931756e-18 
2.300387 	 9.451275e-19 
2.333391 	 2.903802e-19 
2.366725 	 9.705003e-20 
2.400392 	 3.086886e-20 
2.434396 	 7.146962e-21 
2.46874 	 1.000322e-21 
2.503427 	 1.106055e-22 
2.538461 	 1.502091e-23 
2.573846 	 1.607213e-24 
2.609585 	 1.126535e-25 
2.64568 	 5.61311e-27 
2.682137 	 1.281933e-28 
2.718959 	 1.908687e-30 
2.756148 	 8.501202e-33 
2.79371 	 1.174141e-35 
2.831647 	 4.524224e-39 
2.869963 	 9.989897e-44 
2.908663 	 5.317993e-49 
2.947749 	 2.19717e-56 
2.987227 	 2.256378e-64 
3.027099 	 4.061743e-75 
3.06737 	 2.186339e-87 
3.108044 	 8.861424e-104 
3.149124 	 2.719596e-118 
3.190616 	 4.385257e-132 
3.232522 	 2.937579e-151 
3.274847 	 5.806108e-161 
3.317595 	 1.506162e-175 
3.360771 	 1.082286e-180 
3.404379 	 1.687694e-187 
3.448423 	 1.310924e-191 
3.492907 	 4.003388e-194 
3.537836 	 8.936324e-198 
3.583215 	 1.149576e-199 
3.629047 	 4.598579e-202 
3.675337 	 8.583455e-204 
3.722091 	 2.502135e-205 
3.769311 	 5.356525e-207 
3.817005 	 2.895616e-208 
3.865175 	 1.100517e-209 
3.913826 	 1.02481e-210 
3.962965 	 9.776224e-212 
4.012594 	 7.072413e-213 
4.06272 	 1.003809e-213 
4.113347 	 1.418569e-214 
4.164481 	 4.60042e-215 
4.216126 	 2.060978e-215 
4.268287 	 1.686764e-215 
4.32097 	 1.298861e-215 
4.37418 	 6.346725e-216 
4.427921 	 1.664154e-216 
4.482201 	 1.037487e-217 
4.537023 	 1.376593e-219 
4.592393 	 4.959559e-222 
4.648317 	 3.543179e-225 
4.7048 	 1.031976e-228 
4.761848 	 2.548467e-232 
4.819466 	 1.304871e-235 
4.877661 	 3.50258e-238 
4.936438 	 6.427892e-240 
4.995802 	 3.073893e-241 
5.05576 	 2.980788e-242 
5.116318 	 1.883188e-244 
5.177481 	 4.687449e-246 
5.239256 	 4.534985e-249 
5.301648 	 2.526219e-251 
5.364665 	 4.645646e-254 
5.428311 	 8.581851e-259 
5.492594 	 4.014296e-263 
5.55752 	 1.596857e-269 
5.623096 	 1.282542e-275 
5.689326 	 1.134452e-283 
5.75622 	 3.638617e-291 
5.823782 	 3.921189e-299 
5.89202 	 4.019479e-308 
5.96094 	 1.6669610021e-315 
