0.01 	 4.012402e-10 
0.0201 	 1.523892e-09 
0.030301 	 3.182042e-09 
0.040604 	 5.532847e-09 
0.05101 	 8.927672e-09 
0.06152 	 1.327267e-08 
0.072135 	 1.868897e-08 
0.082857 	 2.415868e-08 
0.093685 	 2.917955e-08 
0.104622 	 3.309835e-08 
0.115668 	 3.652364e-08 
0.126825 	 4.002568e-08 
0.138093 	 4.188602e-08 
0.149474 	 4.308186e-08 
0.160969 	 4.416202e-08 
0.172579 	 4.227537e-08 
0.184304 	 3.884467e-08 
0.196147 	 3.419909e-08 
0.208109 	 2.810258e-08 
0.22019 	 2.274091e-08 
0.232392 	 1.933612e-08 
0.244716 	 1.651993e-08 
0.257163 	 1.469073e-08 
0.269735 	 1.361376e-08 
0.282432 	 1.303878e-08 
0.295256 	 1.362074e-08 
0.308209 	 1.541194e-08 
0.321291 	 1.759181e-08 
0.334504 	 2.017507e-08 
0.347849 	 2.26414e-08 
0.361327 	 2.356161e-08 
0.374941 	 2.325152e-08 
0.38869 	 2.138838e-08 
0.402577 	 1.812645e-08 
0.416603 	 1.465877e-08 
0.430769 	 1.142175e-08 
0.445076 	 8.73793e-09 
0.459527 	 6.751186e-09 
0.474123 	 4.937589e-09 
0.488864 	 3.569634e-09 
0.503752 	 2.369381e-09 
0.51879 	 1.42469e-09 
0.533978 	 8.265422e-10 
0.549318 	 4.683957e-10 
0.564811 	 2.245161e-10 
0.580459 	 9.876749e-11 
0.596263 	 4.27853e-11 
0.612226 	 1.72158e-11 
0.628348 	 6.469438e-12 
0.644632 	 2.266604e-12 
0.661078 	 7.651753e-13 
0.677689 	 2.392819e-13 
0.694466 	 7.368431e-14 
0.71141 	 2.535433e-14 
0.728525 	 8.628371e-15 
0.74581 	 2.992922e-15 
0.763268 	 1.12774e-15 
0.780901 	 4.1732e-16 
0.79871 	 1.615112e-16 
0.816697 	 7.105e-17 
0.834864 	 3.0198e-17 
0.853212 	 1.294355e-17 
0.871744 	 6.296823e-18 
0.890462 	 3.064206e-18 
0.909366 	 1.595727e-18 
0.92846 	 9.048341e-19 
0.947745 	 4.660262e-19 
0.967222 	 2.435297e-19 
0.986894 	 1.356779e-19 
1.006763 	 6.328357e-20 
1.026831 	 2.749231e-20 
1.047099 	 1.212157e-20 
1.06757 	 5.086853e-21 
1.088246 	 2.316615e-21 
1.109128 	 1.257494e-21 
1.13022 	 6.454091e-22 
1.151522 	 3.546089e-22 
1.173037 	 2.044711e-22 
1.194768 	 1.275105e-22 
1.216715 	 7.624659e-23 
1.238882 	 5.422437e-23 
1.261271 	 4.763726e-23 
1.283884 	 3.958427e-23 
1.306723 	 3.568921e-23 
1.32979 	 3.319701e-23 
1.353088 	 2.763725e-23 
1.376619 	 2.450821e-23 
1.400385 	 2.305066e-23 
1.424389 	 1.790771e-23 
1.448633 	 1.379333e-23 
1.473119 	 1.033123e-23 
1.49785 	 7.509662e-24 
1.522829 	 7.163332e-24 
1.548057 	 7.403374e-24 
1.573538 	 6.50566e-24 
1.599273 	 6.227092e-24 
1.625266 	 5.784261e-24 
1.651518 	 5.470704e-24 
1.678033 	 6.307248e-24 
1.704814 	 6.80832e-24 
1.731862 	 6.90676e-24 
1.759181 	 1.009183e-23 
1.786772 	 2.429766e-23 
1.81464 	 6.443759e-23 
1.842787 	 1.524626e-22 
1.871214 	 3.031264e-22 
1.899927 	 6.822557e-22 
1.928926 	 2.908516e-21 
1.958215 	 1.817982e-20 
1.987797 	 1.203209e-19 
2.017675 	 1.062331e-18 
2.047852 	 1.124806e-17 
2.07833 	 1.070043e-16 
2.109114 	 9.82721e-16 
2.140205 	 7.999069e-15 
2.171607 	 4.798378e-14 
2.203323 	 2.575485e-13 
2.235356 	 9.865656e-13 
2.26771 	 3.209286e-12 
2.300387 	 9.89168e-12 
2.333391 	 3.138052e-11 
2.366725 	 8.611082e-11 
2.400392 	 2.641539e-10 
2.434396 	 7.007532e-10 
2.46874 	 1.370767e-09 
2.503427 	 3.010158e-09 
2.538461 	 9.121776e-09 
2.573846 	 3.301853e-08 
2.609585 	 1.252168e-07 
2.64568 	 6.052976e-07 
2.682137 	 3.504935e-06 
2.718959 	 2.432354e-05 
2.756148 	 0.0002356096 
2.79371 	 0.002426028 
2.831647 	 0.02656301 
2.869963 	 0.2349081 
2.908663 	 1.583675 
2.947749 	 6.279078 
2.987227 	 11.17324 
3.027099 	 5.589576 
3.06737 	 0.3532977 
3.108044 	 0.000279073 
3.149124 	 7.488755e-08 
3.190616 	 6.333916e-13 
3.232522 	 8.72557e-22 
3.274847 	 3.449291e-27 
3.317595 	 1.670547e-35 
3.360771 	 1.286476e-38 
3.404379 	 6.397479e-43 
3.448423 	 1.303501e-44 
3.492907 	 4.218061e-46 
3.537836 	 6.161869e-48 
3.583215 	 3.050743e-49 
3.629047 	 1.575946e-50 
3.675337 	 6.571029e-52 
3.722091 	 2.267061e-53 
3.769311 	 6.16417e-55 
3.817005 	 1.621166e-56 
3.865175 	 3.478656e-58 
3.913826 	 7.724257e-60 
3.962965 	 1.34953e-61 
4.012594 	 1.752816e-63 
4.06272 	 2.291504e-65 
4.113347 	 2.547065e-67 
4.164481 	 2.973859e-69 
4.216126 	 3.085338e-71 
4.268287 	 2.922679e-73 
4.32097 	 1.912378e-75 
4.37418 	 6.898413e-78 
4.427921 	 1.347345e-80 
4.482201 	 1.076383e-83 
4.537023 	 2.914888e-87 
4.592393 	 4.123084e-91 
4.648317 	 3.11276e-95 
4.7048 	 1.477552e-99 
4.761848 	 1.174929e-103 
4.819466 	 2.06901e-107 
4.877661 	 8.837937e-111 
4.936438 	 1.516723e-113 
4.995802 	 6.843419e-116 
5.05576 	 5.818667e-118 
5.116318 	 7.435742e-122 
5.177481 	 1.595647e-124 
5.239256 	 4.208832e-129 
5.301648 	 2.445155e-132 
5.364665 	 7.177442e-136 
5.428311 	 2.479632e-141 
5.492594 	 1.768953e-145 
5.55752 	 2.262307e-151 
5.623096 	 5.000562e-156 
5.689326 	 4.636688e-162 
5.75622 	 8.224236e-167 
5.823782 	 1.332141e-171 
5.89202 	 2.935453e-177 
5.96094 	 2.052917e-181 
