0.01 	 3.978552e-10 
0.0201 	 7.33196e-10 
0.030301 	 7.889261e-10 
0.040604 	 7.202651e-10 
0.05101 	 6.519785e-10 
0.06152 	 7.027215e-10 
0.072135 	 1.057543e-09 
0.082857 	 2.139283e-09 
0.093685 	 5.012781e-09 
0.104622 	 1.224342e-08 
0.115668 	 3.712682e-08 
0.126825 	 9.364848e-08 
0.138093 	 2.232514e-07 
0.149474 	 4.881316e-07 
0.160969 	 9.387725e-07 
0.172579 	 1.678446e-06 
0.184304 	 2.760474e-06 
0.196147 	 4.125999e-06 
0.208109 	 5.552025e-06 
0.22019 	 7.521759e-06 
0.232392 	 1.05309e-05 
0.244716 	 1.4698e-05 
0.257163 	 2.08266e-05 
0.269735 	 2.932813e-05 
0.282432 	 3.958704e-05 
0.295256 	 5.332142e-05 
0.308209 	 7.249373e-05 
0.321291 	 0.00010234 
0.334504 	 0.0001571982 
0.347849 	 0.0002537302 
0.361327 	 0.0004094934 
0.374941 	 0.0006845302 
0.38869 	 0.001219893 
0.402577 	 0.002310891 
0.416603 	 0.004525193 
0.430769 	 0.008553494 
0.445076 	 0.01500298 
0.459527 	 0.02483031 
0.474123 	 0.04078438 
0.488864 	 0.06846543 
0.503752 	 0.1216649 
0.51879 	 0.210154 
0.533978 	 0.3362395 
0.549318 	 0.4976984 
0.564811 	 0.730862 
0.580459 	 1.035551 
0.596263 	 1.376773 
0.612226 	 1.767306 
0.628348 	 2.245294 
0.644632 	 2.855072 
0.661078 	 3.615082 
0.677689 	 4.403066 
0.694466 	 5.089569 
0.71141 	 5.542504 
0.728525 	 5.633119 
0.74581 	 5.334177 
0.763268 	 4.673713 
0.780901 	 3.83012 
0.79871 	 2.964164 
0.816697 	 2.195567 
0.834864 	 1.540861 
0.853212 	 1.00573 
0.871744 	 0.6294205 
0.890462 	 0.3768996 
0.909366 	 0.2122461 
0.92846 	 0.1087374 
0.947745 	 0.04904581 
0.967222 	 0.01970081 
0.986894 	 0.006925799 
1.006763 	 0.002019357 
1.026831 	 0.000501235 
1.047099 	 0.0001102933 
1.06757 	 2.37828e-05 
1.088246 	 5.30915e-06 
1.109128 	 1.240507e-06 
1.13022 	 2.827832e-07 
1.151522 	 7.24721e-08 
1.173037 	 2.171818e-08 
1.194768 	 7.522125e-09 
1.216715 	 2.692563e-09 
1.238882 	 1.056993e-09 
1.261271 	 4.27779e-10 
1.283884 	 1.779953e-10 
1.306723 	 7.812458e-11 
1.32979 	 2.962374e-11 
1.353088 	 9.838848e-12 
1.376619 	 3.161272e-12 
1.400385 	 9.140221e-13 
1.424389 	 2.411346e-13 
1.448633 	 6.346267e-14 
1.473119 	 1.39463e-14 
1.49785 	 2.915473e-15 
1.522829 	 7.005597e-16 
1.548057 	 1.47876e-16 
1.573538 	 2.805009e-17 
1.599273 	 5.578491e-18 
1.625266 	 9.334844e-19 
1.651518 	 1.539546e-19 
1.678033 	 2.954047e-20 
1.704814 	 4.784264e-21 
1.731862 	 7.751423e-22 
1.759181 	 1.604873e-22 
1.786772 	 3.665896e-23 
1.81464 	 6.992062e-24 
1.842787 	 1.176662e-24 
1.871214 	 1.965606e-25 
1.899927 	 2.671551e-26 
1.928926 	 4.096283e-27 
1.958215 	 5.624825e-28 
1.987797 	 4.596381e-29 
2.017675 	 4.011642e-30 
2.047852 	 3.908212e-31 
2.07833 	 2.615589e-32 
2.109114 	 1.522588e-33 
2.140205 	 1.068545e-34 
2.171607 	 6.690097e-36 
2.203323 	 5.931853e-37 
2.235356 	 1.081234e-37 
2.26771 	 1.978166e-38 
2.300387 	 3.659409e-39 
2.333391 	 7.685988e-40 
2.366725 	 1.444476e-40 
2.400392 	 2.694669e-41 
2.434396 	 5.181521e-42 
2.46874 	 5.950701e-43 
2.503427 	 6.387431e-44 
2.538461 	 1.257976e-44 
2.573846 	 2.42555e-45 
2.609585 	 3.955106e-46 
2.64568 	 9.123379e-47 
2.682137 	 1.425659e-47 
2.718959 	 1.950648e-48 
2.756148 	 2.350408e-49 
2.79371 	 9.222782e-51 
2.831647 	 1.611036e-52 
2.869963 	 2.612913e-55 
2.908663 	 5.28072e-59 
2.947749 	 2.527188e-65 
2.987227 	 1.986929e-73 
3.027099 	 2.297615e-85 
3.06737 	 9.803798e-102 
3.108044 	 1.11963e-125 
3.149124 	 2.127088e-149 
3.190616 	 2.541852e-174 
3.232522 	 3.032679e-212 
3.274847 	 1.229975e-232 
3.317595 	 2.827991e-265 
3.360771 	 7.537452e-276 
3.404379 	 1.32857e-292 
3.448423 	 7.013696e-299 
3.492907 	 7.539876e-304 
3.537836 	 3.247651e-310 
3.583215 	 9.17395299983e-314 
3.629047 	 1.37162504598e-319 
3.675337 	 0.0 
3.722091 	 0.0 
3.769311 	 0.0 
3.817005 	 0.0 
3.865175 	 0.0 
3.913826 	 0.0 
3.962965 	 0.0 
4.012594 	 0.0 
4.06272 	 0.0 
4.113347 	 0.0 
4.164481 	 0.0 
4.216126 	 0.0 
4.268287 	 0.0 
4.32097 	 0.0 
4.37418 	 0.0 
4.427921 	 0.0 
4.482201 	 0.0 
4.537023 	 0.0 
4.592393 	 0.0 
4.648317 	 0.0 
4.7048 	 0.0 
4.761848 	 0.0 
4.819466 	 0.0 
4.877661 	 0.0 
4.936438 	 0.0 
4.995802 	 0.0 
5.05576 	 0.0 
5.116318 	 0.0 
5.177481 	 0.0 
5.239256 	 0.0 
5.301648 	 0.0 
5.364665 	 0.0 
5.428311 	 0.0 
5.492594 	 0.0 
5.55752 	 0.0 
5.623096 	 0.0 
5.689326 	 0.0 
5.75622 	 0.0 
5.823782 	 0.0 
5.89202 	 0.0 
5.96094 	 0.0 
