0.01 	 2.271652e-08 
0.0201 	 3.897289e-08 
0.030301 	 4.097136e-08 
0.040604 	 3.453153e-08 
0.05101 	 2.734593e-08 
0.06152 	 2.312493e-08 
0.072135 	 2.565922e-08 
0.082857 	 3.608266e-08 
0.093685 	 5.197364e-08 
0.104622 	 6.470446e-08 
0.115668 	 1.054989e-07 
0.126825 	 1.487249e-07 
0.138093 	 1.964593e-07 
0.149474 	 2.543721e-07 
0.160969 	 3.052456e-07 
0.172579 	 3.597718e-07 
0.184304 	 4.261371e-07 
0.196147 	 4.886356e-07 
0.208109 	 5.551176e-07 
0.22019 	 6.844615e-07 
0.232392 	 9.08065e-07 
0.244716 	 1.258913e-06 
0.257163 	 1.859701e-06 
0.269735 	 2.636114e-06 
0.282432 	 3.187207e-06 
0.295256 	 3.29114e-06 
0.308209 	 3.038224e-06 
0.321291 	 2.686171e-06 
0.334504 	 2.859705e-06 
0.347849 	 3.588716e-06 
0.361327 	 5.155144e-06 
0.374941 	 8.774338e-06 
0.38869 	 1.829629e-05 
0.402577 	 4.414246e-05 
0.416603 	 0.0001177235 
0.430769 	 0.000283716 
0.445076 	 0.0005339308 
0.459527 	 0.0008668209 
0.474123 	 0.001348178 
0.488864 	 0.002037212 
0.503752 	 0.003193004 
0.51879 	 0.004964498 
0.533978 	 0.006259931 
0.549318 	 0.006404865 
0.564811 	 0.007866294 
0.580459 	 0.01138099 
0.596263 	 0.01680793 
0.612226 	 0.02660347 
0.628348 	 0.04812272 
0.644632 	 0.09774583 
0.661078 	 0.2054004 
0.677689 	 0.4230725 
0.694466 	 0.7606981 
0.71141 	 1.267191 
0.728525 	 1.88356 
0.74581 	 2.568368 
0.763268 	 3.323398 
0.780901 	 4.11149 
0.79871 	 4.837573 
0.816697 	 5.377681 
0.834864 	 5.620616 
0.853212 	 5.888238 
0.871744 	 6.045103 
0.890462 	 4.948678 
0.909366 	 3.375311 
0.92846 	 2.048114 
0.947745 	 1.102861 
0.967222 	 0.5337444 
0.986894 	 0.2323646 
1.006763 	 0.08913585 
1.026831 	 0.03049356 
1.047099 	 0.009481844 
1.06757 	 0.0027194 
1.088246 	 0.0007217665 
1.109128 	 0.000173375 
1.13022 	 3.285147e-05 
1.151522 	 5.693394e-06 
1.173037 	 1.222065e-06 
1.194768 	 2.761982e-07 
1.216715 	 6.384566e-08 
1.238882 	 1.502538e-08 
1.261271 	 3.325219e-09 
1.283884 	 6.439216e-10 
1.306723 	 1.223613e-10 
1.32979 	 2.458318e-11 
1.353088 	 5.275844e-12 
1.376619 	 1.205384e-12 
1.400385 	 2.403312e-13 
1.424389 	 4.453399e-14 
1.448633 	 9.38159e-15 
1.473119 	 1.831841e-15 
1.49785 	 3.512232e-16 
1.522829 	 8.368137e-17 
1.548057 	 2.02848e-17 
1.573538 	 6.194088e-18 
1.599273 	 1.975551e-18 
1.625266 	 4.553208e-19 
1.651518 	 1.131946e-19 
1.678033 	 3.636198e-20 
1.704814 	 1.245726e-20 
1.731862 	 4.351719e-21 
1.759181 	 1.781283e-21 
1.786772 	 5.952755e-22 
1.81464 	 1.441629e-22 
1.842787 	 4.921821e-23 
1.871214 	 2.570214e-23 
1.899927 	 1.405179e-23 
1.928926 	 9.570575e-24 
1.958215 	 7.917029e-24 
1.987797 	 5.297781e-24 
2.017675 	 3.824687e-24 
2.047852 	 3.299874e-24 
2.07833 	 2.246434e-24 
2.109114 	 1.294683e-24 
2.140205 	 8.306001e-25 
2.171607 	 4.7836e-25 
2.203323 	 2.509739e-25 
2.235356 	 1.483976e-25 
2.26771 	 1.096706e-25 
2.300387 	 1.15589e-25 
2.333391 	 1.55516e-25 
2.366725 	 3.426311e-25 
2.400392 	 7.4662e-25 
2.434396 	 1.4238e-24 
2.46874 	 1.961516e-24 
2.503427 	 2.747053e-24 
2.538461 	 6.105893e-24 
2.573846 	 1.078613e-23 
2.609585 	 1.856596e-23 
2.64568 	 2.374639e-23 
2.682137 	 2.072348e-23 
2.718959 	 7.967635e-24 
2.756148 	 7.771618e-25 
2.79371 	 3.03784e-26 
2.831647 	 4.080364e-28 
2.869963 	 4.348515e-31 
2.908663 	 5.911635e-35 
2.947749 	 8.674809e-41 
2.987227 	 1.84875e-47 
3.027099 	 1.168765e-56 
3.06737 	 3.003416e-67 
3.108044 	 1.682802e-81 
3.149124 	 4.504221e-94 
3.190616 	 5.480993e-106 
3.232522 	 8.227194e-123 
3.274847 	 2.504516e-131 
3.317595 	 2.455002e-144 
3.360771 	 9.921897e-149 
3.404379 	 8.094456e-155 
3.448423 	 2.507967e-158 
3.492907 	 2.09225e-160 
3.537836 	 1.090376e-163 
3.583215 	 1.502532e-165 
3.629047 	 9.006107e-168 
3.675337 	 2.125952e-169 
3.722091 	 7.025135e-171 
3.769311 	 1.366198e-172 
3.817005 	 5.799794e-174 
3.865175 	 1.612437e-175 
3.913826 	 9.551282e-177 
3.962965 	 5.460475e-178 
4.012594 	 2.193013e-179 
4.06272 	 1.406486e-180 
4.113347 	 7.351766e-182 
4.164481 	 5.810881e-183 
4.216126 	 3.830526e-184 
4.268287 	 3.551974e-185 
4.32097 	 2.153216e-186 
4.37418 	 5.514266e-188 
4.427921 	 7.567201e-190 
4.482201 	 3.940056e-192 
4.537023 	 1.01695e-194 
4.592393 	 1.045225e-197 
4.648317 	 1.433413e-201 
4.7048 	 9.28997e-206 
4.761848 	 5.299423e-210 
4.819466 	 5.087543e-214 
4.877661 	 1.183055e-217 
4.936438 	 6.163104e-221 
4.995802 	 9.187023e-224 
5.05576 	 1.290293e-226 
5.116318 	 1.522332e-231 
5.177481 	 4.781335e-235 
5.239256 	 5.920827e-240 
5.301648 	 4.017386e-244 
5.364665 	 7.283443e-249 
5.428311 	 4.243655e-255 
5.492594 	 4.116579e-260 
5.55752 	 9.159759e-267 
5.623096 	 1.323046e-272 
5.689326 	 9.374659e-280 
5.75622 	 4.491051e-286 
5.823782 	 8.810581e-293 
5.89202 	 2.531577e-300 
5.96094 	 8.982794e-307 
