0.01 	 1.386164e-79 
0.0201 	 3.801912e-77 
0.030301 	 3.292307e-75 
0.040604 	 2.59373e-73 
0.05101 	 2.421169e-71 
0.06152 	 1.862079e-69 
0.072135 	 1.123945e-67 
0.082857 	 5.213692e-66 
0.093685 	 1.366626e-64 
0.104622 	 2.917412e-63 
0.115668 	 4.918348e-62 
0.126825 	 8.04161e-61 
0.138093 	 1.254041e-59 
0.149474 	 2.213446e-58 
0.160969 	 4.420372e-57 
0.172579 	 1.160781e-55 
0.184304 	 3.84676e-54 
0.196147 	 1.605692e-52 
0.208109 	 6.580372e-51 
0.22019 	 3.183111e-49 
0.232392 	 1.685465e-47 
0.244716 	 7.989447e-46 
0.257163 	 4.176451e-44 
0.269735 	 2.062263e-42 
0.282432 	 8.349168e-41 
0.295256 	 3.598313e-39 
0.308209 	 1.503462e-37 
0.321291 	 5.908728e-36 
0.334504 	 2.327498e-34 
0.347849 	 8.271086e-33 
0.361327 	 1.809934e-31 
0.374941 	 4.130893e-30 
0.38869 	 1.070558e-28 
0.402577 	 3.165219e-27 
0.416603 	 1.462718e-25 
0.430769 	 7.990421e-24 
0.445076 	 3.597188e-22 
0.459527 	 2.016782e-20 
0.474123 	 1.197313e-18 
0.488864 	 7.011679e-17 
0.503752 	 5.110004e-15 
0.51879 	 3.479248e-13 
0.533978 	 1.717145e-11 
0.549318 	 8.56494e-10 
0.564811 	 3.476443e-08 
0.580459 	 8.960232e-07 
0.596263 	 1.767436e-05 
0.612226 	 0.0002314588 
0.628348 	 0.001900705 
0.644632 	 0.01385531 
0.661078 	 0.08246093 
0.677689 	 0.3716094 
0.694466 	 1.578381 
0.71141 	 4.840427 
0.728525 	 8.962803 
0.74581 	 12.73719 
0.763268 	 11.83574 
0.780901 	 8.182535 
0.79871 	 4.276013 
0.816697 	 2.200496 
0.834864 	 1.098687 
0.853212 	 0.4849535 
0.871744 	 0.2444465 
0.890462 	 0.1279568 
0.909366 	 0.06356604 
0.92846 	 0.03677169 
0.947745 	 0.0225108 
0.967222 	 0.01161118 
0.986894 	 0.005873983 
1.006763 	 0.002521101 
1.026831 	 0.0008646773 
1.047099 	 0.0002726341 
1.06757 	 8.332662e-05 
1.088246 	 2.598947e-05 
1.109128 	 1.11778e-05 
1.13022 	 5.98957e-06 
1.151522 	 3.755561e-06 
1.173037 	 2.943382e-06 
1.194768 	 2.128291e-06 
1.216715 	 1.227536e-06 
1.238882 	 6.256206e-07 
1.261271 	 2.173956e-07 
1.283884 	 4.919181e-08 
1.306723 	 8.291139e-09 
1.32979 	 8.99802e-10 
1.353088 	 5.317972e-11 
1.376619 	 1.795373e-12 
1.400385 	 3.19391e-14 
1.424389 	 3.128875e-16 
1.448633 	 2.420063e-18 
1.473119 	 1.480489e-20 
1.49785 	 7.8125e-23 
1.522829 	 4.898727e-25 
1.548057 	 2.639635e-27 
1.573538 	 1.225161e-29 
1.599273 	 6.029541e-32 
1.625266 	 2.608472e-34 
1.651518 	 1.177665e-36 
1.678033 	 8.689422e-39 
1.704814 	 5.968833e-41 
1.731862 	 6.208539e-43 
1.759181 	 1.76571e-44 
1.786772 	 1.012486e-45 
1.81464 	 5.707405e-47 
1.842787 	 3.628251e-48 
1.871214 	 2.000261e-49 
1.899927 	 8.886149e-51 
1.928926 	 6.07065e-52 
1.958215 	 4.705857e-53 
1.987797 	 2.98118e-54 
2.017675 	 4.86609e-55 
2.047852 	 1.635878e-55 
2.07833 	 4.640174e-56 
2.109114 	 1.166286e-56 
2.140205 	 3.669342e-57 
2.171607 	 6.419903e-58 
2.203323 	 1.427654e-58 
2.235356 	 4.970334e-59 
2.26771 	 1.140563e-59 
2.300387 	 2.370433e-60 
2.333391 	 1.006253e-60 
2.366725 	 3.235509e-61 
2.400392 	 1.608019e-61 
2.434396 	 1.651794e-61 
2.46874 	 1.028174e-61 
2.503427 	 1.218433e-61 
2.538461 	 5.659233e-61 
2.573846 	 2.826852e-60 
2.609585 	 1.206869e-59 
2.64568 	 8.068125e-59 
2.682137 	 2.742684e-58 
2.718959 	 8.374343e-58 
2.756148 	 3.794468e-57 
2.79371 	 7.455021e-57 
2.831647 	 6.206291e-57 
2.869963 	 3.296763e-57 
2.908663 	 6.418949e-58 
2.947749 	 3.629658e-59 
2.987227 	 1.46345e-60 
3.027099 	 1.433232e-62 
3.06737 	 3.467172e-65 
3.108044 	 1.892525e-69 
3.149124 	 8.041583e-73 
3.190616 	 3.665564e-77 
3.232522 	 4.276234e-83 
3.274847 	 1.229934e-85 
3.317595 	 7.713488e-90 
3.360771 	 6.823744e-91 
3.404379 	 1.270829e-92 
3.448423 	 1.215423e-92 
3.492907 	 4.640877e-92 
3.537836 	 2.561415e-91 
3.583215 	 2.461459e-90 
3.629047 	 2.360658e-89 
3.675337 	 2.11882e-88 
3.722091 	 1.318405e-87 
3.769311 	 6.611394e-87 
3.817005 	 2.394483e-86 
3.865175 	 4.302202e-86 
3.913826 	 7.120968e-86 
3.962965 	 1.224159e-85 
4.012594 	 1.803096e-85 
4.06272 	 2.900324e-85 
4.113347 	 5.416066e-85 
4.164481 	 1.190596e-84 
4.216126 	 4.415166e-84 
4.268287 	 2.812774e-83 
4.32097 	 2.495271e-82 
4.37418 	 3.267318e-81 
4.427921 	 5.061621e-80 
4.482201 	 8.490792e-79 
4.537023 	 1.233363e-77 
4.592393 	 1.429113e-76 
4.648317 	 6.018115e-76 
4.7048 	 7.502009e-76 
4.761848 	 2.94847e-76 
4.819466 	 4.465064e-77 
4.877661 	 8.016908e-78 
4.936438 	 3.088836e-78 
4.995802 	 1.256101e-78 
5.05576 	 5.030129e-79 
5.116318 	 5.406898e-80 
5.177481 	 2.601727e-81 
5.239256 	 1.69159e-83 
5.301648 	 5.984825e-86 
5.364665 	 2.504727e-89 
5.428311 	 1.872731e-94 
5.492594 	 2.922502e-100 
5.55752 	 2.929864e-108 
5.623096 	 5.610703e-117 
5.689326 	 1.024979e-127 
5.75622 	 1.676957e-138 
5.823782 	 9.297785e-150 
5.89202 	 1.756789e-161 
5.96094 	 4.872447e-171 
