0.01 	 6.082475e-09 
0.0201 	 1.010104e-08 
0.030301 	 1.015316e-08 
0.040604 	 8.530506e-09 
0.05101 	 6.935057e-09 
0.06152 	 6.248099e-09 
0.072135 	 7.399436e-09 
0.082857 	 1.10888e-08 
0.093685 	 1.798868e-08 
0.104622 	 2.736907e-08 
0.115668 	 4.883624e-08 
0.126825 	 7.5508e-08 
0.138093 	 1.113957e-07 
0.149474 	 1.569763e-07 
0.160969 	 2.012289e-07 
0.172579 	 2.4902e-07 
0.184304 	 3.012748e-07 
0.196147 	 3.517123e-07 
0.208109 	 3.915943e-07 
0.22019 	 4.642723e-07 
0.232392 	 5.971111e-07 
0.244716 	 7.769824e-07 
0.257163 	 1.01928e-06 
0.269735 	 1.276471e-06 
0.282432 	 1.42746e-06 
0.295256 	 1.439944e-06 
0.308209 	 1.366162e-06 
0.321291 	 1.327435e-06 
0.334504 	 1.536106e-06 
0.347849 	 2.132056e-06 
0.361327 	 3.417408e-06 
0.374941 	 6.4698e-06 
0.38869 	 1.483746e-05 
0.402577 	 4.060222e-05 
0.416603 	 0.0001223321 
0.430769 	 0.0003323131 
0.445076 	 0.0007309776 
0.459527 	 0.001409371 
0.474123 	 0.002659076 
0.488864 	 0.004965182 
0.503752 	 0.009450599 
0.51879 	 0.01776667 
0.533978 	 0.0293569 
0.549318 	 0.04211787 
0.564811 	 0.06478448 
0.580459 	 0.1041454 
0.596263 	 0.1592605 
0.612226 	 0.2410243 
0.628348 	 0.3760317 
0.644632 	 0.6033336 
0.661078 	 0.9512977 
0.677689 	 1.389383 
0.694466 	 2.027651 
0.71141 	 2.765831 
0.728525 	 3.523735 
0.74581 	 4.240881 
0.763268 	 4.793568 
0.780901 	 5.129289 
0.79871 	 5.272388 
0.816697 	 5.11629 
0.834864 	 4.627369 
0.853212 	 4.021998 
0.871744 	 3.374576 
0.890462 	 2.62715 
0.909366 	 1.88483 
0.92846 	 1.228873 
0.947745 	 0.7171792 
0.967222 	 0.3748999 
0.986894 	 0.1727634 
1.006763 	 0.06776619 
1.026831 	 0.02322576 
1.047099 	 0.007092676 
1.06757 	 0.002085525 
1.088246 	 0.0006174862 
1.109128 	 0.0001823633 
1.13022 	 5.149285e-05 
1.151522 	 1.499353e-05 
1.173037 	 4.649045e-06 
1.194768 	 1.357992e-06 
1.216715 	 3.869482e-07 
1.238882 	 1.15662e-07 
1.261271 	 3.431219e-08 
1.283884 	 9.46693e-09 
1.306723 	 2.575411e-09 
1.32979 	 6.624232e-10 
1.353088 	 1.640735e-10 
1.376619 	 4.112322e-11 
1.400385 	 8.867918e-12 
1.424389 	 1.652601e-12 
1.448633 	 3.089538e-13 
1.473119 	 4.975457e-14 
1.49785 	 7.739332e-15 
1.522829 	 1.472151e-15 
1.548057 	 2.672765e-16 
1.573538 	 5.120673e-17 
1.599273 	 1.070366e-17 
1.625266 	 1.780988e-18 
1.651518 	 3.190322e-19 
1.678033 	 7.440206e-20 
1.704814 	 1.662553e-20 
1.731862 	 3.890772e-21 
1.759181 	 1.194878e-21 
1.786772 	 3.806434e-22 
1.81464 	 1.011484e-22 
1.842787 	 2.854766e-23 
1.871214 	 9.804591e-24 
1.899927 	 3.264375e-24 
1.928926 	 1.267351e-24 
1.958215 	 5.262284e-25 
1.987797 	 1.609432e-25 
2.017675 	 5.732729e-26 
2.047852 	 2.468165e-26 
2.07833 	 7.693634e-27 
2.109114 	 2.044196e-27 
2.140205 	 6.493038e-28 
2.171607 	 1.689747e-28 
2.203323 	 4.850915e-29 
2.235356 	 1.847732e-29 
2.26771 	 7.626926e-30 
2.300387 	 3.620971e-30 
2.333391 	 2.152896e-30 
2.366725 	 1.413664e-30 
2.400392 	 1.029358e-30 
2.434396 	 8.144183e-31 
2.46874 	 4.730383e-31 
2.503427 	 3.257836e-31 
2.538461 	 3.783609e-31 
2.573846 	 4.246905e-31 
2.609585 	 3.891528e-31 
2.64568 	 4.271001e-31 
2.682137 	 2.533502e-31 
2.718959 	 9.410251e-32 
2.756148 	 1.562382e-32 
2.79371 	 4.279525e-34 
2.831647 	 3.203056e-36 
2.869963 	 6.499095e-40 
2.908663 	 8.168615e-45 
2.947749 	 4.675397e-53 
2.987227 	 5.608961e-63 
3.027099 	 2.531083e-77 
3.06737 	 1.838091e-95 
3.108044 	 1.018662e-120 
3.149124 	 1.469502e-144 
3.190616 	 3.889833e-168 
3.232522 	 1.234891e-202 
3.274847 	 1.087021e-220 
3.317595 	 4.136557e-249 
3.360771 	 7.639053e-259 
3.404379 	 1.557596e-273 
3.448423 	 1.338189e-280 
3.492907 	 1.42359e-286 
3.537836 	 4.626993e-294 
3.583215 	 1.108803e-298 
3.629047 	 5.068097e-305 
3.675337 	 2.390963e-310 
3.722091 	 2.21129500135e-315 
3.769311 	 3.37940901755e-321 
3.817005 	 0.0 
3.865175 	 0.0 
3.913826 	 0.0 
3.962965 	 0.0 
4.012594 	 0.0 
4.06272 	 0.0 
4.113347 	 0.0 
4.164481 	 0.0 
4.216126 	 0.0 
4.268287 	 0.0 
4.32097 	 0.0 
4.37418 	 0.0 
4.427921 	 0.0 
4.482201 	 0.0 
4.537023 	 0.0 
4.592393 	 0.0 
4.648317 	 0.0 
4.7048 	 0.0 
4.761848 	 0.0 
4.819466 	 0.0 
4.877661 	 0.0 
4.936438 	 0.0 
4.995802 	 0.0 
5.05576 	 0.0 
5.116318 	 0.0 
5.177481 	 0.0 
5.239256 	 0.0 
5.301648 	 0.0 
5.364665 	 0.0 
5.428311 	 0.0 
5.492594 	 0.0 
5.55752 	 0.0 
5.623096 	 0.0 
5.689326 	 0.0 
5.75622 	 0.0 
5.823782 	 0.0 
5.89202 	 0.0 
5.96094 	 0.0 
