0.01 	 2.667851e-06 
0.0201 	 1.000342e-05 
0.030301 	 2.429827e-05 
0.040604 	 5.045825e-05 
0.05101 	 9.480542e-05 
0.06152 	 0.000166585 
0.072135 	 0.0002857056 
0.082857 	 0.0004962096 
0.093685 	 0.0009121932 
0.104622 	 0.001827848 
0.115668 	 0.004303084 
0.126825 	 0.009914298 
0.138093 	 0.02264164 
0.149474 	 0.04966675 
0.160969 	 0.09923495 
0.172579 	 0.1806978 
0.184304 	 0.30959 
0.196147 	 0.532321 
0.208109 	 0.9215453 
0.22019 	 1.463596 
0.232392 	 2.122212 
0.244716 	 2.744237 
0.257163 	 3.308342 
0.269735 	 3.775034 
0.282432 	 4.093498 
0.295256 	 4.320368 
0.308209 	 4.478971 
0.321291 	 4.586192 
0.334504 	 4.7054 
0.347849 	 4.741829 
0.361327 	 4.663086 
0.374941 	 4.592933 
0.38869 	 4.48192 
0.402577 	 4.162192 
0.416603 	 3.609391 
0.430769 	 2.92611 
0.445076 	 2.289453 
0.459527 	 1.78702 
0.474123 	 1.362995 
0.488864 	 0.9869203 
0.503752 	 0.6696164 
0.51879 	 0.4254998 
0.533978 	 0.2295232 
0.549318 	 0.1061681 
0.564811 	 0.05079813 
0.580459 	 0.02518492 
0.596263 	 0.01223514 
0.612226 	 0.005813025 
0.628348 	 0.002785743 
0.644632 	 0.001290802 
0.661078 	 0.000562379 
0.677689 	 0.000214993 
0.694466 	 7.484535e-05 
0.71141 	 2.591977e-05 
0.728525 	 8.726108e-06 
0.74581 	 3.019437e-06 
0.763268 	 1.115307e-06 
0.780901 	 4.041938e-07 
0.79871 	 1.465256e-07 
0.816697 	 5.586662e-08 
0.834864 	 1.990402e-08 
0.853212 	 7.3119e-09 
0.871744 	 2.940754e-09 
0.890462 	 8.982685e-10 
0.909366 	 2.324825e-10 
0.92846 	 6.04587e-11 
0.947745 	 1.38812e-11 
0.967222 	 3.003263e-12 
0.986894 	 6.254628e-13 
1.006763 	 1.073788e-13 
1.026831 	 1.679881e-14 
1.047099 	 2.540281e-15 
1.06757 	 3.502927e-16 
1.088246 	 4.740885e-17 
1.109128 	 6.853138e-18 
1.13022 	 7.483642e-19 
1.151522 	 8.597062e-20 
1.173037 	 1.420711e-20 
1.194768 	 2.676392e-21 
1.216715 	 4.926562e-22 
1.238882 	 9.591181e-23 
1.261271 	 1.871999e-23 
1.283884 	 3.000443e-24 
1.306723 	 4.841249e-25 
1.32979 	 8.198392e-26 
1.353088 	 1.3183e-26 
1.376619 	 2.290966e-27 
1.400385 	 3.324201e-28 
1.424389 	 3.881104e-29 
1.448633 	 5.162754e-30 
1.473119 	 5.969173e-31 
1.49785 	 5.847253e-32 
1.522829 	 7.606397e-33 
1.548057 	 9.711304e-34 
1.573538 	 1.373664e-34 
1.599273 	 2.421313e-35 
1.625266 	 3.374297e-36 
1.651518 	 5.299231e-37 
1.678033 	 1.298469e-37 
1.704814 	 3.639212e-38 
1.731862 	 1.044703e-38 
1.759181 	 4.148583e-39 
1.786772 	 1.754459e-39 
1.81464 	 6.747298e-40 
1.842787 	 3.791589e-40 
1.871214 	 3.42071e-40 
1.899927 	 3.54863e-40 
1.928926 	 5.580217e-40 
1.958215 	 1.404313e-39 
1.987797 	 3.46926e-39 
2.017675 	 1.245152e-38 
2.047852 	 7.018554e-38 
2.07833 	 3.302676e-37 
2.109114 	 1.456087e-36 
2.140205 	 7.678276e-36 
2.171607 	 2.896522e-35 
2.203323 	 8.719449e-35 
2.235356 	 2.171551e-34 
2.26771 	 5.213192e-34 
2.300387 	 1.564638e-33 
2.333391 	 6.808536e-33 
2.366725 	 2.423454e-32 
2.400392 	 9.160038e-32 
2.434396 	 8.063513e-31 
2.46874 	 7.336713e-30 
2.503427 	 9.074333e-29 
2.538461 	 2.036932e-27 
2.573846 	 6.009764e-26 
2.609585 	 2.545356e-24 
2.64568 	 1.642683e-22 
2.682137 	 1.028847e-20 
2.718959 	 5.361546e-19 
2.756148 	 3.98888e-17 
2.79371 	 1.288481e-15 
2.831647 	 1.201028e-14 
2.869963 	 1.249664e-14 
2.908663 	 1.124259e-15 
2.947749 	 3.597054e-19 
2.987227 	 5.624063e-25 
3.027099 	 2.113396e-34 
3.06737 	 7.023091e-48 
3.108044 	 4.67965e-68 
3.149124 	 1.533552e-87 
3.190616 	 1.048209e-107 
3.232522 	 1.431845e-137 
3.274847 	 1.11047e-153 
3.317595 	 2.135761e-178 
3.360771 	 7.418838e-187 
3.404379 	 1.077997e-199 
3.448423 	 3.81888e-206 
3.492907 	 7.245802e-211 
3.537836 	 3.281387e-217 
3.583215 	 1.389356e-221 
3.629047 	 1.959641e-227 
3.675337 	 1.308488e-232 
3.722091 	 9.717066e-238 
3.769311 	 8.246089e-244 
3.817005 	 2.710529e-249 
3.865175 	 1.587104e-255 
3.913826 	 8.513897e-261 
3.962965 	 4.294238e-266 
4.012594 	 5.946333e-272 
4.06272 	 5.671826e-277 
4.113347 	 2.485905e-282 
4.164481 	 7.87845e-287 
4.216126 	 1.602507e-291 
4.268287 	 2.882274e-295 
4.32097 	 6.204598e-299 
4.37418 	 3.831428e-303 
4.427921 	 3.514146e-307 
4.482201 	 1.3147e-311 
4.537023 	 3.2196899953e-316 
4.592393 	 6.05724481801e-321 
4.648317 	 0.0 
4.7048 	 0.0 
4.761848 	 0.0 
4.819466 	 0.0 
4.877661 	 0.0 
4.936438 	 0.0 
4.995802 	 0.0 
5.05576 	 0.0 
5.116318 	 0.0 
5.177481 	 0.0 
5.239256 	 0.0 
5.301648 	 0.0 
5.364665 	 0.0 
5.428311 	 0.0 
5.492594 	 0.0 
5.55752 	 0.0 
5.623096 	 0.0 
5.689326 	 0.0 
5.75622 	 0.0 
5.823782 	 0.0 
5.89202 	 0.0 
5.96094 	 0.0 
