0.01 	 5.817196e-05 
0.0201 	 0.0001655029 
0.030301 	 0.0003022086 
0.040604 	 0.0004722009 
0.05101 	 0.0006968497 
0.06152 	 0.001067495 
0.072135 	 0.001616805 
0.082857 	 0.002329276 
0.093685 	 0.003471645 
0.104622 	 0.004855619 
0.115668 	 0.006855268 
0.126825 	 0.008948354 
0.138093 	 0.01112317 
0.149474 	 0.01329989 
0.160969 	 0.01533672 
0.172579 	 0.01718314 
0.184304 	 0.01876559 
0.196147 	 0.01923127 
0.208109 	 0.01766532 
0.22019 	 0.01590484 
0.232392 	 0.01589174 
0.244716 	 0.0169114 
0.257163 	 0.01787122 
0.269735 	 0.01782091 
0.282432 	 0.0162394 
0.295256 	 0.0141097 
0.308209 	 0.01160634 
0.321291 	 0.01031405 
0.334504 	 0.01072323 
0.347849 	 0.01358641 
0.361327 	 0.02062623 
0.374941 	 0.03564345 
0.38869 	 0.06887222 
0.402577 	 0.1381892 
0.416603 	 0.2708004 
0.430769 	 0.487045 
0.445076 	 0.763546 
0.459527 	 1.0924 
0.474123 	 1.50135 
0.488864 	 2.018175 
0.503752 	 2.660738 
0.51879 	 3.425301 
0.533978 	 4.194972 
0.549318 	 4.902122 
0.564811 	 5.532716 
0.580459 	 5.924278 
0.596263 	 5.978932 
0.612226 	 5.741695 
0.628348 	 5.210032 
0.644632 	 4.347478 
0.661078 	 3.218767 
0.677689 	 2.114444 
0.694466 	 1.315049 
0.71141 	 0.8253888 
0.728525 	 0.5273791 
0.74581 	 0.3411232 
0.763268 	 0.2187993 
0.780901 	 0.1389865 
0.79871 	 0.08852052 
0.816697 	 0.0548363 
0.834864 	 0.03165186 
0.853212 	 0.01834746 
0.871744 	 0.01106978 
0.890462 	 0.00641226 
0.909366 	 0.003602057 
0.92846 	 0.001992598 
0.947745 	 0.001062844 
0.967222 	 0.000555651 
0.986894 	 0.0002737827 
1.006763 	 0.0001192478 
1.026831 	 4.884e-05 
1.047099 	 1.920114e-05 
1.06757 	 7.438074e-06 
1.088246 	 3.075178e-06 
1.109128 	 1.375146e-06 
1.13022 	 6.606931e-07 
1.151522 	 3.319056e-07 
1.173037 	 1.50778e-07 
1.194768 	 5.906683e-08 
1.216715 	 2.339093e-08 
1.238882 	 1.124023e-08 
1.261271 	 5.749833e-09 
1.283884 	 2.731918e-09 
1.306723 	 1.32219e-09 
1.32979 	 6.627369e-10 
1.353088 	 3.323192e-10 
1.376619 	 1.585483e-10 
1.400385 	 6.169866e-11 
1.424389 	 2.080615e-11 
1.448633 	 7.239626e-12 
1.473119 	 2.227658e-12 
1.49785 	 6.352956e-13 
1.522829 	 2.03231e-13 
1.548057 	 6.197006e-14 
1.573538 	 2.016626e-14 
1.599273 	 6.994565e-15 
1.625266 	 2.047045e-15 
1.651518 	 6.546023e-16 
1.678033 	 2.681598e-16 
1.704814 	 1.109948e-16 
1.731862 	 4.76045e-17 
1.759181 	 2.701385e-17 
1.786772 	 2.02152e-17 
1.81464 	 1.477991e-17 
1.842787 	 1.017624e-17 
1.871214 	 7.612175e-18 
1.899927 	 6.518544e-18 
1.928926 	 7.112585e-18 
1.958215 	 9.431697e-18 
1.987797 	 1.258656e-17 
2.017675 	 2.225519e-17 
2.047852 	 4.958361e-17 
2.07833 	 9.473414e-17 
2.109114 	 1.61455e-16 
2.140205 	 2.87408e-16 
2.171607 	 4.220602e-16 
2.203323 	 5.465368e-16 
2.235356 	 6.243181e-16 
2.26771 	 7.583352e-16 
2.300387 	 1.02988e-15 
2.333391 	 1.672452e-15 
2.366725 	 3.332666e-15 
2.400392 	 7.924127e-15 
2.434396 	 1.761729e-14 
2.46874 	 3.493208e-14 
2.503427 	 8.13923e-14 
2.538461 	 2.626832e-13 
2.573846 	 1.005363e-12 
2.609585 	 3.678328e-12 
2.64568 	 1.503989e-11 
2.682137 	 4.98351e-11 
2.718959 	 1.110639e-10 
2.756148 	 1.323166e-10 
2.79371 	 6.655051e-11 
2.831647 	 1.422846e-11 
2.869963 	 4.683252e-13 
2.908663 	 2.203089e-15 
2.947749 	 3.501186e-19 
2.987227 	 3.912279e-24 
3.027099 	 2.866912e-31 
3.06737 	 1.867815e-40 
3.108044 	 4.385116e-54 
3.149124 	 3.571995e-66 
3.190616 	 1.55983e-78 
3.232522 	 1.980688e-96 
3.274847 	 1.001437e-105 
3.317595 	 8.495566e-120 
3.360771 	 1.451157e-124 
3.404379 	 4.272031e-131 
3.448423 	 1.648254e-134 
3.492907 	 8.615005e-137 
3.537836 	 3.036709e-140 
3.583215 	 2.383886e-142 
3.629047 	 7.393035e-145 
3.675337 	 5.687195e-147 
3.722091 	 5.783363e-149 
3.769311 	 3.388594e-151 
3.817005 	 4.051527e-153 
3.865175 	 3.101006e-155 
3.913826 	 4.544541e-157 
3.962965 	 6.077839e-159 
4.012594 	 5.161715e-161 
4.06272 	 7.444043e-163 
4.113347 	 8.402191e-165 
4.164481 	 1.721047e-166 
4.216126 	 2.975466e-168 
4.268287 	 7.217928e-170 
4.32097 	 1.29519e-171 
4.37418 	 1.047935e-173 
4.427921 	 4.827577e-176 
4.482201 	 7.833986e-179 
4.537023 	 4.441729e-182 
4.592393 	 8.979049e-186 
4.648317 	 5.273228e-190 
4.7048 	 1.347683e-194 
4.761848 	 3.634238e-199 
4.819466 	 1.786808e-203 
4.877661 	 2.071465e-207 
4.936438 	 7.406382e-211 
4.995802 	 7.898438e-214 
5.05576 	 1.13241e-216 
5.116318 	 1.539717e-221 
5.177481 	 4.89559e-225 
5.239256 	 2.199965e-230 
5.301648 	 1.618451e-234 
5.364665 	 4.819e-239 
5.428311 	 1.865239e-245 
5.492594 	 2.013504e-250 
5.55752 	 3.463411e-257 
5.623096 	 9.656978e-263 
5.689326 	 9.611104e-270 
5.75622 	 1.670328e-275 
5.823782 	 1.973186e-281 
5.89202 	 2.99272e-288 
5.96094 	 1.429118e-293 
