0.01 	 49.19226 
0.0201 	 39.53143 
0.030301 	 19.79836 
0.040604 	 8.412051 
0.05101 	 3.638954 
0.06152 	 1.426419 
0.072135 	 0.4697195 
0.082857 	 0.1438325 
0.093685 	 0.03857349 
0.104622 	 0.009321056 
0.115668 	 0.002260554 
0.126825 	 0.0005594029 
0.138093 	 0.0001319059 
0.149474 	 3.154302e-05 
0.160969 	 7.661111e-06 
0.172579 	 1.850889e-06 
0.184304 	 4.733631e-07 
0.196147 	 1.240023e-07 
0.208109 	 3.021752e-08 
0.22019 	 6.274776e-09 
0.232392 	 1.171443e-09 
0.244716 	 1.906995e-10 
0.257163 	 2.990132e-11 
0.269735 	 4.452806e-12 
0.282432 	 6.225276e-13 
0.295256 	 7.863115e-14 
0.308209 	 1.023504e-14 
0.321291 	 1.162295e-15 
0.334504 	 1.31983e-16 
0.347849 	 1.48903e-17 
0.361327 	 1.447988e-18 
0.374941 	 1.257315e-19 
0.38869 	 1.085942e-20 
0.402577 	 7.311818e-22 
0.416603 	 4.763895e-23 
0.430769 	 2.764861e-24 
0.445076 	 1.500852e-25 
0.459527 	 9.415026e-27 
0.474123 	 5.647502e-28 
0.488864 	 3.749212e-29 
0.503752 	 3.079788e-30 
0.51879 	 2.219423e-31 
0.533978 	 1.533483e-32 
0.549318 	 1.194288e-33 
0.564811 	 8.964574e-35 
0.580459 	 7.12633e-36 
0.596263 	 7.478043e-37 
0.612226 	 8.094109e-38 
0.628348 	 8.756343e-39 
0.644632 	 1.190813e-39 
0.661078 	 2.1768e-40 
0.677689 	 4.116133e-41 
0.694466 	 6.335607e-42 
0.71141 	 9.228762e-43 
0.728525 	 1.516657e-43 
0.74581 	 2.732753e-44 
0.763268 	 5.316037e-45 
0.780901 	 9.943398e-46 
0.79871 	 1.882766e-46 
0.816697 	 3.649219e-47 
0.834864 	 5.22093e-48 
0.853212 	 6.79582e-49 
0.871744 	 8.478705e-50 
0.890462 	 1.11199e-50 
0.909366 	 1.964046e-51 
0.92846 	 3.73852e-52 
0.947745 	 6.065556e-53 
0.967222 	 1.181751e-53 
0.986894 	 2.531383e-54 
1.006763 	 4.538767e-55 
1.026831 	 1.087592e-55 
1.047099 	 2.799502e-56 
1.06757 	 6.367511e-57 
1.088246 	 1.521805e-57 
1.109128 	 6.049281e-58 
1.13022 	 1.36142e-58 
1.151522 	 2.868651e-59 
1.173037 	 1.230002e-59 
1.194768 	 7.858454e-60 
1.216715 	 4.173271e-60 
1.238882 	 2.042135e-60 
1.261271 	 8.601598e-61 
1.283884 	 3.262023e-61 
1.306723 	 1.470755e-61 
1.32979 	 6.231465e-62 
1.353088 	 2.442846e-62 
1.376619 	 9.866989e-63 
1.400385 	 3.659084e-63 
1.424389 	 9.417266e-64 
1.448633 	 4.034901e-64 
1.473119 	 1.589116e-64 
1.49785 	 3.350592e-65 
1.522829 	 1.004881e-65 
1.548057 	 2.569486e-66 
1.573538 	 3.323522e-67 
1.599273 	 9.072357e-68 
1.625266 	 4.695339e-68 
1.651518 	 2.118075e-68 
1.678033 	 1.509195e-68 
1.704814 	 1.17332e-68 
1.731862 	 6.930092e-69 
1.759181 	 6.240697e-69 
1.786772 	 6.26832e-69 
1.81464 	 4.992016e-69 
1.842787 	 5.688688e-69 
1.871214 	 7.34613e-69 
1.899927 	 7.626129e-69 
1.928926 	 1.231098e-68 
1.958215 	 2.640325e-68 
1.987797 	 6.075762e-68 
2.017675 	 1.861922e-67 
2.047852 	 5.476086e-67 
2.07833 	 1.508115e-66 
2.109114 	 4.353298e-66 
2.140205 	 1.197323e-65 
2.171607 	 2.451982e-65 
2.203323 	 4.989892e-65 
2.235356 	 6.910301e-65 
2.26771 	 7.745909e-65 
2.300387 	 9.707434e-65 
2.333391 	 1.303088e-64 
2.366725 	 7.903703e-65 
2.400392 	 6.116872e-65 
2.434396 	 9.201513e-65 
2.46874 	 1.072085e-64 
2.503427 	 2.927236e-65 
2.538461 	 8.291502e-66 
2.573846 	 1.552625e-65 
2.609585 	 1.644396e-65 
2.64568 	 3.946244e-65 
2.682137 	 4.463606e-65 
2.718959 	 4.417568e-65 
2.756148 	 2.697724e-65 
2.79371 	 1.059824e-65 
2.831647 	 3.558373e-66 
2.869963 	 1.655731e-67 
2.908663 	 4.786568e-69 
2.947749 	 7.03093e-71 
2.987227 	 3.457367e-73 
3.027099 	 4.190095e-76 
3.06737 	 9.157286e-80 
3.108044 	 7.36618e-85 
3.149124 	 1.13786e-88 
3.190616 	 2.06048e-92 
3.232522 	 5.680558e-97 
3.274847 	 3.511769e-99 
3.317595 	 1.278919e-101 
3.360771 	 6.995798e-101 
3.404379 	 3.70986e-102 
3.448423 	 6.878643e-103 
3.492907 	 5.760517e-103 
3.537836 	 2.673395e-103 
3.583215 	 1.472404e-103 
3.629047 	 1.188253e-103 
3.675337 	 1.06457e-103 
3.722091 	 5.996505e-104 
3.769311 	 3.134043e-104 
3.817005 	 1.415214e-104 
3.865175 	 1.537646e-105 
3.913826 	 1.222301e-105 
3.962965 	 1.105805e-105 
4.012594 	 7.491855e-106 
4.06272 	 6.178176e-106 
4.113347 	 6.147113e-106 
4.164481 	 4.518787e-106 
4.216126 	 2.603279e-106 
4.268287 	 2.388948e-106 
4.32097 	 1.422215e-106 
4.37418 	 8.013082e-107 
4.427921 	 5.457014e-107 
4.482201 	 3.345652e-107 
4.537023 	 2.358246e-107 
4.592393 	 2.485333e-107 
4.648317 	 1.027654e-107 
4.7048 	 4.087445e-108 
4.761848 	 2.458257e-108 
4.819466 	 1.182337e-108 
4.877661 	 7.425865e-109 
4.936438 	 4.859297e-109 
4.995802 	 7.480663e-109 
5.05576 	 7.253807e-109 
5.116318 	 1.18226e-109 
5.177481 	 5.311369e-110 
5.239256 	 1.249712e-110 
5.301648 	 6.711107e-111 
5.364665 	 1.426744e-111 
5.428311 	 2.315766e-112 
5.492594 	 1.251392e-112 
5.55752 	 2.374483e-113 
5.623096 	 9.049736e-114 
5.689326 	 2.64339e-114 
5.75622 	 9.436591e-115 
5.823782 	 2.599344e-115 
5.89202 	 5.980785e-116 
5.96094 	 1.563229e-116 
