0.01 	 0.01091378 
0.0201 	 0.03133922 
0.030301 	 0.05514349 
0.040604 	 0.08077165 
0.05101 	 0.1128202 
0.06152 	 0.1509372 
0.072135 	 0.194977 
0.082857 	 0.2535707 
0.093685 	 0.3235384 
0.104622 	 0.3969391 
0.115668 	 0.4849973 
0.126825 	 0.5868707 
0.138093 	 0.6820312 
0.149474 	 0.7610154 
0.160969 	 0.8284114 
0.172579 	 0.8641582 
0.184304 	 0.8722407 
0.196147 	 0.8583743 
0.208109 	 0.8054366 
0.22019 	 0.7303426 
0.232392 	 0.6547744 
0.244716 	 0.5605891 
0.257163 	 0.472637 
0.269735 	 0.3961979 
0.282432 	 0.3345314 
0.295256 	 0.2887579 
0.308209 	 0.254137 
0.321291 	 0.2205915 
0.334504 	 0.1916159 
0.347849 	 0.1675995 
0.361327 	 0.1426499 
0.374941 	 0.1184884 
0.38869 	 0.09617233 
0.402577 	 0.07426627 
0.416603 	 0.05503798 
0.430769 	 0.03915094 
0.445076 	 0.02700993 
0.459527 	 0.01838278 
0.474123 	 0.0124705 
0.488864 	 0.008523957 
0.503752 	 0.005791408 
0.51879 	 0.003845205 
0.533978 	 0.002453675 
0.549318 	 0.001502464 
0.564811 	 0.0008833434 
0.580459 	 0.0005050287 
0.596263 	 0.0002853394 
0.612226 	 0.00016088 
0.628348 	 9.10401e-05 
0.644632 	 5.216698e-05 
0.661078 	 2.941719e-05 
0.677689 	 1.630545e-05 
0.694466 	 8.887822e-06 
0.71141 	 4.816664e-06 
0.728525 	 2.716709e-06 
0.74581 	 1.583007e-06 
0.763268 	 9.317186e-07 
0.780901 	 5.526402e-07 
0.79871 	 3.278596e-07 
0.816697 	 1.950228e-07 
0.834864 	 1.168144e-07 
0.853212 	 6.764444e-08 
0.871744 	 3.921431e-08 
0.890462 	 2.267157e-08 
0.909366 	 1.318412e-08 
0.92846 	 7.627156e-09 
0.947745 	 4.476114e-09 
0.967222 	 2.670052e-09 
0.986894 	 1.583936e-09 
1.006763 	 9.253648e-10 
1.026831 	 5.348475e-10 
1.047099 	 3.067326e-10 
1.06757 	 1.728815e-10 
1.088246 	 9.663085e-11 
1.109128 	 5.368494e-11 
1.13022 	 3.033418e-11 
1.151522 	 1.809618e-11 
1.173037 	 1.097745e-11 
1.194768 	 6.802588e-12 
1.216715 	 4.334447e-12 
1.238882 	 2.849227e-12 
1.261271 	 1.888484e-12 
1.283884 	 1.259688e-12 
1.306723 	 8.342634e-13 
1.32979 	 5.494421e-13 
1.353088 	 3.527669e-13 
1.376619 	 2.166674e-13 
1.400385 	 1.258283e-13 
1.424389 	 7.010945e-14 
1.448633 	 3.861498e-14 
1.473119 	 2.134507e-14 
1.49785 	 1.146765e-14 
1.522829 	 6.000413e-15 
1.548057 	 3.086839e-15 
1.573538 	 1.583083e-15 
1.599273 	 8.069924e-16 
1.625266 	 4.02444e-16 
1.651518 	 2.003745e-16 
1.678033 	 1.017936e-16 
1.704814 	 5.198473e-17 
1.731862 	 2.744391e-17 
1.759181 	 1.529023e-17 
1.786772 	 8.597446e-18 
1.81464 	 4.617638e-18 
1.842787 	 2.504963e-18 
1.871214 	 1.379577e-18 
1.899927 	 7.795907e-19 
1.928926 	 4.645239e-19 
1.958215 	 2.741909e-19 
1.987797 	 1.605335e-19 
2.017675 	 1.01531e-19 
2.047852 	 6.754818e-20 
2.07833 	 4.544974e-20 
2.109114 	 3.228636e-20 
2.140205 	 2.36086e-20 
2.171607 	 1.71643e-20 
2.203323 	 1.277862e-20 
2.235356 	 8.685566e-21 
2.26771 	 5.685785e-21 
2.300387 	 3.481788e-21 
2.333391 	 2.237682e-21 
2.366725 	 1.316756e-21 
2.400392 	 8.767413e-22 
2.434396 	 6.827725e-22 
2.46874 	 5.484965e-22 
2.503427 	 4.666046e-22 
2.538461 	 4.859732e-22 
2.573846 	 7.288743e-22 
2.609585 	 1.123527e-21 
2.64568 	 2.763041e-21 
2.682137 	 8.076736e-21 
2.718959 	 3.189498e-20 
2.756148 	 2.057381e-19 
2.79371 	 1.542246e-18 
2.831647 	 2.114714e-17 
2.869963 	 3.617626e-16 
2.908663 	 1.004222e-14 
2.947749 	 3.444749e-13 
2.987227 	 1.609602e-11 
3.027099 	 1.389332e-09 
3.06737 	 1.061362e-07 
3.108044 	 1.338921e-05 
3.149124 	 0.0002052574 
3.190616 	 0.002260094 
3.232522 	 0.02156959 
3.274847 	 0.05857088 
3.317595 	 0.1975672 
3.360771 	 0.676996 
3.404379 	 0.9729661 
3.448423 	 1.086488 
3.492907 	 1.29119 
3.537836 	 1.339517 
3.583215 	 1.51417 
3.629047 	 2.136138 
3.675337 	 2.553842 
3.722091 	 2.324623 
3.769311 	 1.796335 
3.817005 	 1.144603 
3.865175 	 0.3935265 
3.913826 	 0.268478 
3.962965 	 0.1845473 
4.012594 	 0.1166134 
4.06272 	 0.07747279 
4.113347 	 0.04966368 
4.164481 	 0.02871363 
4.216126 	 0.01407511 
4.268287 	 0.007610935 
4.32097 	 0.003145292 
4.37418 	 0.001222932 
4.427921 	 0.0005221544 
4.482201 	 0.0002146356 
4.537023 	 9.188678e-05 
4.592393 	 3.656133e-05 
4.648317 	 1.017654e-05 
4.7048 	 2.765181e-06 
4.761848 	 7.934709e-07 
4.819466 	 2.511649e-07 
4.877661 	 1.132185e-07 
4.936438 	 4.08104e-08 
4.995802 	 4.30068e-08 
5.05576 	 2.18359e-08 
5.116318 	 5.342229e-09 
5.177481 	 1.519053e-09 
5.239256 	 4.238794e-10 
5.301648 	 9.019906e-11 
5.364665 	 9.202299e-12 
5.428311 	 1.516805e-12 
5.492594 	 3.38954e-13 
5.55752 	 5.643068e-14 
5.623096 	 1.184921e-14 
5.689326 	 2.535896e-15 
5.75622 	 5.247276e-16 
5.823782 	 9.558305e-17 
5.89202 	 1.928806e-17 
5.96094 	 3.824683e-18 
