0.01 	 2.310342e-09 
0.0201 	 4.064748e-09 
0.030301 	 4.393762e-09 
0.040604 	 4.008477e-09 
0.05101 	 3.52811e-09 
0.06152 	 3.443439e-09 
0.072135 	 4.480204e-09 
0.082857 	 7.461609e-09 
0.093685 	 1.368019e-08 
0.104622 	 2.421168e-08 
0.115668 	 5.398823e-08 
0.126825 	 1.042627e-07 
0.138093 	 1.94221e-07 
0.149474 	 3.496588e-07 
0.160969 	 5.74608e-07 
0.172579 	 9.170435e-07 
0.184304 	 1.416775e-06 
0.196147 	 2.063841e-06 
0.208109 	 2.798676e-06 
0.22019 	 3.922512e-06 
0.232392 	 5.743347e-06 
0.244716 	 8.373261e-06 
0.257163 	 1.209425e-05 
0.269735 	 1.623545e-05 
0.282432 	 1.88065e-05 
0.295256 	 1.894032e-05 
0.308209 	 1.765058e-05 
0.321291 	 1.705305e-05 
0.334504 	 1.920805e-05 
0.347849 	 2.457753e-05 
0.361327 	 3.46832e-05 
0.374941 	 5.917997e-05 
0.38869 	 0.0001227826 
0.402577 	 0.0002949933 
0.416603 	 0.0007813008 
0.430769 	 0.001954583 
0.445076 	 0.004272403 
0.459527 	 0.008253307 
0.474123 	 0.01505504 
0.488864 	 0.02701565 
0.503752 	 0.04917816 
0.51879 	 0.08736432 
0.533978 	 0.1344137 
0.549318 	 0.1753353 
0.564811 	 0.2422745 
0.580459 	 0.3516515 
0.596263 	 0.4987885 
0.612226 	 0.7176455 
0.628348 	 1.065057 
0.644632 	 1.591491 
0.661078 	 2.259508 
0.677689 	 3.191773 
0.694466 	 4.156535 
0.71141 	 4.952255 
0.728525 	 5.522904 
0.74581 	 5.793363 
0.763268 	 5.660336 
0.780901 	 5.156284 
0.79871 	 4.43227 
0.816697 	 3.587915 
0.834864 	 2.723532 
0.853212 	 1.963865 
0.871744 	 1.34015 
0.890462 	 0.8400726 
0.909366 	 0.4832969 
0.92846 	 0.254465 
0.947745 	 0.1207848 
0.967222 	 0.05284438 
0.986894 	 0.02079811 
1.006763 	 0.006920185 
1.026831 	 0.001992637 
1.047099 	 0.0005107022 
1.06757 	 0.0001255939 
1.088246 	 3.04917e-05 
1.109128 	 7.288342e-06 
1.13022 	 1.604539e-06 
1.151522 	 3.609696e-07 
1.173037 	 9.117463e-08 
1.194768 	 2.224269e-08 
1.216715 	 5.28797e-09 
1.238882 	 1.304057e-09 
1.261271 	 3.098685e-10 
1.283884 	 6.794248e-11 
1.306723 	 1.492346e-11 
1.32979 	 3.109856e-12 
1.353088 	 6.297869e-13 
1.376619 	 1.324114e-13 
1.400385 	 2.399143e-14 
1.424389 	 3.753418e-15 
1.448633 	 5.898584e-16 
1.473119 	 7.9215e-17 
1.49785 	 1.003342e-17 
1.522829 	 1.516344e-18 
1.548057 	 2.115576e-19 
1.573538 	 3.136213e-20 
1.599273 	 5.273087e-21 
1.625266 	 7.158227e-22 
1.651518 	 1.045181e-22 
1.678033 	 1.985867e-23 
1.704814 	 3.709857e-24 
1.731862 	 7.184615e-25 
1.759181 	 1.781288e-25 
1.786772 	 4.352934e-26 
1.81464 	 8.641302e-27 
1.842787 	 1.897908e-27 
1.871214 	 5.304326e-28 
1.899927 	 1.399791e-28 
1.928926 	 4.358717e-29 
1.958215 	 1.49749e-29 
1.987797 	 3.765072e-30 
2.017675 	 1.082403e-30 
2.047852 	 3.771364e-31 
2.07833 	 9.484567e-32 
2.109114 	 2.120284e-32 
2.140205 	 5.622743e-33 
2.171607 	 1.229768e-33 
2.203323 	 2.906827e-34 
2.235356 	 8.945309e-35 
2.26771 	 3.125694e-35 
2.300387 	 1.373722e-35 
2.333391 	 7.66797e-36 
2.366725 	 4.266022e-36 
2.400392 	 2.392876e-36 
2.434396 	 1.975999e-36 
2.46874 	 1.326214e-36 
2.503427 	 1.028807e-36 
2.538461 	 1.47778e-36 
2.573846 	 2.172189e-36 
2.609585 	 3.041314e-36 
2.64568 	 5.328324e-36 
2.682137 	 5.746411e-36 
2.718959 	 3.881624e-36 
2.756148 	 1.365568e-36 
2.79371 	 9.518889e-38 
2.831647 	 1.846583e-39 
2.869963 	 1.160343e-42 
2.908663 	 4.573847e-47 
2.947749 	 1.194554e-54 
2.987227 	 6.717796e-64 
3.027099 	 2.593905e-77 
3.06737 	 2.620141e-94 
3.108044 	 4.666974e-118 
3.149124 	 2.138229e-140 
3.190616 	 2.210301e-162 
3.232522 	 1.073494e-194 
3.274847 	 2.327549e-211 
3.317595 	 9.191822e-238 
3.360771 	 1.88399e-246 
3.404379 	 1.104123e-259 
3.448423 	 1.019593e-265 
3.492907 	 1.22765e-270 
3.537836 	 4.037508e-277 
3.583215 	 5.193182e-281 
3.629047 	 1.7587e-286 
3.675337 	 6.777891e-291 
3.722091 	 3.133574e-295 
3.769311 	 3.608267e-300 
3.817005 	 2.667997e-304 
3.865175 	 4.167544e-309 
3.913826 	 6.19943700002e-313 
3.962965 	 9.15159475615e-317 
4.012594 	 2.77664892963e-321 
4.06272 	 0.0 
4.113347 	 0.0 
4.164481 	 0.0 
4.216126 	 0.0 
4.268287 	 0.0 
4.32097 	 0.0 
4.37418 	 0.0 
4.427921 	 0.0 
4.482201 	 0.0 
4.537023 	 0.0 
4.592393 	 0.0 
4.648317 	 0.0 
4.7048 	 0.0 
4.761848 	 0.0 
4.819466 	 0.0 
4.877661 	 0.0 
4.936438 	 0.0 
4.995802 	 0.0 
5.05576 	 0.0 
5.116318 	 0.0 
5.177481 	 0.0 
5.239256 	 0.0 
5.301648 	 0.0 
5.364665 	 0.0 
5.428311 	 0.0 
5.492594 	 0.0 
5.55752 	 0.0 
5.623096 	 0.0 
5.689326 	 0.0 
5.75622 	 0.0 
5.823782 	 0.0 
5.89202 	 0.0 
5.96094 	 0.0 
