0.01 	 5.797982e-62 
0.0201 	 6.158375e-58 
0.030301 	 3.475726e-55 
0.040604 	 5.633779e-53 
0.05101 	 1.386572e-50 
0.06152 	 1.412585e-48 
0.072135 	 1.500953e-46 
0.082857 	 3.755945e-44 
0.093685 	 4.635294e-42 
0.104622 	 4.164231e-40 
0.115668 	 4.412256e-38 
0.126825 	 1.751484e-36 
0.138093 	 3.125964e-35 
0.149474 	 3.927936e-34 
0.160969 	 3.099983e-33 
0.172579 	 1.456453e-32 
0.184304 	 5.524074e-32 
0.196147 	 4.616629e-31 
0.208109 	 1.705092e-29 
0.22019 	 4.835436e-27 
0.232392 	 1.054899e-23 
0.244716 	 4.743199e-20 
0.257163 	 1.85606e-16 
0.269735 	 1.59838e-13 
0.282432 	 2.38338e-11 
0.295256 	 6.029249e-10 
0.308209 	 2.529887e-09 
0.321291 	 1.149787e-08 
0.334504 	 1.241817e-07 
0.347849 	 2.783302e-06 
0.361327 	 5.380634e-05 
0.374941 	 0.0009901127 
0.38869 	 0.0132042 
0.402577 	 0.06861737 
0.416603 	 0.2288281 
0.430769 	 0.6401378 
0.445076 	 1.540192 
0.459527 	 5.538833 
0.474123 	 21.6203 
0.488864 	 31.71897 
0.503752 	 6.312643 
0.51879 	 0.1593846 
0.533978 	 0.0004864889 
0.549318 	 2.881162e-07 
0.564811 	 5.112796e-11 
0.580459 	 4.180393e-15 
0.596263 	 2.009563e-19 
0.612226 	 5.901536e-24 
0.628348 	 1.133847e-28 
0.644632 	 1.778724e-33 
0.661078 	 3.14607e-38 
0.677689 	 5.47915e-43 
0.694466 	 9.603666e-48 
0.71141 	 2.875259e-52 
0.728525 	 8.43826e-57 
0.74581 	 2.723537e-61 
0.763268 	 1.184073e-65 
0.780901 	 4.354306e-70 
0.79871 	 1.47351e-74 
0.816697 	 7.9625e-79 
0.834864 	 3.254197e-83 
0.853212 	 9.409713e-88 
0.871744 	 3.434874e-92 
0.890462 	 8.512778e-97 
0.909366 	 2.133535e-101 
0.92846 	 6.636048e-106 
0.947745 	 1.813624e-110 
0.967222 	 6.176512e-115 
0.986894 	 3.414541e-119 
1.006763 	 1.527307e-123 
1.026831 	 9.306997e-128 
1.047099 	 5.660561e-132 
1.06757 	 3.065969e-136 
1.088246 	 1.208662e-140 
1.109128 	 1.248504e-144 
1.13022 	 1.079074e-148 
1.151522 	 1.414416e-152 
1.173037 	 4.764602e-156 
1.194768 	 2.267201e-159 
1.216715 	 8.39976e-163 
1.238882 	 7.573542e-166 
1.261271 	 6.224361e-169 
1.283884 	 3.357479e-172 
1.306723 	 4.678788e-175 
1.32979 	 7.011904e-178 
1.353088 	 8.076664e-181 
1.376619 	 2.389693e-183 
1.400385 	 6.253751e-186 
1.424389 	 8.841337e-189 
1.448633 	 4.822027e-191 
1.473119 	 3.446589e-193 
1.49785 	 1.381105e-195 
1.522829 	 2.531338e-197 
1.548057 	 3.694454e-199 
1.573538 	 4.015841e-201 
1.599273 	 3.944186e-202 
1.625266 	 3.519841e-203 
1.651518 	 2.739781e-204 
1.678033 	 1.523742e-204 
1.704814 	 7.931497e-205 
1.731862 	 4.571878e-205 
1.759181 	 1.990573e-204 
1.786772 	 1.501383e-203 
1.81464 	 8.385751e-203 
1.842787 	 2.364534e-201 
1.871214 	 2.006613e-199 
1.899927 	 1.61206e-197 
1.928926 	 3.639636e-195 
1.958215 	 3.628103e-193 
1.987797 	 3.997173e-192 
2.017675 	 2.098743e-191 
2.047852 	 1.483796e-191 
2.07833 	 5.701345e-193 
2.109114 	 4.084977e-194 
2.140205 	 5.31446e-195 
2.171607 	 2.969188e-196 
2.203323 	 2.690177e-197 
2.235356 	 3.539866e-198 
2.26771 	 1.679795e-199 
2.300387 	 8.932571e-201 
2.333391 	 1.069706e-201 
2.366725 	 6.658875e-203 
2.400392 	 6.405176e-204 
2.434396 	 1.990049e-204 
2.46874 	 2.764492e-205 
2.503427 	 7.70533e-206 
2.538461 	 6.732102e-206 
2.573846 	 2.383458e-206 
2.609585 	 2.595994e-206 
2.64568 	 9.2362e-206 
2.682137 	 2.677345e-205 
2.718959 	 9.924244e-205 
2.756148 	 2.923967e-203 
2.79371 	 3.465996e-201 
2.831647 	 6.512126e-199 
2.869963 	 3.606371e-195 
2.908663 	 7.245464e-191 
2.947749 	 1.522793e-185 
2.987227 	 1.921463e-178 
3.027099 	 9.158577e-170 
3.06737 	 2.518906e-158 
3.108044 	 5.269431e-142 
3.149124 	 4.581196e-129 
3.190616 	 2.035288e-118 
3.232522 	 4.508966e-121 
3.274847 	 1.008281e-139 
3.317595 	 6.725367e-204 
3.360771 	 2.071205e-232 
3.404379 	 7.721604e-283 
3.448423 	 3.382423e-292 
3.492907 	 1.994451e-297 
3.537836 	 5.029451e-306 
3.583215 	 2.680341e-306 
3.629047 	 1.365949e-309 
3.675337 	 7.78788900001e-313 
3.722091 	 1.86078956062e-318 
3.769311 	 0.0 
3.817005 	 0.0 
3.865175 	 0.0 
3.913826 	 0.0 
3.962965 	 0.0 
4.012594 	 0.0 
4.06272 	 0.0 
4.113347 	 0.0 
4.164481 	 0.0 
4.216126 	 0.0 
4.268287 	 0.0 
4.32097 	 0.0 
4.37418 	 0.0 
4.427921 	 0.0 
4.482201 	 0.0 
4.537023 	 0.0 
4.592393 	 0.0 
4.648317 	 0.0 
4.7048 	 0.0 
4.761848 	 0.0 
4.819466 	 0.0 
4.877661 	 0.0 
4.936438 	 0.0 
4.995802 	 0.0 
5.05576 	 0.0 
5.116318 	 0.0 
5.177481 	 0.0 
5.239256 	 0.0 
5.301648 	 0.0 
5.364665 	 0.0 
5.428311 	 0.0 
5.492594 	 0.0 
5.55752 	 0.0 
5.623096 	 0.0 
5.689326 	 0.0 
5.75622 	 0.0 
5.823782 	 0.0 
5.89202 	 0.0 
5.96094 	 0.0 
