0.01 	 1.836272e-10 
0.0201 	 2.184878e-10 
0.030301 	 1.564148e-10 
0.040604 	 9.31213e-11 
0.05101 	 5.712993e-11 
0.06152 	 4.145934e-11 
0.072135 	 4.344016e-11 
0.082857 	 6.475794e-11 
0.093685 	 1.064609e-10 
0.104622 	 1.648952e-10 
0.115668 	 3.322219e-10 
0.126825 	 5.704562e-10 
0.138093 	 9.673661e-10 
0.149474 	 1.58155e-09 
0.160969 	 2.342589e-09 
0.172579 	 3.229549e-09 
0.184304 	 4.275125e-09 
0.196147 	 5.47225e-09 
0.208109 	 6.868248e-09 
0.22019 	 9.507659e-09 
0.232392 	 1.401964e-08 
0.244716 	 2.018232e-08 
0.257163 	 2.903808e-08 
0.269735 	 3.862118e-08 
0.282432 	 4.458871e-08 
0.295256 	 4.273121e-08 
0.308209 	 3.939697e-08 
0.321291 	 4.103889e-08 
0.334504 	 5.366547e-08 
0.347849 	 8.537859e-08 
0.361327 	 1.588058e-07 
0.374941 	 3.569049e-07 
0.38869 	 1.027961e-06 
0.402577 	 3.658833e-06 
0.416603 	 1.48833e-05 
0.430769 	 5.188448e-05 
0.445076 	 0.0001311124 
0.459527 	 0.000261262 
0.474123 	 0.0004506488 
0.488864 	 0.0007149961 
0.503752 	 0.001152771 
0.51879 	 0.001812512 
0.533978 	 0.002201149 
0.549318 	 0.001987829 
0.564811 	 0.002398235 
0.580459 	 0.003960976 
0.596263 	 0.006908843 
0.612226 	 0.01285436 
0.628348 	 0.02683333 
0.644632 	 0.06217186 
0.661078 	 0.144617 
0.677689 	 0.319613 
0.694466 	 0.5870541 
0.71141 	 0.9264488 
0.728525 	 1.314038 
0.74581 	 1.787346 
0.763268 	 2.336096 
0.780901 	 2.892986 
0.79871 	 3.437405 
0.816697 	 3.894815 
0.834864 	 4.272352 
0.853212 	 4.876532 
0.871744 	 5.595039 
0.890462 	 5.442327 
0.909366 	 4.764087 
0.92846 	 3.901001 
0.947745 	 2.943788 
0.967222 	 2.011304 
0.986894 	 1.241953 
1.006763 	 0.6893571 
1.026831 	 0.3424182 
1.047099 	 0.1531562 
1.06757 	 0.06435669 
1.088246 	 0.02503713 
1.109128 	 0.008939606 
1.13022 	 0.002604327 
1.151522 	 0.0007321332 
1.173037 	 0.0002820587 
1.194768 	 0.0001257523 
1.216715 	 5.639591e-05 
1.238882 	 2.505291e-05 
1.261271 	 1.052491e-05 
1.283884 	 4.07442e-06 
1.306723 	 1.615533e-06 
1.32979 	 6.720969e-07 
1.353088 	 3.011806e-07 
1.376619 	 1.6405e-07 
1.400385 	 9.670798e-08 
1.424389 	 4.94153e-08 
1.448633 	 2.21337e-08 
1.473119 	 9.136728e-09 
1.49785 	 3.934422e-09 
1.522829 	 1.997249e-09 
1.548057 	 1.009882e-09 
1.573538 	 6.734638e-10 
1.599273 	 4.739096e-10 
1.625266 	 2.302891e-10 
1.651518 	 1.152619e-10 
1.678033 	 6.867302e-11 
1.704814 	 3.876824e-11 
1.731862 	 2.110747e-11 
1.759181 	 1.204842e-11 
1.786772 	 4.954432e-12 
1.81464 	 1.388949e-12 
1.842787 	 5.043523e-13 
1.871214 	 2.376282e-13 
1.899927 	 1.060855e-13 
1.928926 	 4.754018e-14 
1.958215 	 2.089484e-14 
1.987797 	 6.858422e-15 
2.017675 	 2.319297e-15 
2.047852 	 8.585736e-16 
2.07833 	 2.385073e-16 
2.109114 	 5.692789e-17 
2.140205 	 1.509419e-17 
2.171607 	 3.958441e-18 
2.203323 	 1.204624e-18 
2.235356 	 4.956031e-19 
2.26771 	 2.65787e-19 
2.300387 	 1.704423e-19 
2.333391 	 1.454503e-19 
2.366725 	 2.252262e-19 
2.400392 	 4.591132e-19 
2.434396 	 3.489388e-19 
2.46874 	 1.706368e-19 
2.503427 	 8.080605e-20 
2.538461 	 3.855991e-20 
2.573846 	 1.65692e-20 
2.609585 	 2.874656e-21 
2.64568 	 4.253835e-22 
2.682137 	 1.56602e-23 
2.718959 	 2.791618e-25 
2.756148 	 7.62834e-28 
2.79371 	 1.671676e-31 
2.831647 	 8.42055e-36 
2.869963 	 6.490385e-42 
2.908663 	 6.765742e-49 
2.947749 	 1.589793e-59 
2.987227 	 8.945494e-71 
3.027099 	 2.338671e-86 
3.06737 	 5.522823e-104 
3.108044 	 1.571865e-127 
3.149124 	 1.243169e-148 
3.190616 	 2.296883e-168 
3.232522 	 1.058162e-196 
3.274847 	 3.754927e-211 
3.317595 	 6.832849e-234 
3.360771 	 4.4139e-242 
3.404379 	 5.710825e-254 
3.448423 	 5.236159e-261 
3.492907 	 9.881349e-267 
3.537836 	 7.143491e-274 
3.583215 	 2.519937e-278 
3.629047 	 3.347909e-284 
3.675337 	 2.702652e-289 
3.722091 	 1.018779e-293 
3.769311 	 5.606392e-299 
3.817005 	 5.62992e-303 
3.865175 	 7.19986e-308 
3.913826 	 1.867194e-311 
3.962965 	 5.24911399769e-315 
4.012594 	 1.8268077255e-319 
4.06272 	 1.08694442085e-322 
4.113347 	 0.0 
4.164481 	 0.0 
4.216126 	 0.0 
4.268287 	 0.0 
4.32097 	 0.0 
4.37418 	 0.0 
4.427921 	 0.0 
4.482201 	 0.0 
4.537023 	 0.0 
4.592393 	 0.0 
4.648317 	 0.0 
4.7048 	 0.0 
4.761848 	 0.0 
4.819466 	 0.0 
4.877661 	 0.0 
4.936438 	 0.0 
4.995802 	 0.0 
5.05576 	 0.0 
5.116318 	 0.0 
5.177481 	 0.0 
5.239256 	 0.0 
5.301648 	 0.0 
5.364665 	 0.0 
5.428311 	 0.0 
5.492594 	 0.0 
5.55752 	 0.0 
5.623096 	 0.0 
5.689326 	 0.0 
5.75622 	 0.0 
5.823782 	 0.0 
5.89202 	 0.0 
5.96094 	 0.0 
