0.01 	 4.586213e-130 
0.0201 	 3.715104e-129 
0.030301 	 5.229708e-129 
0.040604 	 4.135088e-129 
0.05101 	 3.787321e-129 
0.06152 	 2.42685e-129 
0.072135 	 1.940756e-129 
0.082857 	 3.398757e-129 
0.093685 	 3.726678e-129 
0.104622 	 4.875566e-129 
0.115668 	 8.045657e-129 
0.126825 	 9.474989e-129 
0.138093 	 1.117166e-128 
0.149474 	 1.962504e-128 
0.160969 	 3.434211e-128 
0.172579 	 1.200119e-127 
0.184304 	 7.796075e-127 
0.196147 	 1.062e-125 
0.208109 	 2.240473e-124 
0.22019 	 1.940127e-122 
0.232392 	 5.321231e-120 
0.244716 	 1.223758e-117 
0.257163 	 1.391635e-114 
0.269735 	 2.886757e-111 
0.282432 	 7.624577e-108 
0.295256 	 1.457014e-103 
0.308209 	 1.228383e-98 
0.321291 	 1.235954e-93 
0.334504 	 5.07033e-88 
0.347849 	 4.488784e-82 
0.361327 	 1.356864e-76 
0.374941 	 2.157631e-70 
0.38869 	 2.238289e-64 
0.402577 	 1.586715e-59 
0.416603 	 5.579715e-55 
0.430769 	 9.712926e-51 
0.445076 	 2.049187e-46 
0.459527 	 4.229562e-41 
0.474123 	 3.591203e-35 
0.488864 	 1.161813e-28 
0.503752 	 3.416055e-22 
0.51879 	 3.489221e-16 
0.533978 	 4.435163e-11 
0.549318 	 7.713288e-07 
0.564811 	 0.001043281 
0.580459 	 0.1616957 
0.596263 	 6.018996 
0.612226 	 29.7523 
0.628348 	 20.9563 
0.644632 	 4.750572 
0.661078 	 0.416082 
0.677689 	 0.02132211 
0.694466 	 0.00056318 
0.71141 	 1.393411e-05 
0.728525 	 3.749662e-07 
0.74581 	 7.575845e-09 
0.763268 	 7.21535e-11 
0.780901 	 2.287187e-13 
0.79871 	 1.104398e-16 
0.816697 	 9.601204e-21 
0.834864 	 3.223203e-25 
0.853212 	 7.365546e-30 
0.871744 	 2.114867e-34 
0.890462 	 5.89662e-39 
0.909366 	 2.339232e-43 
0.92846 	 1.099419e-47 
0.947745 	 7.97125e-52 
0.967222 	 1.399474e-55 
0.986894 	 4.243375e-59 
1.006763 	 2.877769e-62 
1.026831 	 5.52561e-65 
1.047099 	 2.368521e-67 
1.06757 	 3.790132e-69 
1.088246 	 2.602295e-70 
1.109128 	 1.424267e-70 
1.13022 	 4.763019e-70 
1.151522 	 2.294459e-69 
1.173037 	 2.335791e-69 
1.194768 	 2.515564e-70 
1.216715 	 1.539918e-72 
1.238882 	 4.077274e-76 
1.261271 	 2.021086e-81 
1.283884 	 6.419013e-88 
1.306723 	 1.979013e-94 
1.32979 	 6.448142e-101 
1.353088 	 1.726072e-107 
1.376619 	 7.451947e-114 
1.400385 	 2.353866e-120 
1.424389 	 4.920519e-127 
1.448633 	 2.128941e-133 
1.473119 	 1.311118e-139 
1.49785 	 8.814265e-146 
1.522829 	 2.196676e-151 
1.548057 	 5.309227e-157 
1.573538 	 1.392731e-162 
1.599273 	 2.206831e-167 
1.625266 	 3.120529e-172 
1.651518 	 6.491282e-177 
1.678033 	 8.764579e-181 
1.704814 	 1.261203e-184 
1.731862 	 2.736831e-188 
1.759181 	 3.516942e-191 
1.786772 	 6.120247e-194 
1.81464 	 9.144519e-197 
1.842787 	 4.360378e-199 
1.871214 	 4.713523e-201 
1.899927 	 3.249155e-203 
1.928926 	 1.192997e-204 
1.958215 	 1.069032e-205 
1.987797 	 9.007462e-207 
2.017675 	 4.483381e-207 
2.047852 	 5.71764e-207 
2.07833 	 4.942145e-207 
2.109114 	 1.792048e-206 
2.140205 	 1.735504e-205 
2.171607 	 8.02361e-205 
2.203323 	 8.137937e-204 
2.235356 	 1.280214e-202 
2.26771 	 7.880769e-202 
2.300387 	 7.668236e-201 
2.333391 	 2.338666e-199 
2.366725 	 4.125568e-198 
2.400392 	 2.538689e-196 
2.434396 	 5.939381e-194 
2.46874 	 8.184464e-192 
2.503427 	 5.404874e-189 
2.538461 	 1.237861e-185 
2.573846 	 1.734413e-182 
2.609585 	 1.039757e-178 
2.64568 	 3.057566e-174 
2.682137 	 5.860353e-170 
2.718959 	 1.541876e-165 
2.756148 	 5.264381e-161 
2.79371 	 2.508812e-157 
2.831647 	 1.747016e-154 
2.869963 	 3.020269e-152 
2.908663 	 2.822766e-151 
2.947749 	 3.694596e-151 
2.987227 	 1.723621e-150 
3.027099 	 1.692833e-149 
3.06737 	 1.479431e-147 
3.108044 	 3.435438e-144 
3.149124 	 3.977065e-141 
3.190616 	 2.464847e-138 
3.232522 	 3.808262e-138 
3.274847 	 6.427442e-141 
3.317595 	 3.623593e-157 
3.360771 	 2.015231e-162 
3.404379 	 3.945309e-175 
3.448423 	 7.097804e-175 
3.492907 	 6.968395e-173 
3.537836 	 1.499927e-171 
3.583215 	 1.214066e-167 
3.629047 	 1.691196e-163 
3.675337 	 1.339661e-159 
3.722091 	 5.324065e-156 
3.769311 	 8.992491e-153 
3.817005 	 4.594956e-150 
3.865175 	 2.418651e-148 
3.913826 	 2.708366e-147 
3.962965 	 3.952865e-147 
4.012594 	 4.659708e-148 
4.06272 	 1.732868e-149 
4.113347 	 4.691403e-151 
4.164481 	 2.527468e-152 
4.216126 	 1.409855e-152 
4.268287 	 1.386676e-151 
4.32097 	 1.480257e-149 
4.37418 	 2.892116e-146 
4.427921 	 5.950966e-142 
4.482201 	 7.056623e-137 
4.537023 	 1.948504e-131 
4.592393 	 9.286956e-126 
4.648317 	 1.239503e-120 
4.7048 	 2.211513e-116 
4.761848 	 1.62055e-113 
4.819466 	 1.516958e-112 
4.877661 	 3.441773e-113 
4.936438 	 6.29438e-115 
4.995802 	 1.322447e-117 
5.05576 	 4.25696e-121 
5.116318 	 4.010426e-126 
5.177481 	 3.379576e-132 
5.239256 	 3.419563e-140 
5.301648 	 7.0845e-149 
5.364665 	 6.186361e-159 
5.428311 	 1.643468e-171 
5.492594 	 8.912222e-184 
5.55752 	 8.72876e-199 
5.623096 	 4.846397e-213 
5.689326 	 1.112359e-229 
5.75622 	 8.975358e-245 
5.823782 	 4.008477e-260 
5.89202 	 8.022043e-277 
5.96094 	 1.774798e-290 
