0.01 	 4.683389e-09 
0.0201 	 1.618907e-08 
0.030301 	 4.009691e-08 
0.040604 	 9.593181e-08 
0.05101 	 2.318157e-07 
0.06152 	 6.090082e-07 
0.072135 	 1.766508e-06 
0.082857 	 5.273189e-06 
0.093685 	 1.550594e-05 
0.104622 	 4.324352e-05 
0.115668 	 0.0001196434 
0.126825 	 0.0002929108 
0.138093 	 0.0006640298 
0.149474 	 0.001382142 
0.160969 	 0.002591777 
0.172579 	 0.004438722 
0.184304 	 0.006890801 
0.196147 	 0.009522019 
0.208109 	 0.01192654 
0.22019 	 0.01450002 
0.232392 	 0.0181054 
0.244716 	 0.02270125 
0.257163 	 0.02879555 
0.269735 	 0.03686714 
0.282432 	 0.0465299 
0.295256 	 0.05953547 
0.308209 	 0.07583555 
0.321291 	 0.09576927 
0.334504 	 0.1238878 
0.347849 	 0.1652132 
0.361327 	 0.2242672 
0.374941 	 0.3147511 
0.38869 	 0.4600019 
0.402577 	 0.6898501 
0.416603 	 1.035138 
0.430769 	 1.498918 
0.445076 	 2.046067 
0.459527 	 2.652817 
0.474123 	 3.310678 
0.488864 	 3.994666 
0.503752 	 4.640251 
0.51879 	 5.218692 
0.533978 	 5.722491 
0.549318 	 5.934004 
0.564811 	 5.896085 
0.580459 	 5.513274 
0.596263 	 4.770201 
0.612226 	 3.818356 
0.628348 	 2.849274 
0.644632 	 1.907934 
0.661078 	 1.12734 
0.677689 	 0.5768679 
0.694466 	 0.2574631 
0.71141 	 0.1067308 
0.728525 	 0.04188519 
0.74581 	 0.01552515 
0.763268 	 0.005669597 
0.780901 	 0.002144976 
0.79871 	 0.0008587473 
0.816697 	 0.0003622673 
0.834864 	 0.0001472778 
0.853212 	 5.683483e-05 
0.871744 	 2.277274e-05 
0.890462 	 8.663783e-06 
0.909366 	 3.113497e-06 
0.92846 	 1.074286e-06 
0.947745 	 3.235027e-07 
0.967222 	 8.928666e-08 
0.986894 	 2.255895e-08 
1.006763 	 4.554347e-09 
1.026831 	 7.47812e-10 
1.047099 	 1.075654e-10 
1.06757 	 1.42992e-11 
1.088246 	 1.90683e-12 
1.109128 	 2.661854e-13 
1.13022 	 3.340974e-14 
1.151522 	 4.600493e-15 
1.173037 	 7.789694e-16 
1.194768 	 1.384788e-16 
1.216715 	 2.341268e-17 
1.238882 	 4.261148e-18 
1.261271 	 8.006752e-19 
1.283884 	 1.450779e-19 
1.306723 	 2.868508e-20 
1.32979 	 5.030892e-21 
1.353088 	 7.688193e-22 
1.376619 	 1.217506e-22 
1.400385 	 1.807806e-23 
1.424389 	 2.446202e-24 
1.448633 	 3.810222e-25 
1.473119 	 5.731772e-26 
1.49785 	 8.965946e-27 
1.522829 	 1.984724e-27 
1.548057 	 4.484394e-28 
1.573538 	 1.09193e-28 
1.599273 	 4.002678e-29 
1.625266 	 1.565715e-29 
1.651518 	 7.561678e-30 
1.678033 	 5.033458e-30 
1.704814 	 2.99242e-30 
1.731862 	 1.649282e-30 
1.759181 	 1.067927e-30 
1.786772 	 5.963672e-31 
1.81464 	 2.044801e-31 
1.842787 	 4.592343e-32 
1.871214 	 7.920766e-33 
1.899927 	 1.028301e-33 
1.928926 	 1.623219e-34 
1.958215 	 2.48311e-35 
1.987797 	 2.300014e-36 
2.017675 	 2.447247e-37 
2.047852 	 3.117232e-38 
2.07833 	 2.771292e-39 
2.109114 	 2.252438e-40 
2.140205 	 2.204772e-41 
2.171607 	 1.802809e-42 
2.203323 	 1.975393e-43 
2.235356 	 3.703037e-44 
2.26771 	 6.028058e-45 
2.300387 	 9.015168e-46 
2.333391 	 1.61223e-46 
2.366725 	 2.241602e-47 
2.400392 	 3.476802e-48 
2.434396 	 6.683904e-49 
2.46874 	 8.421946e-50 
2.503427 	 1.173567e-50 
2.538461 	 3.219844e-51 
2.573846 	 1.04063e-51 
2.609585 	 3.538348e-52 
2.64568 	 2.4413e-52 
2.682137 	 1.625645e-52 
2.718959 	 1.349527e-52 
2.756148 	 2.005262e-52 
2.79371 	 2.081551e-52 
2.831647 	 1.954737e-52 
2.869963 	 7.72614e-53 
2.908663 	 1.006643e-53 
2.947749 	 4.599839e-56 
2.987227 	 8.099732e-60 
3.027099 	 4.710494e-66 
3.06737 	 2.471615e-76 
3.108044 	 1.612039e-93 
3.149124 	 2.92602e-112 
3.190616 	 3.158098e-134 
3.232522 	 2.939582e-170 
3.274847 	 1.902031e-190 
3.317595 	 2.987197e-223 
3.360771 	 6.839208e-233 
3.404379 	 1.433858e-248 
3.448423 	 2.608534e-252 
3.492907 	 3.300978e-254 
3.537836 	 9.971101e-258 
3.583215 	 2.782105e-258 
3.629047 	 1.247427e-260 
3.675337 	 2.899561e-262 
3.722091 	 7.705002e-265 
3.769311 	 3.757895e-268 
3.817005 	 8.490547e-272 
3.865175 	 3.512513e-276 
3.913826 	 1.938987e-280 
3.962965 	 4.33162e-285 
4.012594 	 3.015042e-290 
4.06272 	 5.854007e-295 
4.113347 	 1.328488e-299 
4.164481 	 4.815572e-303 
4.216126 	 7.448221e-306 
4.268287 	 1.945165e-307 
4.32097 	 1.913801e-308 
4.37418 	 1.904183e-309 
4.427921 	 2.561645e-310 
4.482201 	 1.110873e-311 
4.537023 	 7.70782899996e-314 
4.592393 	 6.72591919188e-317 
4.648317 	 4.84184332924e-321 
4.7048 	 0.0 
4.761848 	 0.0 
4.819466 	 0.0 
4.877661 	 0.0 
4.936438 	 0.0 
4.995802 	 0.0 
5.05576 	 0.0 
5.116318 	 0.0 
5.177481 	 0.0 
5.239256 	 0.0 
5.301648 	 0.0 
5.364665 	 0.0 
5.428311 	 0.0 
5.492594 	 0.0 
5.55752 	 0.0 
5.623096 	 0.0 
5.689326 	 0.0 
5.75622 	 0.0 
5.823782 	 0.0 
5.89202 	 0.0 
5.96094 	 0.0 
