0.01 	 3.905003e-09 
0.0201 	 3.153865e-09 
0.030301 	 1.228828e-09 
0.040604 	 2.90084e-10 
0.05101 	 5.118933e-11 
0.06152 	 7.893579e-12 
0.072135 	 1.672646e-12 
0.082857 	 6.008559e-13 
0.093685 	 3.01793e-13 
0.104622 	 1.687133e-13 
0.115668 	 1.873327e-13 
0.126825 	 1.977918e-13 
0.138093 	 2.294369e-13 
0.149474 	 2.724931e-13 
0.160969 	 2.919672e-13 
0.172579 	 3.074622e-13 
0.184304 	 3.375138e-13 
0.196147 	 3.84635e-13 
0.208109 	 4.572372e-13 
0.22019 	 6.23703e-13 
0.232392 	 8.568372e-13 
0.244716 	 1.204846e-12 
0.257163 	 2.156504e-12 
0.269735 	 4.499584e-12 
0.282432 	 1.043875e-11 
0.295256 	 2.841837e-11 
0.308209 	 6.985989e-11 
0.321291 	 9.072272e-11 
0.334504 	 8.803445e-11 
0.347849 	 1.062025e-10 
0.361327 	 1.59277e-10 
0.374941 	 2.245842e-10 
0.38869 	 2.740153e-10 
0.402577 	 2.612869e-10 
0.416603 	 2.460907e-10 
0.430769 	 2.314686e-10 
0.445076 	 1.929505e-10 
0.459527 	 1.674951e-10 
0.474123 	 1.520952e-10 
0.488864 	 1.332903e-10 
0.503752 	 1.305266e-10 
0.51879 	 1.323607e-10 
0.533978 	 1.134797e-10 
0.549318 	 8.723542e-11 
0.564811 	 7.740305e-11 
0.580459 	 9.62098e-11 
0.596263 	 1.357579e-10 
0.612226 	 2.150553e-10 
0.628348 	 3.904399e-10 
0.644632 	 9.156906e-10 
0.661078 	 2.767153e-09 
0.677689 	 1.067897e-08 
0.694466 	 5.714178e-08 
0.71141 	 3.387456e-07 
0.728525 	 1.338951e-06 
0.74581 	 3.023597e-06 
0.763268 	 4.947042e-06 
0.780901 	 7.529355e-06 
0.79871 	 1.166385e-05 
0.816697 	 1.485045e-05 
0.834864 	 1.524642e-05 
0.853212 	 1.791327e-05 
0.871744 	 2.77047e-05 
0.890462 	 4.463441e-05 
0.909366 	 7.810656e-05 
0.92846 	 0.0001593517 
0.947745 	 0.0003793186 
0.967222 	 0.000958323 
0.986894 	 0.002419343 
1.006763 	 0.006494468 
1.026831 	 0.0179034 
1.047099 	 0.04789495 
1.06757 	 0.1208724 
1.088246 	 0.2769912 
1.109128 	 0.569474 
1.13022 	 0.8996092 
1.151522 	 1.079857 
1.173037 	 1.509628 
1.194768 	 2.200701 
1.216715 	 3.179085 
1.238882 	 4.283764 
1.261271 	 5.375924 
1.283884 	 6.184204 
1.306723 	 6.20932 
1.32979 	 5.229293 
1.353088 	 3.620449 
1.376619 	 1.954857 
1.400385 	 0.7932346 
1.424389 	 0.3135318 
1.448633 	 0.1508703 
1.473119 	 0.07088896 
1.49785 	 0.03213258 
1.522829 	 0.0159991 
1.548057 	 0.008146421 
1.573538 	 0.004561247 
1.599273 	 0.002277903 
1.625266 	 0.000952424 
1.651518 	 0.0003966812 
1.678033 	 0.0001792587 
1.704814 	 7.990209e-05 
1.731862 	 3.611219e-05 
1.759181 	 1.92756e-05 
1.786772 	 1.104943e-05 
1.81464 	 4.669825e-06 
1.842787 	 1.848068e-06 
1.871214 	 7.721836e-07 
1.899927 	 3.192519e-07 
1.928926 	 1.373421e-07 
1.958215 	 5.490224e-08 
1.987797 	 1.778554e-08 
2.017675 	 5.277967e-09 
2.047852 	 1.443605e-09 
2.07833 	 3.226887e-10 
2.109114 	 5.702549e-11 
2.140205 	 1.13772e-11 
2.171607 	 2.315938e-12 
2.203323 	 3.80222e-13 
2.235356 	 7.936024e-14 
2.26771 	 2.747994e-14 
2.300387 	 1.70855e-14 
2.333391 	 1.282746e-14 
2.366725 	 1.40814e-14 
2.400392 	 1.132407e-14 
2.434396 	 4.412146e-15 
2.46874 	 1.078269e-15 
2.503427 	 1.487649e-16 
2.538461 	 1.384698e-17 
2.573846 	 6.420926e-19 
2.609585 	 1.115118e-20 
2.64568 	 7.534816e-23 
2.682137 	 1.084903e-25 
2.718959 	 4.112862e-29 
2.756148 	 1.150855e-33 
2.79371 	 7.15413e-39 
2.831647 	 1.381992e-44 
2.869963 	 4.750584e-52 
2.908663 	 1.995889e-59 
2.947749 	 1.777863e-69 
2.987227 	 9.229044e-79 
3.027099 	 4.585022e-91 
3.06737 	 4.782604e-103 
3.108044 	 4.760661e-118 
3.149124 	 1.652314e-131 
3.190616 	 3.40044e-143 
3.232522 	 1.106546e-159 
3.274847 	 5.393751e-168 
3.317595 	 9.277546e-181 
3.360771 	 1.796581e-185 
3.404379 	 1.032539e-191 
3.448423 	 2.271761e-196 
3.492907 	 1.985205e-199 
3.537836 	 7.005633e-204 
3.583215 	 2.481136e-206 
3.629047 	 2.425474e-209 
3.675337 	 6.813853e-212 
3.722091 	 4.76656e-214 
3.769311 	 1.104778e-216 
3.817005 	 1.061504e-218 
3.865175 	 3.484107e-221 
3.913826 	 4.468325e-223 
3.962965 	 5.246469e-225 
4.012594 	 2.284684e-227 
4.06272 	 2.61008e-229 
4.113347 	 1.363725e-231 
4.164481 	 1.263702e-233 
4.216126 	 5.995979e-236 
4.268287 	 3.9581e-238 
4.32097 	 1.384432e-240 
4.37418 	 1.833709e-243 
4.427921 	 1.700687e-246 
4.482201 	 5.054075e-250 
4.537023 	 6.087747e-254 
4.592393 	 4.315678e-258 
4.648317 	 1.612637e-262 
4.7048 	 5.796282e-267 
4.761848 	 5.722619e-271 
4.819466 	 2.217429e-274 
4.877661 	 3.936424e-277 
4.936438 	 3.671652e-279 
4.995802 	 1.831836e-280 
5.05576 	 1.654732e-281 
5.116318 	 6.73817e-285 
5.177481 	 1.517804e-286 
5.239256 	 2.348698e-290 
5.301648 	 1.125131e-292 
5.364665 	 1.390353e-295 
5.428311 	 9.247806e-301 
5.492594 	 2.250355e-304 
5.55752 	 2.460474e-310 
5.623096 	 6.16915499999e-315 
5.689326 	 1.53160350211e-321 
5.75622 	 0.0 
5.823782 	 0.0 
5.89202 	 0.0 
5.96094 	 0.0 
