0.01 	 2.135498e-52 
0.0201 	 2.307435e-50 
0.030301 	 8.341878e-49 
0.040604 	 1.696998e-47 
0.05101 	 2.201459e-46 
0.06152 	 2.054916e-45 
0.072135 	 1.582198e-44 
0.082857 	 1.101717e-43 
0.093685 	 5.955554e-43 
0.104622 	 2.551694e-42 
0.115668 	 9.842758e-42 
0.126825 	 3.545537e-41 
0.138093 	 1.180576e-40 
0.149474 	 4.069014e-40 
0.160969 	 1.299526e-39 
0.172579 	 4.200847e-39 
0.184304 	 1.450995e-38 
0.196147 	 5.106628e-38 
0.208109 	 1.822868e-37 
0.22019 	 6.887122e-37 
0.232392 	 2.530155e-36 
0.244716 	 8.663158e-36 
0.257163 	 3.279538e-35 
0.269735 	 1.278696e-34 
0.282432 	 4.45902e-34 
0.295256 	 1.647361e-33 
0.308209 	 5.96957e-33 
0.321291 	 1.893924e-32 
0.334504 	 7.121552e-32 
0.347849 	 3.373152e-31 
0.361327 	 1.649122e-30 
0.374941 	 1.12516e-29 
0.38869 	 9.647962e-29 
0.402577 	 1.071874e-27 
0.416603 	 1.83987e-26 
0.430769 	 3.356874e-25 
0.445076 	 4.539384e-24 
0.459527 	 6.062884e-23 
0.474123 	 8.344645e-22 
0.488864 	 1.213253e-20 
0.503752 	 2.267212e-19 
0.51879 	 4.308122e-18 
0.533978 	 7.008189e-17 
0.549318 	 1.145833e-15 
0.564811 	 1.866559e-14 
0.580459 	 3.169269e-13 
0.596263 	 4.788636e-12 
0.612226 	 6.012678e-11 
0.628348 	 6.360381e-10 
0.644632 	 5.88585e-09 
0.661078 	 5.160795e-08 
0.677689 	 4.21365e-07 
0.694466 	 3.304931e-06 
0.71141 	 2.30662e-05 
0.728525 	 0.0001333337 
0.74581 	 0.0006489141 
0.763268 	 0.002659515 
0.780901 	 0.008979078 
0.79871 	 0.02665765 
0.816697 	 0.07442512 
0.834864 	 0.1797713 
0.853212 	 0.3605051 
0.871744 	 0.6338652 
0.890462 	 0.999435 
0.909366 	 1.460472 
0.92846 	 2.037482 
0.947745 	 2.668279 
0.967222 	 3.252724 
0.986894 	 3.886109 
1.006763 	 4.520493 
1.026831 	 5.514074 
1.047099 	 5.739079 
1.06757 	 5.259588 
1.088246 	 4.38234 
1.109128 	 3.417589 
1.13022 	 2.415577 
1.151522 	 1.463417 
1.173037 	 0.7623788 
1.194768 	 0.320442 
1.216715 	 0.1025443 
1.238882 	 0.02571738 
1.261271 	 0.005234117 
1.283884 	 0.0008528008 
1.306723 	 0.0001191285 
1.32979 	 1.309074e-05 
1.353088 	 1.090083e-06 
1.376619 	 7.733072e-08 
1.400385 	 4.554754e-09 
1.424389 	 2.108668e-10 
1.448633 	 8.64795e-12 
1.473119 	 2.856301e-13 
1.49785 	 8.467936e-15 
1.522829 	 2.626929e-16 
1.548057 	 6.598033e-18 
1.573538 	 1.309902e-19 
1.599273 	 2.450025e-21 
1.625266 	 3.728374e-23 
1.651518 	 5.503147e-25 
1.678033 	 9.817578e-27 
1.704814 	 1.595146e-28 
1.731862 	 2.975487e-30 
1.759181 	 8.834403e-32 
1.786772 	 3.238013e-33 
1.81464 	 1.077399e-34 
1.842787 	 3.388081e-36 
1.871214 	 1.075894e-37 
1.899927 	 2.743313e-39 
1.928926 	 7.862361e-41 
1.958215 	 2.14568e-42 
1.987797 	 4.60587e-44 
2.017675 	 1.9858e-45 
2.047852 	 1.723636e-46 
2.07833 	 1.318697e-47 
2.109114 	 9.002236e-49 
2.140205 	 6.895745e-50 
2.171607 	 4.211223e-51 
2.203323 	 3.402416e-52 
2.235356 	 5.05424e-53 
2.26771 	 6.404304e-54 
2.300387 	 8.564558e-55 
2.333391 	 1.46007e-55 
2.366725 	 2.809458e-56 
2.400392 	 5.65354e-57 
2.434396 	 1.29404e-57 
2.46874 	 1.39635e-58 
2.503427 	 1.438526e-59 
2.538461 	 2.463235e-60 
2.573846 	 2.440748e-61 
2.609585 	 2.231759e-62 
2.64568 	 1.787281e-63 
2.682137 	 1.098132e-64 
2.718959 	 7.640214e-66 
2.756148 	 5.697795e-67 
2.79371 	 4.264003e-68 
2.831647 	 1.502534e-69 
2.869963 	 5.768846e-71 
2.908663 	 1.47644e-72 
2.947749 	 1.465784e-74 
2.987227 	 1.017921e-76 
3.027099 	 1.011962e-79 
3.06737 	 2.475163e-83 
3.108044 	 6.29547e-89 
3.149124 	 5.851615e-93 
3.190616 	 1.780144e-97 
3.232522 	 3.0913e-103 
3.274847 	 1.427606e-105 
3.317595 	 5.730103e-109 
3.360771 	 4.189088e-110 
3.404379 	 1.044053e-111 
3.448423 	 1.725842e-112 
3.492907 	 1.033633e-112 
3.537836 	 4.098602e-113 
3.583215 	 3.099695e-113 
3.629047 	 2.227366e-113 
3.675337 	 1.954402e-113 
3.722091 	 1.805636e-113 
3.769311 	 1.970411e-113 
3.817005 	 2.651494e-113 
3.865175 	 3.083373e-113 
3.913826 	 4.907568e-113 
3.962965 	 9.445286e-113 
4.012594 	 1.826386e-112 
4.06272 	 4.70069e-112 
4.113347 	 1.58677e-111 
4.164481 	 6.863379e-111 
4.216126 	 5.270853e-110 
4.268287 	 6.820222e-109 
4.32097 	 1.112733e-107 
4.37418 	 2.620906e-106 
4.427921 	 6.282469e-105 
4.482201 	 1.195436e-103 
4.537023 	 1.490442e-102 
4.592393 	 1.304342e-101 
4.648317 	 3.334127e-101 
4.7048 	 3.107959e-101 
4.761848 	 1.390195e-101 
4.819466 	 3.792903e-102 
4.877661 	 2.159406e-102 
4.936438 	 4.294742e-102 
4.995802 	 1.247656e-101 
5.05576 	 6.326542e-101 
5.116318 	 2.131454e-100 
5.177481 	 6.17252e-100 
5.239256 	 8.104902e-100 
5.301648 	 1.301387e-99 
5.364665 	 7.98834e-100 
5.428311 	 3.507751e-101 
5.492594 	 4.691716e-103 
5.55752 	 1.548659e-106 
5.623096 	 6.070043e-111 
5.689326 	 4.165218e-117 
5.75622 	 3.93337e-124 
5.823782 	 2.263208e-132 
5.89202 	 8.425713e-142 
5.96094 	 1.467544e-150 
