0.01 	 2.456254e-24 
0.0201 	 2.007099e-24 
0.030301 	 1.034795e-24 
0.040604 	 4.513679e-25 
0.05101 	 2.20788e-25 
0.06152 	 1.502631e-25 
0.072135 	 1.719081e-25 
0.082857 	 3.392746e-25 
0.093685 	 8.754364e-25 
0.104622 	 2.303881e-24 
0.115668 	 9.535085e-24 
0.126825 	 3.620661e-23 
0.138093 	 1.333217e-22 
0.149474 	 4.995612e-22 
0.160969 	 1.700117e-21 
0.172579 	 5.310932e-21 
0.184304 	 1.703551e-20 
0.196147 	 5.216961e-20 
0.208109 	 1.511223e-19 
0.22019 	 4.435831e-19 
0.232392 	 1.248514e-18 
0.244716 	 3.367117e-18 
0.257163 	 9.508328e-18 
0.269735 	 2.761207e-17 
0.282432 	 7.81006e-17 
0.295256 	 2.247741e-16 
0.308209 	 6.53134e-16 
0.321291 	 1.644257e-15 
0.334504 	 4.18351e-15 
0.347849 	 1.217851e-14 
0.361327 	 3.719119e-14 
0.374941 	 1.198671e-13 
0.38869 	 4.371385e-13 
0.402577 	 1.860051e-12 
0.416603 	 9.825054e-12 
0.430769 	 5.093325e-11 
0.445076 	 1.97959e-10 
0.459527 	 6.518594e-10 
0.474123 	 1.950892e-09 
0.488864 	 5.596742e-09 
0.503752 	 1.674022e-08 
0.51879 	 4.976905e-08 
0.533978 	 1.348588e-07 
0.549318 	 3.380354e-07 
0.564811 	 8.504905e-07 
0.580459 	 2.167378e-06 
0.596263 	 5.486097e-06 
0.612226 	 1.38616e-05 
0.628348 	 3.545936e-05 
0.644632 	 9.327567e-05 
0.661078 	 0.0002526191 
0.677689 	 0.0006898638 
0.694466 	 0.001916109 
0.71141 	 0.005042419 
0.728525 	 0.01067857 
0.74581 	 0.01867094 
0.763268 	 0.02874843 
0.780901 	 0.04526335 
0.79871 	 0.07579862 
0.816697 	 0.1293197 
0.834864 	 0.2109355 
0.853212 	 0.3303048 
0.871744 	 0.4928016 
0.890462 	 0.6734567 
0.909366 	 0.8906659 
0.92846 	 1.203501 
0.947745 	 1.661213 
0.967222 	 2.291898 
0.986894 	 3.132223 
1.006763 	 4.126826 
1.026831 	 5.076743 
1.047099 	 5.656264 
1.06757 	 5.644381 
1.088246 	 5.091076 
1.109128 	 4.19578 
1.13022 	 3.154587 
1.151522 	 2.136614 
1.173037 	 1.324822 
1.194768 	 0.7555133 
1.216715 	 0.3908919 
1.238882 	 0.1848 
1.261271 	 0.08212518 
1.283884 	 0.0339338 
1.306723 	 0.01337068 
1.32979 	 0.004841317 
1.353088 	 0.001579701 
1.376619 	 0.0005103997 
1.400385 	 0.0001653362 
1.424389 	 4.959378e-05 
1.448633 	 1.469284e-05 
1.473119 	 4.186848e-06 
1.49785 	 1.23549e-06 
1.522829 	 4.250688e-07 
1.548057 	 1.489351e-07 
1.573538 	 5.078459e-08 
1.599273 	 1.836459e-08 
1.625266 	 6.469105e-09 
1.651518 	 2.265383e-09 
1.678033 	 8.33187e-10 
1.704814 	 2.674949e-10 
1.731862 	 7.674554e-11 
1.759181 	 2.518268e-11 
1.786772 	 8.703659e-12 
1.81464 	 2.610947e-12 
1.842787 	 6.351466e-13 
1.871214 	 1.22863e-13 
1.899927 	 1.814843e-14 
1.928926 	 2.764487e-15 
1.958215 	 3.419498e-16 
1.987797 	 2.630399e-17 
2.017675 	 1.999492e-18 
2.047852 	 1.741856e-19 
2.07833 	 1.252162e-20 
2.109114 	 7.683399e-22 
2.140205 	 5.814912e-23 
2.171607 	 4.577685e-24 
2.203323 	 4.797889e-25 
2.235356 	 1.202503e-25 
2.26771 	 3.520693e-26 
2.300387 	 1.255521e-26 
2.333391 	 5.315147e-27 
2.366725 	 2.197586e-27 
2.400392 	 7.828158e-28 
2.434396 	 1.978244e-28 
2.46874 	 2.522869e-29 
2.503427 	 2.284909e-30 
2.538461 	 3.544531e-31 
2.573846 	 5.156432e-32 
2.609585 	 4.097147e-33 
2.64568 	 2.418657e-34 
2.682137 	 6.222851e-36 
2.718959 	 1.182026e-37 
2.756148 	 9.545662e-40 
2.79371 	 2.208926e-42 
2.831647 	 1.19251e-45 
2.869963 	 3.389262e-50 
2.908663 	 2.145482e-55 
2.947749 	 7.510058e-63 
2.987227 	 3.298936e-71 
3.027099 	 1.347865e-82 
3.06737 	 3.041176e-96 
3.108044 	 7.528684e-115 
3.149124 	 1.17172e-131 
3.190616 	 6.817605e-148 
3.232522 	 5.264149e-170 
3.274847 	 1.043245e-180 
3.317595 	 5.299033e-196 
3.360771 	 4.401001e-201 
3.404379 	 1.631903e-207 
3.448423 	 1.050843e-211 
3.492907 	 4.066548e-214 
3.537836 	 1.603434e-217 
3.583215 	 4.606305e-219 
3.629047 	 1.931441e-221 
3.675337 	 3.981308e-223 
3.722091 	 1.266031e-224 
3.769311 	 1.958887e-226 
3.817005 	 7.127632e-228 
3.865175 	 1.227048e-229 
3.913826 	 4.383667e-231 
3.962965 	 1.24779e-232 
4.012594 	 1.772912e-234 
4.06272 	 4.006369e-236 
4.113347 	 6.002751e-238 
4.164481 	 1.434989e-239 
4.216126 	 3.47167e-241 
4.268287 	 1.333378e-242 
4.32097 	 4.348792e-244 
4.37418 	 9.60115e-246 
4.427921 	 1.535464e-247 
4.482201 	 1.113409e-249 
4.537023 	 2.391615e-252 
4.592393 	 1.53801e-255 
4.648317 	 2.186606e-259 
4.7048 	 1.390986e-263 
4.761848 	 1.012151e-267 
4.819466 	 1.889609e-271 
4.877661 	 2.832227e-274 
4.936438 	 4.989465e-276 
4.995802 	 3.780195e-277 
5.05576 	 8.251374e-278 
5.116318 	 5.438094e-280 
5.177481 	 4.059261e-281 
5.239256 	 5.810134e-284 
5.301648 	 1.090209e-285 
5.364665 	 6.056965e-288 
5.428311 	 1.384742e-292 
5.492594 	 1.896974e-296 
5.55752 	 6.308584e-303 
5.623096 	 6.284731e-309 
5.689326 	 1.33029398438e-317 
5.75622 	 0.0 
5.823782 	 0.0 
5.89202 	 0.0 
5.96094 	 0.0 
