0.01 	 2.633688e-52 
0.0201 	 6.061208e-50 
0.030301 	 4.943614e-48 
0.040604 	 2.453321e-46 
0.05101 	 8.163485e-45 
0.06152 	 1.65676e-43 
0.072135 	 2.059854e-42 
0.082857 	 1.869109e-41 
0.093685 	 1.179064e-40 
0.104622 	 5.404116e-40 
0.115668 	 1.891496e-39 
0.126825 	 6.83166e-39 
0.138093 	 2.273369e-38 
0.149474 	 7.709086e-38 
0.160969 	 2.557349e-37 
0.172579 	 8.278403e-37 
0.184304 	 2.83456e-36 
0.196147 	 1.044573e-35 
0.208109 	 3.883886e-35 
0.22019 	 1.490242e-34 
0.232392 	 5.64044e-34 
0.244716 	 2.018793e-33 
0.257163 	 7.859535e-33 
0.269735 	 3.178713e-32 
0.282432 	 1.190095e-31 
0.295256 	 4.65957e-31 
0.308209 	 2.016928e-30 
0.321291 	 8.602598e-30 
0.334504 	 4.383106e-29 
0.347849 	 2.797272e-28 
0.361327 	 1.725935e-27 
0.374941 	 1.162576e-26 
0.38869 	 8.90473e-26 
0.402577 	 7.651828e-25 
0.416603 	 8.379227e-24 
0.430769 	 9.573736e-23 
0.445076 	 9.389501e-22 
0.459527 	 9.374574e-21 
0.474123 	 9.300252e-20 
0.488864 	 9.735178e-19 
0.503752 	 1.125671e-17 
0.51879 	 1.2498e-16 
0.533978 	 1.228058e-15 
0.549318 	 1.137005e-14 
0.564811 	 9.944919e-14 
0.580459 	 8.035878e-13 
0.596263 	 6.048409e-12 
0.612226 	 4.095555e-11 
0.628348 	 2.507213e-10 
0.644632 	 1.466661e-09 
0.661078 	 8.222121e-09 
0.677689 	 4.547475e-08 
0.694466 	 2.561787e-07 
0.71141 	 1.328693e-06 
0.728525 	 6.007537e-06 
0.74581 	 2.497215e-05 
0.763268 	 9.636333e-05 
0.780901 	 0.0004059679 
0.79871 	 0.001684205 
0.816697 	 0.006759208 
0.834864 	 0.02334651 
0.853212 	 0.06271392 
0.871744 	 0.1274516 
0.890462 	 0.2197001 
0.909366 	 0.3565479 
0.92846 	 0.5430753 
0.947745 	 0.7835221 
0.967222 	 1.063676 
0.986894 	 1.358928 
1.006763 	 1.677542 
1.026831 	 2.057936 
1.047099 	 2.465859 
1.06757 	 2.855448 
1.088246 	 3.198486 
1.109128 	 3.503959 
1.13022 	 3.784838 
1.151522 	 4.065108 
1.173037 	 4.291689 
1.194768 	 4.31913 
1.216715 	 3.899184 
1.238882 	 2.984219 
1.261271 	 1.921599 
1.283884 	 1.017811 
1.306723 	 0.4313995 
1.32979 	 0.1458868 
1.353088 	 0.03957765 
1.376619 	 0.008890127 
1.400385 	 0.001706497 
1.424389 	 0.0002770373 
1.448633 	 3.978601e-05 
1.473119 	 5.021178e-06 
1.49785 	 6.051727e-07 
1.522829 	 7.479694e-08 
1.548057 	 7.831419e-09 
1.573538 	 6.337855e-10 
1.599273 	 4.178175e-11 
1.625266 	 2.136892e-12 
1.651518 	 9.43613e-14 
1.678033 	 4.19956e-15 
1.704814 	 1.647164e-16 
1.731862 	 6.690002e-18 
1.759181 	 3.716384e-19 
1.786772 	 2.426153e-20 
1.81464 	 1.402817e-21 
1.842787 	 7.00529e-23 
1.871214 	 2.97831e-24 
1.899927 	 1.051912e-25 
1.928926 	 3.96145e-27 
1.958215 	 1.283795e-28 
1.987797 	 3.452234e-30 
2.017675 	 1.898579e-31 
2.047852 	 2.045099e-32 
2.07833 	 2.195859e-33 
2.109114 	 2.283735e-34 
2.140205 	 2.323108e-35 
2.171607 	 2.005376e-36 
2.203323 	 2.484861e-37 
2.235356 	 3.610722e-38 
2.26771 	 4.304061e-39 
2.300387 	 4.209068e-40 
2.333391 	 5.430052e-41 
2.366725 	 6.269099e-42 
2.400392 	 1.022026e-42 
2.434396 	 1.94096e-43 
2.46874 	 2.20254e-44 
2.503427 	 3.358836e-45 
2.538461 	 1.078351e-45 
2.573846 	 3.41273e-46 
2.609585 	 8.508725e-47 
2.64568 	 2.316389e-47 
2.682137 	 4.297119e-48 
2.718959 	 9.491941e-49 
2.756148 	 3.039821e-49 
2.79371 	 7.526779e-50 
2.831647 	 1.42082e-50 
2.869963 	 3.228909e-51 
2.908663 	 6.582865e-52 
2.947749 	 1.028804e-52 
2.987227 	 1.762833e-53 
3.027099 	 1.934817e-54 
3.06737 	 1.86027e-55 
3.108044 	 1.260632e-56 
3.149124 	 2.302685e-57 
3.190616 	 2.41374e-58 
3.232522 	 2.184548e-59 
3.274847 	 1.228265e-59 
3.317595 	 3.685042e-60 
3.360771 	 5.812856e-60 
3.404379 	 6.500765e-60 
3.448423 	 1.77433e-59 
3.492907 	 8.652336e-59 
3.537836 	 4.741665e-58 
3.583215 	 2.790243e-57 
3.629047 	 1.803541e-56 
3.675337 	 8.699238e-56 
3.722091 	 3.355876e-55 
3.769311 	 1.085837e-54 
3.817005 	 2.581009e-54 
3.865175 	 3.553859e-54 
3.913826 	 3.860693e-54 
3.962965 	 4.096676e-54 
4.012594 	 4.199084e-54 
4.06272 	 5.078767e-54 
4.113347 	 6.782338e-54 
4.164481 	 9.16309e-54 
4.216126 	 1.636593e-53 
4.268287 	 3.480984e-53 
4.32097 	 6.87658e-53 
4.37418 	 1.428312e-52 
4.427921 	 2.370052e-52 
4.482201 	 2.668952e-52 
4.537023 	 2.072747e-52 
4.592393 	 1.362924e-52 
4.648317 	 4.714186e-53 
4.7048 	 1.29154e-53 
4.761848 	 4.249392e-54 
4.819466 	 1.981138e-54 
4.877661 	 2.500829e-54 
4.936438 	 9.903327e-54 
4.995802 	 5.743734e-53 
5.05576 	 5.160636e-52 
5.116318 	 4.771799e-51 
5.177481 	 3.994772e-50 
5.239256 	 2.71021e-49 
5.301648 	 1.899253e-48 
5.364665 	 7.005338e-48 
5.428311 	 7.678352e-48 
5.492594 	 3.206771e-48 
5.55752 	 2.17931e-49 
5.623096 	 3.032316e-51 
5.689326 	 6.10665e-54 
5.75622 	 2.757742e-57 
5.823782 	 3.185592e-61 
5.89202 	 1.756221e-65 
5.96094 	 1.762114e-69 
