0.01 	 3.76935e-09 
0.0201 	 1.629551e-08 
0.030301 	 4.845902e-08 
0.040604 	 1.307812e-07 
0.05101 	 3.295939e-07 
0.06152 	 7.454527e-07 
0.072135 	 1.525513e-06 
0.082857 	 2.579244e-06 
0.093685 	 4.122274e-06 
0.104622 	 6.815136e-06 
0.115668 	 1.013068e-05 
0.126825 	 1.449412e-05 
0.138093 	 1.929146e-05 
0.149474 	 2.552532e-05 
0.160969 	 3.474404e-05 
0.172579 	 4.536019e-05 
0.184304 	 5.594376e-05 
0.196147 	 6.031027e-05 
0.208109 	 5.57117e-05 
0.22019 	 4.691264e-05 
0.232392 	 4.25638e-05 
0.244716 	 3.947731e-05 
0.257163 	 3.468129e-05 
0.269735 	 2.794944e-05 
0.282432 	 2.186452e-05 
0.295256 	 1.873148e-05 
0.308209 	 1.888691e-05 
0.321291 	 2.630247e-05 
0.334504 	 4.498349e-05 
0.347849 	 7.339114e-05 
0.361327 	 0.0001036287 
0.374941 	 0.0001401169 
0.38869 	 0.0001716586 
0.402577 	 0.0001942159 
0.416603 	 0.0001945123 
0.430769 	 0.0001781804 
0.445076 	 0.0001608373 
0.459527 	 0.0001555283 
0.474123 	 0.0001547102 
0.488864 	 0.0001486841 
0.503752 	 0.0001361788 
0.51879 	 0.0001208585 
0.533978 	 0.000124948 
0.549318 	 0.0001460442 
0.564811 	 0.0001200065 
0.580459 	 7.595858e-05 
0.596263 	 4.573083e-05 
0.612226 	 2.519198e-05 
0.628348 	 1.189778e-05 
0.644632 	 4.816907e-06 
0.661078 	 1.884272e-06 
0.677689 	 6.723397e-07 
0.694466 	 2.347484e-07 
0.71141 	 9.172944e-08 
0.728525 	 3.903443e-08 
0.74581 	 1.813335e-08 
0.763268 	 9.703516e-09 
0.780901 	 5.357416e-09 
0.79871 	 2.849429e-09 
0.816697 	 1.809371e-09 
0.834864 	 1.313067e-09 
0.853212 	 6.693024e-10 
0.871744 	 2.149834e-10 
0.890462 	 9.248822e-11 
0.909366 	 5.009178e-11 
0.92846 	 2.895992e-11 
0.947745 	 1.686394e-11 
0.967222 	 1.037866e-11 
0.986894 	 6.413014e-12 
1.006763 	 3.487246e-12 
1.026831 	 1.763372e-12 
1.047099 	 8.583875e-13 
1.06757 	 4.074819e-13 
1.088246 	 2.287434e-13 
1.109128 	 1.629932e-13 
1.13022 	 1.469964e-13 
1.151522 	 1.379939e-13 
1.173037 	 1.02239e-13 
1.194768 	 6.967917e-14 
1.216715 	 4.648727e-14 
1.238882 	 3.452977e-14 
1.261271 	 2.492449e-14 
1.283884 	 1.767525e-14 
1.306723 	 1.460829e-14 
1.32979 	 1.336756e-14 
1.353088 	 1.492407e-14 
1.376619 	 2.552493e-14 
1.400385 	 6.184817e-14 
1.424389 	 9.977448e-14 
1.448633 	 1.068811e-13 
1.473119 	 1.065535e-13 
1.49785 	 9.468695e-14 
1.522829 	 8.366618e-14 
1.548057 	 6.620324e-14 
1.573538 	 3.681714e-14 
1.599273 	 2.614515e-14 
1.625266 	 3.042811e-14 
1.651518 	 3.821434e-14 
1.678033 	 5.807511e-14 
1.704814 	 8.452122e-14 
1.731862 	 1.136878e-13 
1.759181 	 2.291745e-13 
1.786772 	 1.291173e-12 
1.81464 	 1.238012e-11 
1.842787 	 6.267355e-11 
1.871214 	 2.062592e-10 
1.899927 	 7.201728e-10 
1.928926 	 3.174732e-09 
1.958215 	 1.708042e-08 
1.987797 	 1.164978e-07 
2.017675 	 1.075091e-06 
2.047852 	 1.001293e-05 
2.07833 	 8.400812e-05 
2.109114 	 0.0006596962 
2.140205 	 0.003970084 
2.171607 	 0.0177401 
2.203323 	 0.059836 
2.235356 	 0.141083 
2.26771 	 0.2995731 
2.300387 	 0.6319727 
2.333391 	 1.187129 
2.366725 	 1.521161 
2.400392 	 1.57485 
2.434396 	 2.190614 
2.46874 	 3.176863 
2.503427 	 3.804706 
2.538461 	 3.869066 
2.573846 	 3.828006 
2.609585 	 3.161324 
2.64568 	 2.072033 
2.682137 	 0.8589056 
2.718959 	 0.2147669 
2.756148 	 0.02686981 
2.79371 	 0.001145803 
2.831647 	 1.392572e-05 
2.869963 	 2.928725e-08 
2.908663 	 1.221561e-11 
2.947749 	 3.215448e-16 
2.987227 	 6.070513e-22 
3.027099 	 7.557197e-30 
3.06737 	 1.04491e-39 
3.108044 	 7.712594e-54 
3.149124 	 1.896541e-66 
3.190616 	 2.379616e-79 
3.232522 	 3.780465e-97 
3.274847 	 5.445335e-107 
3.317595 	 7.619937e-121 
3.360771 	 3.459184e-126 
3.404379 	 5.759656e-133 
3.448423 	 4.475147e-137 
3.492907 	 4.789778e-140 
3.537836 	 3.35742e-144 
3.583215 	 7.286683e-147 
3.629047 	 1.123139e-149 
3.675337 	 2.610956e-152 
3.722091 	 1.164128e-154 
3.769311 	 2.234554e-157 
3.817005 	 1.05545e-159 
3.865175 	 2.310077e-162 
3.913826 	 1.348208e-164 
3.962965 	 6.348992e-167 
4.012594 	 1.385673e-169 
4.06272 	 6.00297e-172 
4.113347 	 1.435884e-174 
4.164481 	 6.045424e-177 
4.216126 	 1.601527e-179 
4.268287 	 5.564877e-182 
4.32097 	 1.280249e-184 
4.37418 	 1.218236e-187 
4.427921 	 8.039875e-191 
4.482201 	 1.991948e-194 
4.537023 	 1.533122e-198 
4.592393 	 6.874922e-203 
4.648317 	 1.449536e-207 
4.7048 	 1.678855e-212 
4.761848 	 3.917835e-217 
4.819466 	 2.170877e-221 
4.877661 	 2.76259e-225 
4.936438 	 1.713759e-228 
4.995802 	 3.960694e-231 
5.05576 	 2.080805e-233 
5.116318 	 2.532485e-238 
5.177481 	 2.529457e-241 
5.239256 	 5.577951e-247 
5.301648 	 1.382463e-250 
5.364665 	 1.49422e-254 
5.428311 	 3.36756e-261 
5.492594 	 8.147993e-266 
5.55752 	 6.394169e-273 
5.623096 	 3.332981e-278 
5.689326 	 1.618914e-285 
5.75622 	 5.008e-291 
5.823782 	 1.159576e-296 
5.89202 	 1.244243e-303 
5.96094 	 1.4343e-308 
