0.01 	 1.578499e-29 
0.0201 	 2.220033e-29 
0.030301 	 1.913621e-29 
0.040604 	 1.318444e-29 
0.05101 	 8.69147e-30 
0.06152 	 6.824714e-30 
0.072135 	 6.91573e-30 
0.082857 	 9.364496e-30 
0.093685 	 1.407078e-29 
0.104622 	 1.955778e-29 
0.115668 	 3.232636e-29 
0.126825 	 5.047539e-29 
0.138093 	 7.267678e-29 
0.149474 	 1.047198e-28 
0.160969 	 1.415652e-28 
0.172579 	 1.835186e-28 
0.184304 	 2.487656e-28 
0.196147 	 3.500927e-28 
0.208109 	 4.941873e-28 
0.22019 	 7.487905e-28 
0.232392 	 1.130761e-27 
0.244716 	 1.738976e-27 
0.257163 	 3.078732e-27 
0.269735 	 6.181669e-27 
0.282432 	 1.346571e-26 
0.295256 	 3.405317e-26 
0.308209 	 9.270698e-26 
0.321291 	 2.213189e-25 
0.334504 	 5.469667e-25 
0.347849 	 1.567777e-24 
0.361327 	 4.624962e-24 
0.374941 	 1.424876e-23 
0.38869 	 4.684107e-23 
0.402577 	 1.747153e-22 
0.416603 	 8.459275e-22 
0.430769 	 4.255224e-21 
0.445076 	 1.64507e-20 
0.459527 	 5.758852e-20 
0.474123 	 1.831097e-19 
0.488864 	 5.60025e-19 
0.503752 	 1.884879e-18 
0.51879 	 6.360719e-18 
0.533978 	 1.966562e-17 
0.549318 	 5.863525e-17 
0.564811 	 1.705937e-16 
0.580459 	 5.148436e-16 
0.596263 	 1.633318e-15 
0.612226 	 5.240196e-15 
0.628348 	 1.619117e-14 
0.644632 	 5.236689e-14 
0.661078 	 1.852337e-13 
0.677689 	 7.413507e-13 
0.694466 	 3.761218e-12 
0.71141 	 2.077149e-11 
0.728525 	 8.551169e-11 
0.74581 	 2.420921e-10 
0.763268 	 5.471985e-10 
0.780901 	 1.262427e-09 
0.79871 	 3.751221e-09 
0.816697 	 1.811555e-08 
0.834864 	 1.049947e-07 
0.853212 	 7.089604e-07 
0.871744 	 5.140572e-06 
0.890462 	 3.879595e-05 
0.909366 	 0.0002697724 
0.92846 	 0.001527664 
0.947745 	 0.006769437 
0.967222 	 0.02268422 
0.986894 	 0.05765499 
1.006763 	 0.1140373 
1.026831 	 0.2000054 
1.047099 	 0.3542119 
1.06757 	 0.6012344 
1.088246 	 0.9421983 
1.109128 	 1.41705 
1.13022 	 2.040741 
1.151522 	 2.788946 
1.173037 	 3.563748 
1.194768 	 4.330773 
1.216715 	 4.942943 
1.238882 	 5.157899 
1.261271 	 4.959177 
1.283884 	 4.319876 
1.306723 	 3.476588 
1.32979 	 2.482443 
1.353088 	 1.549611 
1.376619 	 0.8725676 
1.400385 	 0.4564858 
1.424389 	 0.2170264 
1.448633 	 0.09877443 
1.473119 	 0.04314838 
1.49785 	 0.01887838 
1.522829 	 0.008744985 
1.548057 	 0.003979445 
1.573538 	 0.001735675 
1.599273 	 0.0007484615 
1.625266 	 0.0003077626 
1.651518 	 0.0001246549 
1.678033 	 5.06008e-05 
1.704814 	 1.863886e-05 
1.731862 	 6.689997e-06 
1.759181 	 2.915763e-06 
1.786772 	 1.439274e-06 
1.81464 	 6.464601e-07 
1.842787 	 2.341794e-07 
1.871214 	 6.716885e-08 
1.899927 	 1.663863e-08 
1.928926 	 4.350666e-09 
1.958215 	 9.27575e-10 
1.987797 	 1.349857e-10 
2.017675 	 2.041052e-11 
2.047852 	 3.627651e-12 
2.07833 	 5.77121e-13 
2.109114 	 7.463814e-14 
2.140205 	 9.91477e-15 
2.171607 	 1.248278e-15 
2.203323 	 1.771196e-16 
2.235356 	 3.805963e-17 
2.26771 	 7.221957e-18 
2.300387 	 1.319946e-18 
2.333391 	 2.396865e-19 
2.366725 	 4.211454e-20 
2.400392 	 6.785415e-21 
2.434396 	 8.610663e-22 
2.46874 	 5.185427e-23 
2.503427 	 2.853266e-24 
2.538461 	 3.627421e-25 
2.573846 	 4.454826e-26 
2.609585 	 4.393975e-27 
2.64568 	 3.09501e-28 
2.682137 	 1.667951e-29 
2.718959 	 7.932552e-31 
2.756148 	 2.802529e-32 
2.79371 	 6.715996e-34 
2.831647 	 5.491705e-36 
2.869963 	 1.864948e-38 
2.908663 	 2.041057e-41 
2.947749 	 3.631059e-45 
2.987227 	 1.532672e-49 
3.027099 	 2.266323e-55 
3.06737 	 1.473622e-62 
3.108044 	 6.993182e-73 
3.149124 	 7.492603e-82 
3.190616 	 2.792854e-91 
3.232522 	 3.790305e-103 
3.274847 	 4.942489e-109 
3.317595 	 3.514339e-116 
3.360771 	 9.13244e-119 
3.404379 	 1.908766e-121 
3.448423 	 2.607061e-123 
3.492907 	 4.374636e-124 
3.537836 	 3.457243e-125 
3.583215 	 1.901412e-125 
3.629047 	 8.492308e-126 
3.675337 	 4.358544e-126 
3.722091 	 3.826689e-126 
3.769311 	 2.280705e-126 
3.817005 	 1.995709e-126 
3.865175 	 8.014613e-127 
3.913826 	 3.882068e-127 
3.962965 	 1.255439e-127 
4.012594 	 1.775106e-128 
4.06272 	 2.719842e-129 
4.113347 	 2.423935e-130 
4.164481 	 1.795547e-131 
4.216126 	 1.059155e-132 
4.268287 	 5.891324e-134 
4.32097 	 2.02453e-135 
4.37418 	 4.876508e-137 
4.427921 	 7.032599e-139 
4.482201 	 3.967984e-141 
4.537023 	 1.075327e-143 
4.592393 	 1.749855e-146 
4.648317 	 1.391126e-149 
4.7048 	 1.020798e-152 
4.761848 	 1.434846e-155 
4.819466 	 5.936828e-158 
4.877661 	 1.53454e-159 
4.936438 	 2.849337e-160 
4.995802 	 1.538766e-160 
5.05576 	 1.818544e-160 
5.116318 	 3.315721e-161 
5.177481 	 2.290096e-161 
5.239256 	 2.055579e-162 
5.301648 	 6.591551e-163 
5.364665 	 8.411557e-164 
5.428311 	 5.207785e-166 
5.492594 	 4.117614e-168 
5.55752 	 7.656876e-172 
5.623096 	 7.062501e-176 
5.689326 	 1.66271e-181 
5.75622 	 1.731316e-187 
5.823782 	 1.746842e-194 
5.89202 	 1.315442e-202 
5.96094 	 5.354629e-210 
