0.01 	 7.727519e-21 
0.0201 	 1.923001e-20 
0.030301 	 2.848815e-20 
0.040604 	 3.442278e-20 
0.05101 	 3.665431e-20 
0.06152 	 4.068451e-20 
0.072135 	 5.335846e-20 
0.082857 	 7.950248e-20 
0.093685 	 1.290362e-19 
0.104622 	 2.105054e-19 
0.115668 	 4.103055e-19 
0.126825 	 7.851218e-19 
0.138093 	 1.45546e-18 
0.149474 	 2.619578e-18 
0.160969 	 4.486626e-18 
0.172579 	 7.292816e-18 
0.184304 	 1.151354e-17 
0.196147 	 1.851063e-17 
0.208109 	 2.884382e-17 
0.22019 	 4.289265e-17 
0.232392 	 5.722424e-17 
0.244716 	 6.877752e-17 
0.257163 	 8.429405e-17 
0.269735 	 1.080945e-16 
0.282432 	 1.472353e-16 
0.295256 	 2.313439e-16 
0.308209 	 3.987982e-16 
0.321291 	 6.315618e-16 
0.334504 	 1.002794e-15 
0.347849 	 1.687456e-15 
0.361327 	 2.801228e-15 
0.374941 	 4.431736e-15 
0.38869 	 6.579825e-15 
0.402577 	 9.478971e-15 
0.416603 	 1.44722e-14 
0.430769 	 2.206133e-14 
0.445076 	 3.133108e-14 
0.459527 	 4.605317e-14 
0.474123 	 6.203463e-14 
0.488864 	 8.360988e-14 
0.503752 	 1.125593e-13 
0.51879 	 1.463777e-13 
0.533978 	 1.837969e-13 
0.549318 	 2.102282e-13 
0.564811 	 2.229842e-13 
0.580459 	 2.615765e-13 
0.596263 	 3.081225e-13 
0.612226 	 3.44826e-13 
0.628348 	 3.505636e-13 
0.644632 	 3.215546e-13 
0.661078 	 2.794201e-13 
0.677689 	 2.644636e-13 
0.694466 	 3.040841e-13 
0.71141 	 4.072314e-13 
0.728525 	 4.899013e-13 
0.74581 	 4.948551e-13 
0.763268 	 4.658944e-13 
0.780901 	 4.507232e-13 
0.79871 	 4.894768e-13 
0.816697 	 5.909646e-13 
0.834864 	 7.251148e-13 
0.853212 	 8.993452e-13 
0.871744 	 1.263184e-12 
0.890462 	 2.389509e-12 
0.909366 	 6.172945e-12 
0.92846 	 1.881668e-11 
0.947745 	 5.874678e-11 
0.967222 	 1.764986e-10 
0.986894 	 5.000369e-10 
1.006763 	 1.195487e-09 
1.026831 	 2.529738e-09 
1.047099 	 4.564872e-09 
1.06757 	 7.098044e-09 
1.088246 	 9.910292e-09 
1.109128 	 1.367325e-08 
1.13022 	 1.779273e-08 
1.151522 	 2.322632e-08 
1.173037 	 3.695542e-08 
1.194768 	 6.672209e-08 
1.216715 	 1.237412e-07 
1.238882 	 2.501481e-07 
1.261271 	 5.872309e-07 
1.283884 	 1.52249e-06 
1.306723 	 4.751263e-06 
1.32979 	 1.7482e-05 
1.353088 	 6.676999e-05 
1.376619 	 0.0002756059 
1.400385 	 0.001213896 
1.424389 	 0.004165096 
1.448633 	 0.0101133 
1.473119 	 0.02067609 
1.49785 	 0.03896483 
1.522829 	 0.0744046 
1.548057 	 0.1406067 
1.573538 	 0.2337342 
1.599273 	 0.383092 
1.625266 	 0.6392464 
1.651518 	 1.03227 
1.678033 	 1.575566 
1.704814 	 2.190649 
1.731862 	 2.758618 
1.759181 	 3.268532 
1.786772 	 3.973058 
1.81464 	 4.739687 
1.842787 	 4.695535 
1.871214 	 3.777537 
1.899927 	 2.633655 
1.928926 	 1.748717 
1.958215 	 1.042624 
1.987797 	 0.5100498 
2.017675 	 0.2231125 
2.047852 	 0.09000947 
2.07833 	 0.03050403 
2.109114 	 0.00854135 
2.140205 	 0.002272741 
2.171607 	 0.0005888344 
2.203323 	 0.000169191 
2.235356 	 6.389484e-05 
2.26771 	 2.573723e-05 
2.300387 	 1.009012e-05 
2.333391 	 3.59428e-06 
2.366725 	 1.328006e-06 
2.400392 	 4.964887e-07 
2.434396 	 1.296486e-07 
2.46874 	 2.044701e-08 
2.503427 	 2.99794e-09 
2.538461 	 7.846963e-10 
2.573846 	 2.553453e-10 
2.609585 	 7.228984e-11 
2.64568 	 1.925899e-11 
2.682137 	 5.097729e-12 
2.718959 	 1.586644e-12 
2.756148 	 4.632429e-13 
2.79371 	 1.081091e-13 
2.831647 	 1.60126e-14 
2.869963 	 9.298424e-16 
2.908663 	 1.860925e-17 
2.947749 	 6.257377e-20 
2.987227 	 4.388688e-23 
3.027099 	 1.646897e-27 
3.06737 	 2.845335e-33 
3.108044 	 6.276138e-42 
3.149124 	 1.423314e-49 
3.190616 	 7.355881e-58 
3.232522 	 3.12062e-69 
3.274847 	 1.624492e-75 
3.317595 	 5.416479e-84 
3.360771 	 1.212309e-87 
3.404379 	 3.495277e-92 
3.448423 	 3.857973e-95 
3.492907 	 1.651583e-97 
3.537836 	 3.456667e-100 
3.583215 	 4.168533e-102 
3.629047 	 4.308228e-104 
3.675337 	 5.82485e-106 
3.722091 	 1.268321e-107 
3.769311 	 2.033894e-109 
3.817005 	 5.632406e-111 
3.865175 	 1.040247e-112 
3.913826 	 3.008733e-114 
3.962965 	 8.091995e-116 
4.012594 	 1.261375e-117 
4.06272 	 2.352999e-119 
4.113347 	 2.788197e-121 
4.164481 	 3.11852e-123 
4.216126 	 2.601003e-125 
4.268287 	 2.227636e-127 
4.32097 	 1.069326e-129 
4.37418 	 2.63011e-132 
4.427921 	 3.246935e-135 
4.482201 	 1.106648e-138 
4.537023 	 1.068724e-142 
4.592393 	 4.14867e-147 
4.648317 	 5.292298e-152 
4.7048 	 4.07258e-157 
4.761848 	 6.197621e-162 
4.819466 	 2.974309e-166 
4.877661 	 8.154177e-170 
4.936438 	 2.0893e-172 
4.995802 	 2.245004e-174 
5.05576 	 7.040097e-176 
5.116318 	 1.61961e-179 
5.177481 	 1.078892e-181 
5.239256 	 3.523124e-186 
5.301648 	 3.332784e-189 
5.364665 	 7.368848e-193 
5.428311 	 4.262472e-199 
5.492594 	 4.533925e-204 
5.55752 	 9.57024e-212 
5.623096 	 1.984673e-218 
5.689326 	 2.144779e-227 
5.75622 	 4.310312e-235 
5.823782 	 4.367082e-243 
5.89202 	 3.256087e-252 
5.96094 	 4.717998e-259 
