0.01 	 2.970088e-08 
0.0201 	 9.529002e-08 
0.030301 	 1.901843e-07 
0.040604 	 3.129642e-07 
0.05101 	 4.847489e-07 
0.06152 	 7.913037e-07 
0.072135 	 1.494407e-06 
0.082857 	 3.121846e-06 
0.093685 	 6.912811e-06 
0.104622 	 1.528362e-05 
0.115668 	 3.681961e-05 
0.126825 	 7.980478e-05 
0.138093 	 0.0001599191 
0.149474 	 0.0002950069 
0.160969 	 0.0005002531 
0.172579 	 0.0007695943 
0.184304 	 0.001092457 
0.196147 	 0.001409281 
0.208109 	 0.001609025 
0.22019 	 0.001766182 
0.232392 	 0.002020578 
0.244716 	 0.002309025 
0.257163 	 0.002661861 
0.269735 	 0.00304905 
0.282432 	 0.003417235 
0.295256 	 0.004013246 
0.308209 	 0.004770038 
0.321291 	 0.005802186 
0.334504 	 0.007531307 
0.347849 	 0.01052095 
0.361327 	 0.01564429 
0.374941 	 0.02499718 
0.38869 	 0.04212194 
0.402577 	 0.07249106 
0.416603 	 0.123642 
0.430769 	 0.2054731 
0.445076 	 0.3195945 
0.459527 	 0.4872427 
0.474123 	 0.7300232 
0.488864 	 1.097245 
0.503752 	 1.634732 
0.51879 	 2.397224 
0.533978 	 3.320282 
0.549318 	 4.315671 
0.564811 	 5.328045 
0.580459 	 6.119722 
0.596263 	 6.471617 
0.612226 	 6.489932 
0.628348 	 6.190708 
0.644632 	 5.468008 
0.661078 	 4.301474 
0.677689 	 3.030998 
0.694466 	 1.952243 
0.71141 	 1.199125 
0.728525 	 0.6922159 
0.74581 	 0.3700207 
0.763268 	 0.1865418 
0.780901 	 0.0916519 
0.79871 	 0.04633442 
0.816697 	 0.02440878 
0.834864 	 0.01274083 
0.853212 	 0.006744928 
0.871744 	 0.003832564 
0.890462 	 0.002210907 
0.909366 	 0.001290346 
0.92846 	 0.0007380874 
0.947745 	 0.0003689958 
0.967222 	 0.0001651339 
0.986894 	 6.632064e-05 
1.006763 	 2.162253e-05 
1.026831 	 5.985351e-06 
1.047099 	 1.481213e-06 
1.06757 	 3.493375e-07 
1.088246 	 8.515426e-08 
1.109128 	 2.216619e-08 
1.13022 	 5.440004e-09 
1.151522 	 1.47663e-09 
1.173037 	 4.829154e-10 
1.194768 	 1.723659e-10 
1.216715 	 6.362952e-11 
1.238882 	 2.773493e-11 
1.261271 	 1.333402e-11 
1.283884 	 6.44224e-12 
1.306723 	 3.239145e-12 
1.32979 	 1.437229e-12 
1.353088 	 5.394873e-13 
1.376619 	 1.955894e-13 
1.400385 	 6.430192e-14 
1.424389 	 1.842499e-14 
1.448633 	 5.296252e-15 
1.473119 	 1.396581e-15 
1.49785 	 3.863072e-16 
1.522829 	 1.411365e-16 
1.548057 	 5.190664e-17 
1.573538 	 1.771603e-17 
1.599273 	 6.598057e-18 
1.625266 	 2.209016e-18 
1.651518 	 8.034872e-19 
1.678033 	 3.599639e-19 
1.704814 	 1.438399e-19 
1.731862 	 5.645173e-20 
1.759181 	 3.104667e-20 
1.786772 	 2.304355e-20 
1.81464 	 1.671994e-20 
1.842787 	 1.101458e-20 
1.871214 	 6.73845e-21 
1.899927 	 3.954333e-21 
1.928926 	 3.530959e-21 
1.958215 	 3.460962e-21 
1.987797 	 2.492411e-21 
2.017675 	 2.059205e-21 
2.047852 	 1.8942e-21 
2.07833 	 1.27907e-21 
2.109114 	 7.472772e-22 
2.140205 	 4.641621e-22 
2.171607 	 2.527332e-22 
2.203323 	 1.922658e-22 
2.235356 	 2.59149e-22 
2.26771 	 3.58698e-22 
2.300387 	 5.21858e-22 
2.333391 	 8.311955e-22 
2.366725 	 1.301442e-21 
2.400392 	 2.250036e-21 
2.434396 	 3.023979e-21 
2.46874 	 2.070054e-21 
2.503427 	 1.19967e-21 
2.538461 	 1.352794e-21 
2.573846 	 1.777117e-21 
2.609585 	 1.965402e-21 
2.64568 	 2.480179e-21 
2.682137 	 2.587384e-21 
2.718959 	 2.622272e-21 
2.756148 	 1.963425e-21 
2.79371 	 5.895443e-22 
2.831647 	 7.561521e-23 
2.869963 	 6.761752e-25 
2.908663 	 7.296793e-28 
2.947749 	 6.137698e-33 
2.987227 	 8.557109e-40 
3.027099 	 2.310449e-50 
3.06737 	 1.565082e-65 
3.108044 	 1.306604e-88 
3.149124 	 5.199361e-112 
3.190616 	 3.540061e-137 
3.232522 	 1.038201e-175 
3.274847 	 7.930476e-197 
3.317595 	 5.910862e-230 
3.360771 	 3.293191e-241 
3.404379 	 1.979911e-258 
3.448423 	 1.69252e-265 
3.492907 	 2.720629e-271 
3.537836 	 2.281451e-278 
3.583215 	 2.081408e-282 
3.629047 	 1.099734e-288 
3.675337 	 5.568796e-294 
3.722091 	 1.323924e-299 
3.769311 	 3.615491e-306 
3.817005 	 3.303498e-312 
3.865175 	 2.80950429508e-319 
3.913826 	 0.0 
3.962965 	 0.0 
4.012594 	 0.0 
4.06272 	 0.0 
4.113347 	 0.0 
4.164481 	 0.0 
4.216126 	 0.0 
4.268287 	 0.0 
4.32097 	 0.0 
4.37418 	 0.0 
4.427921 	 0.0 
4.482201 	 0.0 
4.537023 	 0.0 
4.592393 	 0.0 
4.648317 	 0.0 
4.7048 	 0.0 
4.761848 	 0.0 
4.819466 	 0.0 
4.877661 	 0.0 
4.936438 	 0.0 
4.995802 	 0.0 
5.05576 	 0.0 
5.116318 	 0.0 
5.177481 	 0.0 
5.239256 	 0.0 
5.301648 	 0.0 
5.364665 	 0.0 
5.428311 	 0.0 
5.492594 	 0.0 
5.55752 	 0.0 
5.623096 	 0.0 
5.689326 	 0.0 
5.75622 	 0.0 
5.823782 	 0.0 
5.89202 	 0.0 
5.96094 	 0.0 
