0.01 	 2.758833e-91 
0.0201 	 4.213957e-89 
0.030301 	 4.430463e-87 
0.040604 	 8.635339e-85 
0.05101 	 1.299739e-82 
0.06152 	 8.962111e-81 
0.072135 	 2.696345e-79 
0.082857 	 4.315366e-78 
0.093685 	 3.35116e-77 
0.104622 	 1.616946e-76 
0.115668 	 4.28334e-76 
0.126825 	 1.196834e-75 
0.138093 	 3.126251e-75 
0.149474 	 8.743587e-75 
0.160969 	 2.968541e-74 
0.172579 	 1.373184e-73 
0.184304 	 9.437686e-73 
0.196147 	 1.053526e-71 
0.208109 	 1.682465e-70 
0.22019 	 3.991916e-69 
0.232392 	 1.37218e-67 
0.244716 	 4.961096e-66 
0.257163 	 2.142554e-64 
0.269735 	 9.326751e-63 
0.282432 	 3.65871e-61 
0.295256 	 1.680053e-59 
0.308209 	 8.22574e-58 
0.321291 	 3.864076e-56 
0.334504 	 1.926752e-54 
0.347849 	 9.12915e-53 
0.361327 	 2.714996e-51 
0.374941 	 7.582589e-50 
0.38869 	 2.101068e-48 
0.402577 	 5.611083e-47 
0.416603 	 1.94919e-45 
0.430769 	 7.159261e-44 
0.445076 	 2.453584e-42 
0.459527 	 1.123495e-40 
0.474123 	 5.624857e-39 
0.488864 	 3.120275e-37 
0.503752 	 1.987564e-35 
0.51879 	 1.12445e-33 
0.533978 	 5.069026e-32 
0.549318 	 2.197748e-30 
0.564811 	 8.23504e-29 
0.580459 	 2.532453e-27 
0.596263 	 7.214694e-26 
0.612226 	 1.751892e-24 
0.628348 	 3.498109e-23 
0.644632 	 6.457616e-22 
0.661078 	 1.137977e-20 
0.677689 	 2.193607e-19 
0.694466 	 5.048625e-18 
0.71141 	 1.268499e-16 
0.728525 	 3.479698e-15 
0.74581 	 1.165671e-13 
0.763268 	 4.502041e-12 
0.780901 	 1.981636e-10 
0.79871 	 8.617738e-09 
0.816697 	 3.25333e-07 
0.834864 	 9.545614e-06 
0.853212 	 0.0001866507 
0.871744 	 0.002400875 
0.890462 	 0.01965157 
0.909366 	 0.1046335 
0.92846 	 0.3839503 
0.947745 	 0.9973117 
0.967222 	 1.795685 
0.986894 	 2.327721 
1.006763 	 2.670774 
1.026831 	 3.036682 
1.047099 	 3.376572 
1.06757 	 3.588297 
1.088246 	 3.626368 
1.109128 	 3.497617 
1.13022 	 3.281559 
1.151522 	 3.167751 
1.173037 	 3.067652 
1.194768 	 2.928004 
1.216715 	 2.690961 
1.238882 	 2.316904 
1.261271 	 1.872419 
1.283884 	 1.385042 
1.306723 	 0.8667274 
1.32979 	 0.3819208 
1.353088 	 0.09903164 
1.376619 	 0.01802984 
1.400385 	 0.002577063 
1.424389 	 0.0002910546 
1.448633 	 2.776681e-05 
1.473119 	 2.176562e-06 
1.49785 	 1.483641e-07 
1.522829 	 9.279868e-09 
1.548057 	 4.357798e-10 
1.573538 	 1.385808e-11 
1.599273 	 3.175585e-13 
1.625266 	 4.881521e-15 
1.651518 	 5.686348e-17 
1.678033 	 6.071237e-19 
1.704814 	 4.864984e-21 
1.731862 	 3.667795e-23 
1.759181 	 3.788876e-25 
1.786772 	 4.519639e-27 
1.81464 	 4.388352e-29 
1.842787 	 3.274106e-31 
1.871214 	 1.843086e-33 
1.899927 	 6.778095e-36 
1.928926 	 2.313744e-38 
1.958215 	 6.628708e-41 
1.987797 	 1.510704e-43 
2.017675 	 8.57787e-46 
2.047852 	 1.323841e-47 
2.07833 	 2.158892e-49 
2.109114 	 3.564856e-51 
2.140205 	 6.236457e-53 
2.171607 	 8.48765e-55 
2.203323 	 1.714638e-56 
2.235356 	 4.258635e-58 
2.26771 	 8.527136e-60 
2.300387 	 1.520927e-61 
2.333391 	 4.697615e-63 
2.366725 	 1.252626e-64 
2.400392 	 5.87649e-66 
2.434396 	 4.417465e-67 
2.46874 	 2.41284e-68 
2.503427 	 2.791688e-69 
2.538461 	 9.077307e-70 
2.573846 	 3.35766e-70 
2.609585 	 9.964746e-71 
2.64568 	 4.804769e-71 
2.682137 	 1.283453e-71 
2.718959 	 4.07313e-72 
2.756148 	 2.68076e-72 
2.79371 	 1.123263e-72 
2.831647 	 4.432376e-73 
2.869963 	 2.609348e-73 
2.908663 	 1.577177e-73 
2.947749 	 7.380541e-74 
2.987227 	 4.257667e-74 
3.027099 	 1.716894e-74 
3.06737 	 7.049042e-75 
3.108044 	 4.216664e-75 
3.149124 	 2.472383e-75 
3.190616 	 8.687865e-76 
3.232522 	 5.005647e-76 
3.274847 	 8.140387e-76 
3.317595 	 1.008207e-75 
3.360771 	 3.607002e-75 
3.404379 	 1.380068e-74 
3.448423 	 1.148621e-73 
3.492907 	 2.680067e-72 
3.537836 	 9.432055e-71 
3.583215 	 3.632832e-69 
3.629047 	 1.782758e-67 
3.675337 	 6.268835e-66 
3.722091 	 1.799756e-64 
3.769311 	 4.93053e-63 
3.817005 	 9.810373e-62 
3.865175 	 1.073057e-60 
3.913826 	 9.130732e-60 
3.962965 	 5.079632e-59 
4.012594 	 1.458191e-58 
4.06272 	 2.657861e-58 
4.113347 	 3.37249e-58 
4.164481 	 4.060442e-58 
4.216126 	 6.729644e-58 
4.268287 	 1.40318e-57 
4.32097 	 2.85242e-57 
4.37418 	 6.863165e-57 
4.427921 	 1.431146e-56 
4.482201 	 2.282721e-56 
4.537023 	 2.844077e-56 
4.592393 	 3.499472e-56 
4.648317 	 2.295864e-56 
4.7048 	 1.201688e-56 
4.761848 	 7.568052e-57 
4.819466 	 5.894323e-57 
4.877661 	 1.185558e-56 
4.936438 	 7.649124e-56 
4.995802 	 6.927195e-55 
5.05576 	 1.115525e-53 
5.116318 	 2.431334e-52 
5.177481 	 5.45759e-51 
5.239256 	 1.479672e-49 
5.301648 	 5.423018e-48 
5.364665 	 1.408209e-46 
5.428311 	 1.48021e-45 
5.492594 	 6.537887e-45 
5.55752 	 4.514484e-45 
5.623096 	 3.945043e-46 
5.689326 	 3.298998e-48 
5.75622 	 1.789709e-51 
5.823782 	 4.409737e-56 
5.89202 	 9.419558e-62 
5.96094 	 9.365274e-68 
