0.01 	 1.985497e-35 
0.0201 	 1.078624e-34 
0.030301 	 2.47015e-34 
0.040604 	 3.568806e-34 
0.05101 	 4.299835e-34 
0.06152 	 6.064548e-34 
0.072135 	 1.108741e-33 
0.082857 	 2.764739e-33 
0.093685 	 7.868702e-33 
0.104622 	 2.211826e-32 
0.115668 	 7.341003e-32 
0.126825 	 2.32785e-31 
0.138093 	 6.862158e-31 
0.149474 	 2.094811e-30 
0.160969 	 6.075623e-30 
0.172579 	 1.703138e-29 
0.184304 	 5.046902e-29 
0.196147 	 1.478161e-28 
0.208109 	 4.233095e-28 
0.22019 	 1.239174e-27 
0.232392 	 3.523855e-27 
0.244716 	 9.910034e-27 
0.257163 	 2.927889e-26 
0.269735 	 8.955864e-26 
0.282432 	 2.7061e-25 
0.295256 	 8.376677e-25 
0.308209 	 2.690867e-24 
0.321291 	 8.120539e-24 
0.334504 	 2.643888e-23 
0.347849 	 1.003172e-22 
0.361327 	 4.036363e-22 
0.374941 	 1.809168e-21 
0.38869 	 9.802692e-21 
0.402577 	 6.7687e-20 
0.416603 	 6.184892e-19 
0.430769 	 5.635029e-18 
0.445076 	 3.740474e-17 
0.459527 	 2.084493e-16 
0.474123 	 1.052129e-15 
0.488864 	 5.494907e-15 
0.503752 	 3.228217e-14 
0.51879 	 1.940573e-13 
0.533978 	 1.078194e-12 
0.549318 	 5.655488e-12 
0.564811 	 3.005905e-11 
0.580459 	 1.652411e-10 
0.596263 	 9.090998e-10 
0.612226 	 4.820941e-09 
0.628348 	 2.50273e-08 
0.644632 	 1.319629e-07 
0.661078 	 7.180495e-07 
0.677689 	 3.933907e-06 
0.694466 	 2.120693e-05 
0.71141 	 0.0001035117 
0.728525 	 0.0004043084 
0.74581 	 0.001293852 
0.763268 	 0.003690836 
0.780901 	 0.009937355 
0.79871 	 0.02701233 
0.816697 	 0.06649739 
0.834864 	 0.148619 
0.853212 	 0.3120748 
0.871744 	 0.5995676 
0.890462 	 1.03105 
0.909366 	 1.614932 
0.92846 	 2.42268 
0.947745 	 3.467079 
0.967222 	 4.604541 
0.986894 	 5.712143 
1.006763 	 6.522646 
1.026831 	 6.632198 
1.047099 	 5.859164 
1.06757 	 4.476295 
1.088246 	 2.974272 
1.109128 	 1.746663 
1.13022 	 0.9181411 
1.151522 	 0.4539919 
1.173037 	 0.2211162 
1.194768 	 0.1012701 
1.216715 	 0.04210749 
1.238882 	 0.01638293 
1.261271 	 0.006073892 
1.283884 	 0.002097151 
1.306723 	 0.0006887856 
1.32979 	 0.0002043085 
1.353088 	 5.396223e-05 
1.376619 	 1.393408e-05 
1.400385 	 3.475131e-06 
1.424389 	 7.678735e-07 
1.448633 	 1.586561e-07 
1.473119 	 2.975003e-08 
1.49785 	 5.715882e-09 
1.522829 	 1.264433e-09 
1.548057 	 2.653947e-10 
1.573538 	 5.308184e-11 
1.599273 	 1.106246e-11 
1.625266 	 2.110029e-12 
1.651518 	 4.178392e-13 
1.678033 	 9.150569e-14 
1.704814 	 1.781623e-14 
1.731862 	 3.504348e-15 
1.759181 	 9.274167e-16 
1.786772 	 2.966959e-16 
1.81464 	 8.967707e-17 
1.842787 	 2.420411e-17 
1.871214 	 5.915068e-18 
1.899927 	 1.184943e-18 
1.928926 	 2.391354e-19 
1.958215 	 3.852678e-20 
1.987797 	 3.825315e-21 
2.017675 	 4.17303e-22 
2.047852 	 5.365638e-23 
2.07833 	 4.812621e-24 
2.109114 	 3.03448e-25 
2.140205 	 2.303457e-26 
2.171607 	 1.832987e-27 
2.203323 	 2.015015e-28 
2.235356 	 5.213219e-29 
2.26771 	 1.336839e-29 
2.300387 	 3.785361e-30 
2.333391 	 1.279282e-30 
2.366725 	 4.537264e-31 
2.400392 	 1.737282e-31 
2.434396 	 6.037957e-32 
2.46874 	 9.054388e-33 
2.503427 	 1.405344e-33 
2.538461 	 7.878678e-34 
2.573846 	 5.693788e-34 
2.609585 	 3.472079e-34 
2.64568 	 1.753605e-34 
2.682137 	 7.074834e-35 
2.718959 	 2.929841e-35 
2.756148 	 1.104109e-35 
2.79371 	 3.00906e-36 
2.831647 	 2.799331e-37 
2.869963 	 8.982692e-39 
2.908663 	 8.963506e-41 
2.947749 	 1.286599e-43 
2.987227 	 3.708779e-47 
3.027099 	 3.132025e-52 
3.06737 	 4.568634e-59 
3.108044 	 6.595051e-70 
3.149124 	 8.523987e-80 
3.190616 	 7.809566e-91 
3.232522 	 6.316473e-106 
3.274847 	 5.158438e-113 
3.317595 	 2.234082e-121 
3.360771 	 1.250524e-123 
3.404379 	 3.325151e-126 
3.448423 	 7.663499e-128 
3.492907 	 2.13074e-128 
3.537836 	 2.924454e-129 
3.583215 	 3.153142e-129 
3.629047 	 2.462826e-129 
3.675337 	 4.724989e-129 
3.722091 	 1.184688e-128 
3.769311 	 3.01289e-128 
3.817005 	 1.063447e-127 
3.865175 	 3.057291e-127 
3.913826 	 1.084511e-126 
3.962965 	 3.195189e-126 
4.012594 	 5.307248e-126 
4.06272 	 5.588826e-126 
4.113347 	 3.015627e-126 
4.164481 	 8.07125e-127 
4.216126 	 1.326859e-127 
4.268287 	 1.838658e-128 
4.32097 	 1.862371e-129 
4.37418 	 1.468911e-130 
4.427921 	 8.773832e-132 
4.482201 	 3.815255e-133 
4.537023 	 8.042239e-135 
4.592393 	 8.304046e-137 
4.648317 	 3.370747e-139 
4.7048 	 8.202579e-142 
4.761848 	 2.041422e-144 
4.819466 	 9.716519e-147 
4.877661 	 2.241322e-148 
4.936438 	 2.895694e-149 
4.995802 	 9.099495e-150 
5.05576 	 4.786054e-150 
5.116318 	 5.726467e-151 
5.177481 	 1.157526e-151 
5.239256 	 3.801522e-153 
5.301648 	 1.947337e-154 
5.364665 	 2.989932e-156 
5.428311 	 2.582872e-159 
5.492594 	 1.524678e-162 
5.55752 	 2.695606e-167 
5.623096 	 1.566077e-172 
5.689326 	 2.208734e-179 
5.75622 	 1.062263e-186 
5.823782 	 6.833544e-195 
5.89202 	 6.531592e-204 
5.96094 	 4.855853e-212 
