1 	 6.83316686249 	 0.339978637123 	 0.0494166734962 
2 	 1.21106064328 	 1.0897734917 	 0.335915342762 
3 	 4.07443549388 	 0.801679729997 	 0.0990353637179 
4 	 1.70450041381 	 0.775359353967 	 0.230326823221 
5 	 3.96224907045 	 0.567894825685 	 0.0983254892881 
6 	 -0.617129973933 	 1.29828972142 	 0.0276434728595 
7 	 127.615694202 	 0.00218047521182 	 0.0117052803446 
8 	 7.53735499846 	 0.633960434274 	 0.051569292612 
9 	 9.38586686881 	 0.569815818183 	 0.0411686950297 
10 	 2.12148034981 	 2.30917693958 	 0.189542230166 
11 	 18.338130423 	 -0.0186568921249 	 0.0639821738957 
12 	 6.7057711377 	 2.76203540201 	 0.059424401339 
13 	 6.50691271985 	 0.668813378435 	 0.0560081098743 
14 	 6.3573543458 	 1.12080342841 	 0.0619529247653 
15 	 3.80326804921 	 0.826142035759 	 0.103083562623 
16 	 2.97600732799 	 1.97942496462 	 0.121846863667 
17 	 6.96344364526 	 0.705111103757 	 0.0566611945524 
18 	 5.15664602533 	 0.476126927647 	 0.0761859717945 
19 	 4.57277066942 	 0.315385297667 	 0.0907957226862 
20 	 7.11114081472 	 0.662652285278 	 0.0554068916049 
21 	 10.7702894414 	 0.138151539924 	 0.0362407921339 
22 	 31.8709957116 	 0.0212312883558 	 0.014222200343 
23 	 5.77144275502 	 2.7453190516 	 0.0657633158503 
24 	 5.48528064785 	 0.734622268416 	 0.0712308364343 
25 	 5.13659477077 	 0.79757597624 	 0.0784318529888 
26 	 10.003121197 	 0.966107989251 	 0.0394204984017 
27 	 3.6851447052 	 2.68944199314 	 0.0760647245439 
28 	 7.24400887754 	 5.74642736593 	 0.054924291872 
29 	 6.67787548432 	 0.508792087403 	 0.0589423029905 
30 	 3.22409900226 	 1.08505878885 	 0.122436219146 
31 	 5.43734910921 	 0.440554493095 	 0.0734893122132 
32 	 2.53154479267 	 1.36362927101 	 0.152271422334 
33 	 5.05041597418 	 0.343620592759 	 0.0807546085823 
34 	 6.66229450019 	 2.42188403967 	 0.0443223751978 
35 	 6.92509244672 	 0.641333415511 	 0.0564666998504 
36 	 6.05752550958 	 0.569220425202 	 0.0670268700145 
37 	 5.75381936536 	 0.751421003921 	 0.0685193659631 
38 	 7.20842827745 	 1.4238086635 	 0.053757728306 
39 	 48.8144050089 	 0.0102139620934 	 0.0154974656395 
40 	 4.95772356134 	 0.78092426872 	 0.0807016807092 
41 	 5.56415016352 	 1.05686914336 	 0.0699012641377 
42 	 9.99556993995 	 2.84179403898 	 0.0393037565844 
43 	 10.7165453817 	 0.139488904054 	 0.0360704366836 
44 	 5.28415915548 	 0.987111077916 	 0.0744804075942 
45 	 10.355933866 	 0.664087909445 	 0.037185870382 
46 	 6.23118705766 	 0.657426021033 	 0.0617565690665 
47 	 3.8113605905 	 0.463251592492 	 0.102207106649 
48 	 8.63487666406 	 2.80601066079 	 0.0458458701729 
49 	 19.2992974771 	 0.638030474172 	 0.0205951493627 
50 	 4.72871079554 	 0.882533198063 	 0.0861171334095 
51 	 3.74714363735 	 0.944127797225 	 0.108771284807 
52 	 5.23052313135 	 1.22798502463 	 0.0770063598366 
53 	 7.12964095501 	 0.574522671867 	 0.0550135985526 
54 	 4.87466356693 	 0.905589077423 	 0.082178484882 
55 	 4.86932867302 	 0.635069111049 	 0.0820390817517 
56 	 5.55619581604 	 0.410008653643 	 0.0724643684675 
57 	 4.37393304787 	 0.969549439933 	 0.0910918850435 
58 	 5.0771291119 	 0.900883133786 	 0.078350959254 
59 	 36.0825054538 	 0.600408498098 	 0.0110092967689 
60 	 5.60689159569 	 0.434914130039 	 0.0702457255135 
61 	 10.1431838156 	 0.54280239999 	 0.0397533747416 
62 	 5.63810093576 	 0.621147440954 	 0.07024082929 
63 	 4.07034973176 	 2.55864319655 	 0.09519464168 
64 	 8.75459841631 	 2.6905170339 	 0.0441951311892 
65 	 37.3925868973 	 0.0304219754597 	 0.0101284423596 
66 	 6.51051059273 	 0.672983289895 	 0.0596458293123 
67 	 4.90155891185 	 0.883740305449 	 0.0829023315554 
68 	 4.52478997807 	 1.49472851315 	 0.0855897102215 
69 	 8.43377007822 	 5.236312931 	 0.0446704305054 
70 	 5.10067950817 	 0.685986331858 	 0.0779796835414 
71 	 5.97608246192 	 0.482209261488 	 0.0657266650577 
72 	 7.76178819195 	 5.37638132873 	 0.0514512536037 
73 	 7.95704542927 	 0.689347814639 	 0.0498674484802 
74 	 4.86553459562 	 0.907910582552 	 0.0820891009297 
75 	 2.93711641486 	 2.43535710724 	 0.126818475121 
76 	 6.59156032227 	 0.472536027531 	 0.0593012466237 
77 	 5.42354344267 	 0.363949048943 	 0.0717656034566 
78 	 3.79372819124 	 0.378424872945 	 0.106637943579 
79 	 8.60432599662 	 0.572768266129 	 0.0454855036624 
80 	 8.66498022702 	 0.666814139515 	 0.0453059055077 
81 	 5.32070991004 	 0.649152569033 	 0.0727234165497 
82 	 3.80720574317 	 0.885317710888 	 0.106898893957 
83 	 2.50560750442 	 0.845848178831 	 0.140375565509 
84 	 5.76345616155 	 1.42176706067 	 0.0652225601904 
85 	 17.7877271418 	 0.553708328401 	 0.0223991027898 
86 	 32.5127644184 	 0.0194750375801 	 0.0168113645034 
87 	 3.56623888344 	 0.323419682993 	 0.118109786381 
88 	 3.56623888344 	 0.323419682993 	 0.118109786381 
89 	 6.57860508033 	 0.35474496284 	 0.0609048467347 
90 	 15.5506110395 	 0.0461573178748 	 0.0281815523694 
91 	 6.4768519423 	 0.721439374989 	 0.0600126669685 
92 	 6.00069861155 	 1.41063197718 	 0.0643405044369 
93 	 5.24825468508 	 0.775792566441 	 0.0766825608843 
94 	 6.55570040055 	 0.382636522258 	 0.0628948454477 
95 	 5.15011455801 	 1.25847685232 	 0.0771599437705 
96 	 9.09716844286 	 3.34935849727 	 0.0424308945327 
97 	 16.7211147353 	 0.387139519343 	 0.0222389612775 
98 	 20.2470887397 	 0.386153329997 	 0.0188721851109 
99 	 5.28115560344 	 1.01177425323 	 0.0766898712805 
100 	 3.6192397123 	 0.858994945305 	 0.11264099001 
101 	 3.93972325045 	 0.920992979338 	 0.0818119623537 
102 	 6.03449586703 	 0.942229049127 	 0.0658387971864 
103 	 6.23024136505 	 0.832050388211 	 0.0642071843988 
104 	 10.360559568 	 2.85437817481 	 0.0380922255055 
105 	 6.16659617833 	 1.23026032946 	 0.0658684686224 
106 	 3.95255488318 	 1.30508461541 	 0.0966509035028 
107 	 8.34867349729 	 0.182778416145 	 0.0376180490373 
108 	 11.6271696478 	 0.127996508123 	 0.0326893115044 
109 	 9.50690562712 	 0.650091887247 	 0.0418756050513 
110 	 5.65029111526 	 0.850334923408 	 0.0705407741469 
111 	 3.16528867513 	 1.20288181933 	 0.121784355472 
112 	 14.5564789344 	 2.92315819032 	 0.0275151570846 
113 	 3.55230704347 	 0.340891607972 	 0.119540838825 
114 	 11.1483640129 	 0.0881974662418 	 0.0354768451779 
115 	 4.57787892626 	 1.04223956148 	 0.0835977937888 
116 	 6.09512158463 	 0.808527675316 	 0.0656103143827 
117 	 18.4564492409 	 0.383279848242 	 0.0208063209861 
118 	 5.59694924979 	 0.477054045574 	 0.0701645605698 
119 	 4.27782062981 	 0.862385839606 	 0.0959945018051 
120 	 6.80079026054 	 0.648860533124 	 0.0575695707476 
121 	 4.86478142343 	 4.33403595854 	 0.0813137030626 
122 	 5.31166594564 	 0.511286293941 	 0.0722783644511 
123 	 5.04235819374 	 3.81301411074 	 0.0789936252273 
124 	 9.68092931509 	 0.88090344682 	 0.0328171818328 
125 	 6.32709539335 	 0.636834965184 	 0.0617892986153 
126 	 5.61494305135 	 0.577143678147 	 0.0716442697568 
127 	 5.43778230312 	 3.83589655941 	 0.0733577574917 
128 	 5.4227882321 	 1.02242074692 	 0.0712068839879 
129 	 6.32027601797 	 0.458329494354 	 0.0618679198078 
130 	 5.85512764983 	 0.680961001747 	 0.0643697119731 
131 	 10.0002522808 	 0.135744305138 	 0.0382150712343 
132 	 4.62748787524 	 2.27759977652 	 0.0843001793309 
133 	 30.3968755903 	 0.00997122078909 	 0.0236082922082 
134 	 5.22766395789 	 0.902385432839 	 0.0761995280719 
135 	 7.05866435513 	 0.704416210595 	 0.0540653720304 
136 	 4.45140450879 	 0.906847790781 	 0.0904951602553 
137 	 6.55835665778 	 0.922005900765 	 0.0612020171763 
138 	 31.4273484019 	 0.441630041821 	 0.0126562992333 
139 	 4.95865702512 	 0.388847552769 	 0.0788455743008 
140 	 5.14861971959 	 2.05437142848 	 0.0744483884535 
141 	 11.9978964566 	 0.671950132231 	 0.0326568176705 
142 	 4.23977592804 	 0.940573767616 	 0.0937349136713 
143 	 3.72592034116 	 2.27789232529 	 0.10794956242 
144 	 6.91873904962 	 2.78884835126 	 0.0569608423558 
145 	 11.7867274659 	 0.894990977606 	 0.0271559995892 
146 	 4.64316252427 	 0.913626549698 	 0.0870823817273 
147 	 9.59726718754 	 0.579114535491 	 0.0400580581178 
148 	 4.11174217416 	 1.1123642879 	 0.0958496484439 
149 	 8.99843391824 	 0.14413400273 	 0.0373554150667 
150 	 16.2438197881 	 0.0646942955434 	 0.0249591731241 
151 	 4.52540099508 	 1.19923355712 	 0.0869628026178 
152 	 5.24567259415 	 0.521145605555 	 0.0736458915657 
153 	 4.62615834125 	 1.28588567029 	 0.0851615404044 
154 	 5.39964157671 	 0.921588728682 	 0.0737853300671 
155 	 6.59703403502 	 0.50529107603 	 0.0593395367042 
156 	 6.3782222944 	 0.545020027139 	 0.0621818764749 
157 	 13.5674224259 	 1.05558522049 	 0.0289052442598 
158 	 5.12899052341 	 3.75370134961 	 0.0777573960508 
159 	 10.1796461619 	 2.91771012232 	 0.0387667998321 
160 	 5.05679882928 	 0.978334408373 	 0.0802959494854 
161 	 7.90160615328 	 0.579761245757 	 0.0496961650204 
162 	 13.0211581962 	 0.148300145641 	 0.0294213083395 
163 	 6.78312735647 	 0.611491857155 	 0.0579145016742 
164 	 6.74635103198 	 0.702735823363 	 0.0573980496643 
165 	 5.6444597421 	 1.2971096504 	 0.0706301021418 
166 	 9.64935928305 	 0.152472465547 	 0.0392297054862 
167 	 23.7212094716 	 0.433089244873 	 0.0165451966983 
168 	 5.48807084653 	 0.575249345261 	 0.0734590548698 
169 	 4.32186158149 	 5.33319182218 	 0.0914171142175 
170 	 5.19031235822 	 0.925420382114 	 0.0764713910606 
171 	 5.05518798112 	 1.02889721722 	 0.0804780294672 
172 	 37.362936811 	 0.524586824862 	 0.0104563480453 
173 	 6.42896429735 	 0.596363721691 	 0.0622401029446 
174 	 5.30131484268 	 3.80308969762 	 0.0750671401214 
175 	 5.20174803424 	 1.17618639094 	 0.0755753312349 
176 	 7.67724587125 	 0.679669671683 	 0.0502600098159 
177 	 3.37625267431 	 2.39861124023 	 0.111029049917 
178 	 4.8733013426 	 0.868573005313 	 0.0819674762962 
179 	 4.52617714957 	 1.51576354689 	 0.0876938935808 
180 	 3.55421818022 	 0.990525722192 	 0.108349290841 
181 	 10.4149170008 	 2.84218239705 	 0.0371826048352 
182 	 4.67670767881 	 0.783198571484 	 0.0858133165478 
183 	 4.36516577599 	 3.88276709382 	 0.0919200728934 
184 	 5.41205829982 	 0.707973711983 	 0.0704169988109 
185 	 5.62387895732 	 0.548409251169 	 0.0710986190745 
186 	 5.75159626422 	 3.51684858994 	 0.0682325473816 
187 	 13.2228562813 	 0.667685526023 	 0.0302632451111 
188 	 3.53300146603 	 0.72430920348 	 0.111444475442 
189 	 12.9892887988 	 2.67239708885 	 0.030165012026 
190 	 5.12916871632 	 0.387003444901 	 0.0795885077449 
191 	 3.70972200138 	 0.235558759031 	 0.111922500496 
192 	 4.31430634205 	 1.0549376017 	 0.092997746509 
193 	 3.3256231573 	 2.18111910418 	 0.123277013 
194 	 5.11081491053 	 0.748264268717 	 0.0763202911641 
195 	 2.62428229889 	 2.64197052589 	 0.156021608901 
196 	 7.11068854822 	 0.199986798614 	 0.0536651751448 
197 	 3.70955959921 	 1.39079902801 	 0.1032281565 
198 	 16.6671847191 	 3.04995218663 	 0.0237168783181 
199 	 11.8803405575 	 2.86613749265 	 0.0334123383664 
200 	 12.0440858613 	 0.128380988654 	 0.0325895864996 
201 	 5.05399090609 	 0.427602399449 	 0.0704793533653 
202 	 4.3668031029 	 0.260461047107 	 0.0929653483725 
203 	 23.5146598401 	 0.651272825618 	 0.0169246471266 
204 	 6.90748540104 	 0.488240838691 	 0.0564966350623 
205 	 42.2074908811 	 0.505996466422 	 0.00931485622557 
206 	 4.97981383807 	 0.419003169786 	 0.0811113351082 
207 	 6.91765650924 	 2.65822949751 	 0.0566210872393 
208 	 10.0974996963 	 1.05994663437 	 0.0385491269228 
209 	 6.23593861654 	 0.538737435668 	 0.062818205258 
210 	 4.04633153844 	 1.95800562922 	 0.0986512373421 
211 	 5.50842463552 	 0.978895968837 	 0.071461345341 
212 	 8.54597060357 	 0.556269700151 	 0.045754301927 
213 	 6.97514155457 	 4.49810492013 	 0.0569646501566 
214 	 5.44776815527 	 1.03460760644 	 0.0731269987328 
215 	 5.67047661438 	 3.31637932046 	 0.0661465622604 
216 	 4.65041857648 	 1.67029546931 	 0.086213491014 
217 	 6.18490921147 	 0.224842661466 	 0.0618350293738 
218 	 4.11139347353 	 2.31561334611 	 0.0976487935093 
219 	 4.89332113811 	 1.07707007815 	 0.0793345902781 
220 	 3.49964510399 	 1.5912521226 	 0.11389172476 
221 	 4.87764832588 	 0.431080221451 	 0.0647683895808 
222 	 6.87577169433 	 0.622413758683 	 0.0566119841125 
223 	 5.05938292529 	 0.65065847434 	 0.0794709678344 
224 	 6.07756606391 	 0.622495282129 	 0.0654480245187 
225 	 11.8604437448 	 0.0757452796134 	 0.0349247686882 
226 	 5.44553381674 	 1.00254640197 	 0.0726294263765 
227 	 3.68921275531 	 2.3701411226 	 0.109454637494 
228 	 6.71455696806 	 1.12400571091 	 0.0591468805115 
229 	 5.46144711715 	 0.539995764869 	 0.0733911004503 
230 	 5.54584856067 	 0.768033544703 	 0.0710240377585 
231 	 5.16908763414 	 0.413525332955 	 0.0778757345467 
232 	 4.60930492119 	 1.56195591814 	 0.0854540256409 
233 	 6.49158637245 	 3.67954076354 	 0.0611947233262 
234 	 3.93665433234 	 2.64524496092 	 0.104205439022 
235 	 4.96112508987 	 0.990170814742 	 0.074153563784 
236 	 4.58199065419 	 2.15510819754 	 0.0836089696059 
237 	 5.07056450772 	 0.67567617054 	 0.0730984291228 
238 	 5.68564920783 	 0.615681584623 	 0.0686063627042 
239 	 7.38069768147 	 0.718113067747 	 0.0521572299132 
240 	 5.07188588847 	 0.702317989471 	 0.0762785408363 
241 	 6.44986019198 	 0.935608135383 	 0.0605584202295 
242 	 7.54839261106 	 0.594174252221 	 0.0521200415308 
243 	 5.44956110298 	 0.400898926198 	 0.0740991261888 
244 	 6.31864677352 	 0.78184236523 	 0.0638077499505 
245 	 10.4058669912 	 0.222629153662 	 0.0367842580979 
246 	 5.33527508193 	 0.417940015393 	 0.0733512473201 
247 	 5.48581218111 	 0.444486126154 	 0.0717968554069 
248 	 15.6904172582 	 1.07506996802 	 0.0252388577092 
249 	 7.09600901478 	 1.61082387883 	 0.0496448592108 
250 	 3.67276417273 	 0.737353706965 	 0.105952994112 
251 	 5.66314482882 	 1.16151752059 	 0.0681864864988 
252 	 6.58649027036 	 0.652787435074 	 0.0590835149136 
253 	 5.63019481509 	 0.176085857837 	 0.0549514304712 
254 	 4.51905601755 	 1.64941978024 	 0.0885270782771 
255 	 5.43748520184 	 0.759985858736 	 0.072460248325 
256 	 6.92223340041 	 3.61666654703 	 0.0580013489968 
257 	 7.41340113708 	 0.762741894149 	 0.0532997395179 
258 	 4.94632571442 	 0.543621064987 	 0.0779883204047 
259 	 42.0706255677 	 0.508121492125 	 0.00932689590095 
260 	 6.96705853268 	 1.07191076008 	 0.0558949692625 
261 	 3.39722184089 	 2.00933995927 	 0.106475280447 
262 	 4.03101426018 	 3.93987070495 	 0.0990304888693 
263 	 8.24797456447 	 2.65640556968 	 0.0467609906981 
264 	 5.36855131784 	 1.02717165076 	 0.0723048843831 
265 	 6.45573154981 	 0.777709476236 	 0.0623434144956 
266 	 4.32730473196 	 3.47702015956 	 0.0884318085077 
267 	 5.38565215043 	 0.415424782274 	 0.0745546604594 
268 	 4.52429607664 	 0.90981635178 	 0.0880150074277 
269 	 4.46759223223 	 0.753135376909 	 0.0878451282214 
270 	 6.92806331616 	 0.545795099568 	 0.0581034261588 
271 	 5.96747099989 	 0.680751669423 	 0.0644171192277 
272 	 5.62794320491 	 0.883620989508 	 0.0705041122608 
273 	 5.98364962617 	 3.68306521865 	 0.0656866723952 
274 	 6.41230972984 	 0.61417952959 	 0.0610382378079 
275 	 5.53621685703 	 0.628002732482 	 0.0706364107084 
276 	 6.137704323 	 0.589614880905 	 0.0653557068097 
277 	 4.9445046032 	 0.842303716871 	 0.080609014714 
278 	 5.82306240102 	 0.472816489325 	 0.0668691495582 
279 	 6.27919861778 	 0.653596521971 	 0.0625354815682 
280 	 4.97633116392 	 0.837575669584 	 0.0816344238776 
281 	 1.52106570271 	 1.81601266398 	 0.272863437948 
282 	 10.3669870943 	 4.68827573352 	 0.0384299194465 
283 	 4.50629755039 	 1.01152561031 	 0.0869136668948 
284 	 6.21547770818 	 1.24619757277 	 0.0637566323965 
285 	 4.85823039577 	 0.886020049866 	 0.083586638995 
286 	 17.3932166725 	 3.08545177975 	 0.0228702813703 
287 	 27.0788835982 	 0.545105652692 	 0.0146541498148 
288 	 28.4177639084 	 0.742552426623 	 0.0139199564357 
289 	 7.63154526372 	 0.32074944189 	 0.0515111830377 
290 	 4.48641034148 	 0.255213717994 	 0.0906704130421 
291 	 6.2127443334 	 0.662249554485 	 0.0621459597974 
292 	 6.99085915645 	 4.38427111247 	 0.0565067443036 
293 	 5.33331771706 	 0.429324116077 	 0.0734495378724 
294 	 4.79097769889 	 1.2650245179 	 0.083153978038 
295 	 5.96446952683 	 0.752414995468 	 0.0657143066144 
296 	 4.08351344613 	 1.21391964498 	 0.0915126296367 
297 	 5.42026430529 	 0.606128879824 	 0.0735214431719 
298 	 10.8041192264 	 0.859982809826 	 0.035932057639 
299 	 4.63049927409 	 1.13382124442 	 0.0816963043416 
300 	 11.1403823661 	 2.98485835929 	 0.0356189527955 
301 	 5.64824664148 	 0.791900010603 	 0.0709985905597 
302 	 13.324752345 	 0.512194412156 	 0.0308280166697 
303 	 7.14489289865 	 0.680665445292 	 0.0545707406945 
304 	 5.48029143475 	 0.721823661161 	 0.0717574107054 
305 	 35.9923799207 	 0.378800129295 	 0.0109362815678 
306 	 21.4939742005 	 0.522543178361 	 0.017928925696 
307 	 2.06234191592 	 3.41455097684 	 0.131577580035 
308 	 5.56919090127 	 0.691968439439 	 0.0675713145418 
309 	 1.53071968495 	 0.812847004278 	 0.271392907278 
310 	 6.68170243174 	 0.856144510298 	 0.0597838241486 
311 	 3.99278752901 	 1.11350100821 	 0.0899639636145 
312 	 5.12313668512 	 0.723714895278 	 0.0752251759569 
313 	 6.77389473433 	 0.698882698943 	 0.0571927354449 
314 	 3.88768444028 	 2.32060037008 	 0.103220717532 
315 	 9.14508338519 	 0.152205676728 	 0.04169889719 
316 	 5.2843305109 	 0.457844390498 	 0.0715754174032 
317 	 8.02569991259 	 2.28515971458 	 0.0474771808117 
318 	 4.12368824414 	 1.0977039054 	 0.0948679454681 
319 	 6.74747885138 	 0.205311198992 	 0.0569199876551 
320 	 4.90376273823 	 2.64880173162 	 0.0722708381334 
321 	 3.22610801444 	 4.10361423319 	 0.123319054251 
322 	 2.32544196602 	 0.69557270191 	 0.170961244852 
323 	 5.42902340568 	 1.15425041268 	 0.0737613009402 
324 	 6.02427387685 	 0.837524392215 	 0.0668233014732 
325 	 6.31426830779 	 0.945552692014 	 0.06084086394 
326 	 5.4750433738 	 0.432120684603 	 0.0724185653886 
327 	 12.6607200387 	 0.753727524389 	 0.0306125395106 
328 	 5.85726653219 	 0.456517728299 	 0.0666053107664 
329 	 4.96078853712 	 0.743503662861 	 0.0794662991881 
330 	 7.13427724102 	 0.549394424477 	 0.0554088272347 
331 	 4.84022030015 	 0.842859641978 	 0.0839391560479 
332 	 5.30064645738 	 0.798521519892 	 0.0755463169736 
333 	 5.84664505003 	 1.14956344902 	 0.0685393026063 
334 	 5.6963770155 	 0.732195417805 	 0.069360363742 
335 	 5.32641994567 	 0.880344360558 	 0.0755492894986 
336 	 11.7240063254 	 0.133992217861 	 0.0318588243389 
337 	 36.6415906215 	 0.323525015187 	 0.00987482031829 
338 	 5.18332675061 	 0.718901422721 	 0.0750569962719 
339 	 13.3863816204 	 0.0739367125504 	 0.0303730701555 
340 	 9.85438589039 	 0.564713342073 	 0.0397298407485 
341 	 4.97316924535 	 0.822758542917 	 0.0821444862897 
342 	 5.0186866664 	 3.79862906957 	 0.0791776538308 
343 	 9.17218626557 	 0.0789443229545 	 0.0474835195747 
344 	 3.67841335117 	 0.68677692995 	 0.110198847484 
345 	 13.5003910942 	 3.00224816541 	 0.0297917143774 
346 	 5.28207548243 	 0.419703431902 	 0.0756753741482 
347 	 7.26845137893 	 0.22435528758 	 0.0505371172998 
348 	 4.45356788 	 1.27222546063 	 0.0888967714224 
349 	 35.8238573816 	 0.567974571046 	 0.0110934829671 
350 	 6.01278350114 	 0.587619536519 	 0.0656546674042 
351 	 6.89086204565 	 0.551638276254 	 0.0575997291321 
352 	 6.45058671251 	 0.621325042215 	 0.0615631512193 
353 	 6.22848865119 	 0.471757597756 	 0.0625794156872 
354 	 8.64614930519 	 0.680758810374 	 0.0459994444813 
355 	 5.87725201976 	 0.163205170421 	 0.0458734944192 
356 	 12.2154270559 	 0.640558465446 	 0.0317601951155 
357 	 15.8560314269 	 0.0620521749952 	 0.0256431961413 
358 	 7.54699836412 	 0.607439452732 	 0.0522422482202 
359 	 11.1186453331 	 0.515649519338 	 0.0353973606668 
360 	 7.95136548966 	 0.599562583893 	 0.0486503685458 
361 	 11.3050788644 	 0.135858193154 	 0.0326993024012 
362 	 4.58895837773 	 2.2768569698 	 0.0805001920843 
363 	 49.9774643755 	 0.00756957292477 	 0.0173606163846 
364 	 23.7993439598 	 0.603451035514 	 0.016446706483 
365 	 1.02596964234 	 2.57658201764 	 1.42873802017 
366 	 4.029682614 	 1.92332849358 	 0.099606340334 
367 	 6.00860842433 	 0.994903019451 	 0.0648648180484 
368 	 4.92367525968 	 0.273836343245 	 0.0808697688513 
369 	 5.68835967472 	 0.372419296249 	 0.0641087374893 
370 	 3.09031158539 	 1.64015283645 	 0.123879673508 
371 	 5.06456798602 	 0.370202030739 	 0.0794003335947 
372 	 5.0616354359 	 1.30160832255 	 0.0769981409685 
373 	 5.07821282072 	 0.577281715623 	 0.0789948529949 
374 	 33.032483796 	 0.585796955982 	 0.0121123299344 
375 	 6.38067581219 	 0.637215757686 	 0.0612776314246 
376 	 5.77405704543 	 0.726902024717 	 0.0667883050499 
377 	 5.69583879324 	 0.647615154863 	 0.0681220891637 
378 	 4.61115135965 	 1.23369862233 	 0.0876119436437 
379 	 6.01700090469 	 0.494741090165 	 0.0649118073599 
380 	 8.67797107061 	 0.17750557537 	 0.0373769811252 
381 	 8.75381594146 	 2.6982163632 	 0.0425165630837 
382 	 6.57072758565 	 0.362541543678 	 0.0605551489526 
383 	 32.9172285716 	 0.576065682649 	 0.012131934269 
384 	 33.8182041465 	 0.484162846798 	 0.0112106019959 
385 	 3.54293879765 	 1.50748709988 	 0.107664260779 
386 	 3.51461529351 	 5.53912550275 	 0.113120406743 
387 	 5.25146723644 	 0.866163752094 	 0.0763914123623 
388 	 5.93466818786 	 0.592756175557 	 0.0672854382845 
389 	 11.3610623884 	 0.125651516032 	 0.0345784555415 
390 	 10.9866567767 	 0.161048858575 	 0.03543054987 
391 	 17.4013126142 	 3.14233117379 	 0.0229030895671 
392 	 5.05249750031 	 0.581802601326 	 0.0797941071164 
393 	 32.9392433868 	 0.340958833325 	 0.0114872773769 
394 	 12.5883025601 	 0.0588308814597 	 0.0348206683594 
395 	 6.07759238793 	 0.583095617993 	 0.0653565900712 
396 	 7.30433659973 	 0.651573180865 	 0.0539928093409 
397 	 4.4066901633 	 0.949330536525 	 0.090817320683 
398 	 7.72153033516 	 0.600256333834 	 0.051133189851 
399 	 32.1802713836 	 0.617602088391 	 0.0121282749468 
400 	 5.71864297911 	 1.00693729832 	 0.0662954062867 
401 	 6.39198294396 	 0.51604807372 	 0.0618287258653 
402 	 5.08106540403 	 0.792958801201 	 0.0796443504626 
403 	 4.53844610533 	 1.31641018679 	 0.0869127998909 
404 	 5.96737057505 	 0.546809308727 	 0.0668219640119 
405 	 4.86867408158 	 0.755496194616 	 0.0810539241266 
406 	 4.61244114173 	 0.934365887851 	 0.0865968747308 
407 	 5.94997987101 	 0.909813252415 	 0.0664504670141 
408 	 6.16403612651 	 1.28688929155 	 0.063142774162 
409 	 7.21787615925 	 3.65857310134 	 0.0538925853797 
410 	 6.1950467577 	 0.586766675909 	 0.064150235275 
411 	 5.42302933256 	 1.073374655 	 0.0726540284649 
412 	 2.80210141403 	 2.28167161058 	 0.145554792664 
413 	 5.78402327248 	 1.09265979664 	 0.0665189714614 
414 	 5.45249353547 	 1.03776299007 	 0.0732864683379 
415 	 6.28738619723 	 0.704455917342 	 0.0612574467011 
416 	 5.30268596291 	 1.25946051019 	 0.0742129239413 
417 	 3.85334063293 	 0.287501469514 	 0.109116656034 
418 	 4.94551834755 	 1.30153158309 	 0.0789559552033 
419 	 2.21765025542 	 0.964655228042 	 0.192235452371 
420 	 18.9614243748 	 0.500151548772 	 0.0209322022105 
421 	 6.40534230132 	 1.32804966834 	 0.0584064245915 
422 	 4.40706129138 	 0.344022139783 	 0.0923712211818 
423 	 5.44708304206 	 4.16563556536 	 0.0732983073468 
424 	 5.34046803915 	 1.41979271186 	 0.0695510497288 
425 	 6.22862979835 	 0.741361797415 	 0.0624718898927 
426 	 4.06578654839 	 1.20011720941 	 0.0948924341819 
427 	 6.60715504834 	 0.67539940335 	 0.0584412215505 
428 	 4.88149973455 	 1.5266806222 	 0.0813909681269 
429 	 7.10107106584 	 1.57266395584 	 0.053612455862 
430 	 4.24016928221 	 0.516793802385 	 0.0919777168353 
431 	 4.23351576339 	 1.14619950313 	 0.0952720232289 
432 	 10.4515768395 	 2.89948199326 	 0.0378791654751 
433 	 4.98809664574 	 0.935611541608 	 0.0802941839201 
434 	 4.68019587584 	 1.11087154277 	 0.0812580007236 
435 	 4.91036718046 	 1.20104333608 	 0.0806406936799 
436 	 4.78639030835 	 1.18638733924 	 0.0822731827872 
437 	 5.54612272168 	 0.667711900933 	 0.0697209184276 
438 	 6.33512373924 	 0.651734802469 	 0.0615738186223 
439 	 3.95911995796 	 1.02458379869 	 0.0998968380303 
440 	 3.56745288856 	 0.20124383603 	 0.0520643958329 
441 	 3.94385990568 	 2.52736802448 	 0.100956445144 
442 	 4.57849252389 	 1.23114454404 	 0.0871618089617 
443 	 3.80978863991 	 0.829811484262 	 0.106374839759 
444 	 6.20871991829 	 0.214448702943 	 0.0626491974818 
445 	 5.46011858363 	 0.675487831139 	 0.0723489725222 
446 	 5.91672953978 	 1.07297169955 	 0.0647936873592 
447 	 5.13098281834 	 1.23634838623 	 0.0775273476494 
448 	 4.49725440619 	 1.81408687465 	 0.0877389776297 
449 	 9.25318673819 	 0.698809101629 	 0.0430356606885 
450 	 6.77113692603 	 0.700555218961 	 0.056491797662 
451 	 11.8625972267 	 2.85532433951 	 0.0331717838718 
452 	 7.44435879139 	 0.161791370595 	 0.0400073880512 
453 	 5.76544138317 	 1.13259475156 	 0.0680590690704 
454 	 7.08454842554 	 0.492274378257 	 0.0551252577078 
455 	 2.57387795082 	 5.00230875678 	 0.150190626814 
456 	 5.00687726744 	 0.880354424385 	 0.080404893178 
457 	 4.92940925283 	 1.02238629444 	 0.0789268341615 
458 	 5.04076972365 	 0.785571752032 	 0.079297378521 
459 	 4.72467261101 	 0.918541154831 	 0.0844740169544 
460 	 5.14083728273 	 0.396087024304 	 0.0776188268774 
461 	 6.88060435788 	 3.48358460879 	 0.0597998060572 
462 	 5.44669001828 	 1.11072054777 	 0.0721634547446 
463 	 7.89437999559 	 0.752851603361 	 0.0496106733183 
464 	 4.76223979624 	 1.30289580561 	 0.0782059258327 
465 	 5.46418668583 	 0.160587555124 	 0.0448905999215 
466 	 5.30568878751 	 0.578888458171 	 0.0750701955268 
467 	 5.75023212547 	 1.09618203613 	 0.0686195639589 
468 	 6.10972793749 	 0.50361783552 	 0.0642495873807 
469 	 5.34703716155 	 0.737146745755 	 0.0728687854647 
470 	 2.95434505416 	 5.64715606735 	 0.136545235597 
471 	 5.61967691671 	 0.379082381765 	 0.0720332854182 
472 	 5.44795536383 	 0.793953034517 	 0.073605453356 
473 	 6.17110006771 	 0.350334133641 	 0.0651802798358 
474 	 3.63424903588 	 0.290829100851 	 0.115896503887 
475 	 4.31569769786 	 0.53725921219 	 0.103592084731 
476 	 6.62633683657 	 0.604020618308 	 0.0597758495542 
477 	 6.32161543004 	 0.355209312088 	 0.063561184852 
478 	 5.22930418116 	 0.593852418037 	 0.0764541430438 
479 	 11.93429789 	 3.34267464329 	 0.032936469445 
480 	 27.3713213882 	 0.560691659791 	 0.0141396240969 
481 	 36.6120898517 	 0.382742604899 	 0.0107834590917 
482 	 4.89076081136 	 2.20794398179 	 0.0805444713648 
483 	 4.97844977738 	 0.342727896016 	 0.0822756799342 
484 	 3.81265446265 	 1.39108197009 	 0.100635938351 
485 	 13.9944537163 	 0.627901593554 	 0.0279202172027 
486 	 7.02204880695 	 1.83685501434 	 0.0355384436068 
487 	 3.74893893432 	 1.11453075677 	 0.110696530019 
488 	 5.11871385253 	 4.82211126605 	 0.0779792103244 
489 	 6.68585620733 	 0.538892629655 	 0.0595584535858 
490 	 5.23285329818 	 0.374447878195 	 0.0750064833862 
491 	 5.53273930597 	 0.58280317873 	 0.0727696939603 
492 	 5.79799919261 	 0.690053425042 	 0.0665365433312 
493 	 7.38221764962 	 1.16058246231 	 0.0477026381041 
494 	 3.16396998517 	 0.444988362923 	 0.105325589442 
495 	 5.68108712861 	 0.224343714286 	 0.0604372252803 
496 	 6.56340198941 	 1.01453636089 	 0.0601940878145 
497 	 36.2720598468 	 0.345424833443 	 0.0105750008123 
498 	 5.72839290569 	 0.553025534547 	 0.0695906432224 
499 	 5.80761713635 	 1.02791882319 	 0.0666408301068 
500 	 14.513361534 	 5.63354278187 	 0.0262881158364 
501 	 6.9260925896 	 0.601016427048 	 0.0571340566229 
502 	 8.87239544869 	 4.38561876706 	 0.0446283199621 
503 	 2.82033563656 	 0.888388222442 	 0.135476976012 
504 	 8.57325382677 	 0.696480547975 	 0.0461477613941 
505 	 10.5895360414 	 0.591296055647 	 0.0369586811699 
506 	 6.04796154524 	 0.711144064557 	 0.0657149264908 
507 	 5.26605607761 	 1.15438072387 	 0.0746904439996 
508 	 2.0151206433 	 1.04572282406 	 0.198491259206 
509 	 5.97265076703 	 0.761108271384 	 0.0661379266242 
510 	 6.14789414843 	 0.371285646478 	 0.0659727660729 
511 	 5.52308095562 	 0.255185130595 	 0.0733377020124 
512 	 12.7445430456 	 0.237723095383 	 0.0316151339351 
513 	 7.03202941459 	 0.514292194521 	 0.055681678686 
514 	 6.22956144354 	 0.711819245769 	 0.061790680861 
515 	 5.57658014973 	 1.33435678206 	 0.0681140092028 
516 	 4.42223721108 	 1.27744952562 	 0.0896182431522 
517 	 2.6764837817 	 0.412214007378 	 0.15318516228 
518 	 12.906046003 	 3.33286189854 	 0.0207351779834 
519 	 5.34779690817 	 0.674176301026 	 0.073001767079 
520 	 6.10987329669 	 0.716064786793 	 0.0629994561788 
521 	 6.62423696594 	 4.27032125851 	 0.0600807228647 
522 	 4.4525846619 	 0.546616856237 	 0.0840064196362 
523 	 4.3376136974 	 2.06835823553 	 0.0864017095817 
524 	 6.3425600149 	 3.66502245246 	 0.0625753371267 
525 	 5.58046819091 	 1.16312728309 	 0.068876145769 
526 	 4.24578434174 	 0.990383946388 	 0.0941377963254 
527 	 2.82277224252 	 0.349532090412 	 0.150744584525 
528 	 4.33234950693 	 0.965362594739 	 0.0918030906696 
529 	 4.87571153853 	 0.792771464934 	 0.0829729354939 
530 	 14.4195017577 	 2.87377487913 	 0.0274631720146 
531 	 11.0042677511 	 0.0966667181208 	 0.0365729862399 
532 	 24.6948986899 	 0.650451512475 	 0.0161632328685 
533 	 6.78260388017 	 0.645621996427 	 0.0572345950278 
534 	 6.00951431665 	 0.370819227415 	 0.0668031619983 
535 	 2.83837485058 	 1.55089690733 	 0.139373667272 
536 	 4.20306666217 	 4.10674619407 	 0.0957525832441 
537 	 4.08789886528 	 1.67377361187 	 0.0980713719334 
538 	 5.15639791915 	 0.408221714063 	 0.0764719644651 
539 	 1.95071821099 	 2.33556980989 	 0.202792024966 
540 	 4.58806854706 	 0.846837155572 	 0.0893144668723 
541 	 4.17000612328 	 0.580942203433 	 0.0970954008674 
542 	 9.33464664396 	 2.72559499147 	 0.042357105999 
543 	 5.5706774674 	 0.42054745717 	 0.072055319206 
544 	 5.08973392349 	 0.885236115369 	 0.0789421762547 
545 	 5.78315391202 	 0.374816553053 	 0.0685565210145 
546 	 6.26570025817 	 0.561124551165 	 0.0637969296537 
547 	 7.97292455579 	 0.701893233037 	 0.0495902721267 
548 	 5.71632073374 	 3.67847922723 	 0.0693957046591 
549 	 4.73900975267 	 3.96496590415 	 0.0843970847044 
550 	 6.60941734309 	 0.680849864784 	 0.0573559368127 
551 	 9.28558775686 	 0.627871745192 	 0.0430444328857 
552 	 33.2416445546 	 0.569291310434 	 0.0118288417165 
553 	 5.52604560218 	 0.891571879942 	 0.0719046508857 
554 	 3.77564584348 	 1.27740127442 	 0.105049526294 
555 	 7.31153692018 	 0.671496771264 	 0.0529667940577 
556 	 5.73555530594 	 0.375213328632 	 0.0704665579548 
557 	 4.68353697303 	 0.67130498771 	 0.0849057305543 
558 	 6.37248107189 	 0.677199681656 	 0.0608785833671 
559 	 5.99012509573 	 0.738186100589 	 0.0656924088754 
560 	 6.08861992186 	 1.12987960869 	 0.0645501437268 
561 	 2.63112718568 	 1.68328790027 	 0.155725411931 
562 	 3.37691223034 	 1.7926452148 	 0.118146104987 
563 	 6.15534144743 	 0.35913712314 	 0.0653166348128 
564 	 6.21128886232 	 0.47564227802 	 0.0624956924835 
565 	 140.694158236 	 0.0016131934599 	 0.0114389231426 
566 	 2.16160443318 	 -0.00475269825985 	 0.347247607354 
567 	 4.70164178923 	 2.0026296364 	 0.0832434213704 
568 	 5.11563730002 	 0.87698291605 	 0.077725850107 
569 	 5.55193146428 	 0.378705822692 	 0.0728705882631 
570 	 5.38787876552 	 1.33637718006 	 0.0726725138677 
571 	 4.9545935858 	 0.405678868027 	 0.0820238441787 
572 	 6.46957123181 	 0.64904645404 	 0.0605839578507 
573 	 6.94784151568 	 0.648507021194 	 0.0559101501928 
574 	 10.1157018036 	 0.679064789928 	 0.0389600604857 
575 	 8.87453836232 	 0.206859530168 	 0.0405145830363 
576 	 5.7592078073 	 0.712640311323 	 0.0662946528469 
577 	 3.56860643566 	 2.85900431103 	 0.111644223799 
578 	 5.50409121059 	 1.0279612419 	 0.0709719645611 
579 	 6.05573031436 	 0.546159765319 	 0.0654827742221 
580 	 4.54854708531 	 1.18638412435 	 0.0875018901025 
581 	 12.5834972048 	 0.0883365310125 	 0.0320520086977 
582 	 5.28393173418 	 3.47154792619 	 0.0761514420754 
583 	 5.7312803308 	 1.25774237134 	 0.0696544668534 
584 	 13.0738107671 	 0.365910517329 	 0.0290390368849 
585 	 18.1977717478 	 0.0354806639488 	 0.0245808443013 
586 	 4.6983648731 	 0.94698984602 	 0.0846219408185 
587 	 5.10050410804 	 1.03666625882 	 0.0766520984417 
588 	 8.99359537933 	 2.71844513074 	 0.0435114688752 
589 	 13.558334716 	 0.0745060760449 	 0.0300466217693 
590 	 7.79795380112 	 0.642429711716 	 0.0499528128946 
591 	 6.33308245401 	 0.614356762055 	 0.0625090255815 
592 	 10.5325704165 	 0.100827492125 	 0.0366788905595 
593 	 5.17063489695 	 0.609614006031 	 0.0774494096504 
594 	 12.9778977874 	 5.73712815638 	 0.0308201637497 
595 	 5.37761838228 	 0.578213309768 	 0.0748093489401 
596 	 6.21062728 	 0.83744988599 	 0.0651552987476 
597 	 5.06981130585 	 2.33835441556 	 0.0766482468732 
598 	 7.78427285957 	 0.585300313779 	 0.0502788298428 
599 	 4.90293590379 	 1.6875284815 	 0.081911980297 
600 	 4.80107749829 	 1.97530291053 	 0.0834210842822 
601 	 6.7420616834 	 4.41968786232 	 0.0589667487122 
602 	 3.40173178707 	 1.30457174005 	 0.115787709706 
603 	 5.72824114749 	 0.729895162451 	 0.067743947038 
604 	 28.8343381375 	 0.444815499109 	 0.0134274890694 
605 	 1.33686411007 	 1.00750043287 	 0.169187263156 
606 	 6.11004375099 	 0.889433500756 	 0.0643162760121 
607 	 10.1414542772 	 0.538973469037 	 0.038446922864 
608 	 4.98682264887 	 0.845582997404 	 0.0815213697322 
609 	 10.0758470719 	 0.726823978141 	 0.0392306658691 
610 	 6.06527837347 	 0.720698175777 	 0.0636841397628 
611 	 11.6650209636 	 0.122719513526 	 0.0339769615843 
612 	 4.95987974548 	 0.987455425893 	 0.0791090149326 
613 	 6.37297012009 	 3.70402949346 	 0.062591922276 
614 	 6.64861305829 	 0.801823786193 	 0.0597957800431 
615 	 7.57558959208 	 0.637883802845 	 0.0531431745189 
616 	 11.0067013361 	 0.146169592448 	 0.034420059664 
617 	 7.69752830669 	 0.555164980574 	 0.0508958550354 
618 	 6.03025241933 	 0.828828089204 	 0.0663160980511 
619 	 5.72054308496 	 1.36066303706 	 0.0669936130888 
620 	 5.28121890207 	 0.756988906669 	 0.0742164818216 
621 	 2.29828819665 	 1.77694983843 	 0.174387226224 
622 	 5.8712477393 	 1.7388289856 	 0.0678286201572 
623 	 4.22163348471 	 1.71091886927 	 0.0950541532385 
624 	 7.11422468977 	 1.99823813307 	 0.0555529103224 
625 	 5.14229164207 	 0.271259832649 	 0.0786849438672 
626 	 6.39568732223 	 0.760166409758 	 0.0618265100387 
627 	 5.15688047481 	 4.12314514098 	 0.0773188078969 
628 	 4.47247221389 	 2.21897987091 	 0.086919180771 
629 	 5.6047427603 	 1.66747008575 	 0.0728413110305 
630 	 4.96297673476 	 0.777449753436 	 0.0808876587645 
631 	 4.86721497166 	 0.428061491725 	 0.0824646214028 
632 	 3.55115101744 	 0.906764181567 	 0.115618797883 
633 	 6.68434921178 	 1.87786419878 	 0.0591886574369 
634 	 5.51023294292 	 0.685390915943 	 0.0699554532526 
635 	 13.7103512652 	 0.694515284782 	 0.0287675495403 
636 	 3.05867812576 	 0.985389207072 	 0.128041033612 
637 	 7.75609514039 	 0.549066071804 	 0.0505205807165 
638 	 4.14112541074 	 1.65851612563 	 0.0967715981967 
639 	 5.37666899218 	 0.456598462418 	 0.0756602702789 
640 	 5.09819400432 	 2.08925585619 	 0.0750928963176 
641 	 9.16806495992 	 0.710608746326 	 0.0430618187168 
642 	 10.444728293 	 0.329576467512 	 0.0347199299806 
643 	 6.35303718676 	 0.492053062918 	 0.0616350056032 
644 	 3.90608087657 	 0.476601579439 	 0.0859980984713 
645 	 6.68953903444 	 1.05318600231 	 0.0578826808963 
646 	 6.35889706821 	 0.694304021599 	 0.060667158663 
647 	 5.17470066055 	 2.24092459376 	 0.0708395850178 
648 	 8.77578280161 	 0.0903513591789 	 0.03940554753 
649 	 3.58550595718 	 2.2537704996 	 0.112713703087 
650 	 3.58550595718 	 2.2537704996 	 0.112713703087 
651 	 6.49424722049 	 3.43707778437 	 0.0622577680561 
652 	 7.44843414605 	 0.691652983071 	 0.0530974198422 
653 	 4.92819845963 	 0.328789912467 	 0.0837682805756 
654 	 3.14739999981 	 1.21689250521 	 0.131767027962 
655 	 3.49770458756 	 1.44321408924 	 0.108499700653 
656 	 5.94852016435 	 0.55378393736 	 0.0663669882898 
657 	 6.01113489243 	 0.817602868009 	 0.0664290609099 
658 	 25.4311619316 	 0.0175834359526 	 0.018656509281 
659 	 4.93123579783 	 0.927693222858 	 0.0788228520274 
660 	 7.01654454976 	 4.8668795277 	 0.0567677705422 
661 	 4.58536808169 	 1.4762056787 	 0.0870922469246 
662 	 7.91532682252 	 0.983881124473 	 0.0499598341961 
663 	 6.68288771767 	 1.04742995506 	 0.0590356528509 
664 	 6.13346490493 	 0.550667956382 	 0.0647714687824 
665 	 4.79685374502 	 1.03521727964 	 0.0825216391179 
666 	 6.32109822445 	 0.667613113234 	 0.0632884182582 
667 	 5.29428402956 	 1.26645163299 	 0.0747081792344 
668 	 25.4957769425 	 0.483522372176 	 0.015495923574 
669 	 5.01367795036 	 0.751205180913 	 0.078173816012 
670 	 6.75201849479 	 0.209930290369 	 0.0503516052537 
671 	 9.81363949184 	 1.12231211155 	 0.0404162992163 
672 	 5.64024202735 	 1.46450696356 	 0.0689833429724 
673 	 34.4221211838 	 0.502459044598 	 0.0114329796905 
674 	 5.8890100855 	 1.21687172331 	 0.0677103135908 
675 	 5.88628367795 	 0.659153235382 	 0.0662256379326 
676 	 6.72621177672 	 1.16651727228 	 0.0509223007264 
677 	 7.26083661157 	 0.530003522441 	 0.0539027955238 
678 	 5.75637963103 	 0.916664990426 	 0.0682720253312 
679 	 9.78846916039 	 0.210911011747 	 0.0363374798929 
680 	 5.48988014659 	 0.469172013732 	 0.0710659212394 
681 	 5.62006107486 	 0.579667099604 	 0.0706700385632 
682 	 5.36225894171 	 0.566765044467 	 0.0740298199547 
683 	 2.41827380466 	 1.77313892423 	 0.168202060054 
684 	 2.41827380466 	 1.77313892423 	 0.168202060054 
685 	 10.1369209063 	 4.55002744874 	 0.0395625439637 
686 	 8.10727463997 	 1.03962755573 	 0.0489411532444 
687 	 5.37824250875 	 1.10658236712 	 0.0731418384352 
688 	 5.36693374591 	 0.794697887054 	 0.0748824600797 
689 	 6.15942561311 	 1.3544653041 	 0.0618605144155 
690 	 5.56562470479 	 0.694633469389 	 0.0673378404403 
691 	 6.40097678245 	 0.601758637618 	 0.0618717208634 
692 	 5.45985109051 	 0.741017415335 	 0.0710211437509 
693 	 7.69886986167 	 0.550353002347 	 0.0518004727038 
694 	 6.09415845319 	 1.28204785965 	 0.0653523720837 
695 	 13.4774634715 	 0.72730326042 	 0.0291666795182 
696 	 6.34584761761 	 1.6166416993 	 0.0531677183772 
697 	 5.78953973545 	 1.02746381889 	 0.0655900962996 
698 	 7.83758102604 	 0.237721087694 	 0.0467976207778 
699 	 7.60668374513 	 0.769433455746 	 0.052216120269 
700 	 6.95187465574 	 1.15774222312 	 0.0549868838562 
701 	 5.76019465312 	 0.365249112676 	 0.0699027845431 
702 	 5.99361193563 	 1.2086343966 	 0.0654665394125 
703 	 11.0343764189 	 0.654450793003 	 0.0361316747523 
704 	 5.55182154643 	 0.59717230263 	 0.0717340566595 
705 	 5.5817477936 	 1.04620273546 	 0.0693233921658 
706 	 23.1671381283 	 0.817632624081 	 0.0175099412225 
707 	 2.58403590147 	 5.50464860767 	 0.155966462899 
708 	 7.23059173339 	 0.57864179398 	 0.0546445057187 
709 	 4.39152319228 	 1.21693377043 	 0.0917354759607 
710 	 5.20403164237 	 0.836987367593 	 0.0779170685989 
711 	 7.23920711003 	 0.610266604198 	 0.0544662120282 
712 	 6.79773213404 	 0.326840399739 	 0.0573675065746 
713 	 8.31300987629 	 0.637576179041 	 0.048225739818 
714 	 17.0970239438 	 3.03152200134 	 0.0232858829654 
715 	 7.00869402127 	 0.721084430844 	 0.056487912581 
716 	 8.70635525533 	 0.430407155944 	 0.0490732111019 
717 	 8.36592040046 	 0.666954015164 	 0.0481554716092 
718 	 5.92482849029 	 1.3783884733 	 0.0645797455655 
719 	 5.70758107855 	 0.581676990439 	 0.0698749574269 
720 	 1.15027332718 	 1.04273959743 	 0.409630929793 
721 	 3.36592134584 	 1.29396055095 	 0.113461791374 
722 	 6.36719304867 	 0.690253636076 	 0.0609197536489 
723 	 3.87315294483 	 0.679814979225 	 0.103768767512 
724 	 8.68874112314 	 0.589417399143 	 0.0459510121279 
725 	 39.1895583112 	 0.333824222438 	 0.00987820887995 
726 	 3.24420564489 	 1.89894537155 	 0.114595208726 
727 	 4.35806157993 	 1.07620897788 	 0.0889183542047 
728 	 5.79321301869 	 0.833124274034 	 0.0693692777049 
729 	 5.9335069368 	 1.08320677238 	 0.0664692669498 
730 	 18.0276220749 	 0.0369574663173 	 0.0248953714972 
731 	 2.57890997562 	 1.86161063197 	 0.144768759774 
732 	 8.07869431712 	 1.24813167453 	 0.0491229453387 
733 	 9.13495188201 	 4.42174213416 	 0.0436699326098 
734 	 7.27264513715 	 0.793967947659 	 0.0542487204178 
735 	 6.88442294259 	 0.679186302277 	 0.05583290813 
736 	 27.0894771875 	 0.503586751445 	 0.014344520273 
737 	 11.5708594003 	 0.610009509172 	 0.0299302349829 
738 	 5.12094990251 	 2.31371688282 	 0.0748865966386 
739 	 4.70144769079 	 1.2546078814 	 0.0862926172297 
740 	 6.81604583359 	 0.594076161521 	 0.0581382083698 
741 	 6.02979168212 	 1.25009875195 	 0.0663050216765 
742 	 6.71952240607 	 1.16431896806 	 0.059059503858 
743 	 7.94935725623 	 4.86454109957 	 0.0500789807631 
744 	 17.6589178113 	 2.98751507678 	 0.0224763584616 
745 	 1.68393966813 	 1.84562302532 	 0.248150072932 
746 	 3.572203748 	 1.80278630417 	 0.111547878643 
747 	 4.50742921994 	 1.33819790947 	 0.0869407950326 
748 	 3.89017608489 	 1.68034077941 	 0.104303593814 
749 	 5.25917615173 	 0.416935620974 	 0.0757942933237 
750 	 9.5271439022 	 3.01676562843 	 0.0415571840292 
751 	 6.89176119526 	 1.28035913619 	 0.0572115855092 
752 	 6.29905687073 	 0.550736131094 	 0.0629878146401 
753 	 6.2755840385 	 0.482353402306 	 0.0622443136543 
754 	 12.6392605935 	 2.90863597533 	 0.0311265725207 
755 	 4.65003057386 	 0.601058694876 	 0.0867653925688 
756 	 5.49018991184 	 0.529872103604 	 0.0717627758007 
757 	 6.15796163983 	 0.360206722806 	 0.0637592753029 
758 	 3.61298527995 	 1.29751991389 	 0.108510215329 
759 	 4.25636073171 	 2.20255886796 	 0.0921528009337 
760 	 4.08384263574 	 0.910464181427 	 0.0981779900899 
761 	 6.70749554644 	 0.522197675642 	 0.0579942430987 
762 	 5.51908757891 	 0.711312253014 	 0.0722001872431 
763 	 4.5843136275 	 1.00761359052 	 0.0863117149432 
764 	 4.97218050183 	 0.928901987612 	 0.0808016289123 
765 	 7.20774800151 	 0.988907069527 	 0.0538992873611 
766 	 5.31953181144 	 1.1208778571 	 0.0724830912011 
767 	 10.5326054214 	 0.701296860445 	 0.0385913393056 
768 	 4.27577678128 	 2.26538277824 	 0.08470680155 
769 	 4.79245215386 	 1.56886935838 	 0.0826634012784 
770 	 31.8350105309 	 0.0178229234681 	 0.0183281579793 
771 	 9.64053955625 	 0.725365609913 	 0.0401620205086 
772 	 7.20873488967 	 3.18994205036 	 0.0493203693259 
773 	 6.52872640403 	 1.12785928258 	 0.0599441302827 
774 	 4.25694200122 	 1.07922574005 	 0.0904798150268 
775 	 1.33297936021 	 1.78566130931 	 0.320713704702 
776 	 6.69432391421 	 2.93847400369 	 0.0590364032924 
777 	 5.00336975134 	 1.45635902842 	 0.077937967409 
778 	 5.84970429635 	 1.20025739062 	 0.0680857093893 
779 	 28.6133705203 	 0.0338727315852 	 0.0139260140325 
780 	 6.3580203077 	 1.06392747511 	 0.0620009088228 
781 	 9.18190974277 	 0.156651363293 	 0.0388770042309 
782 	 6.63332594367 	 1.05441947538 	 0.0578234392608 
783 	 5.80092434923 	 0.578659488101 	 0.0683212265394 
784 	 7.36704146218 	 0.933403366943 	 0.054399542269 
785 	 7.01480166286 	 1.27454769079 	 0.0557637966766 
786 	 6.1089723158 	 0.677177784343 	 0.0626739380523 
787 	 5.20477160302 	 4.00277270787 	 0.0765322835303 
788 	 5.6541360839 	 0.771246736384 	 0.0703813408858 
789 	 5.44451979443 	 1.46959970154 	 0.072159493492 
790 	 4.53983285165 	 1.15892094482 	 0.0883756436157 
791 	 6.35740012487 	 0.745861176042 	 0.0620735115841 
792 	 6.5463068096 	 0.650572706953 	 0.0585842778698 
793 	 6.55255409611 	 0.44703086331 	 0.0594375398619 
794 	 5.88269469992 	 0.976970796856 	 0.0637665770034 
795 	 19.0471779314 	 0.379441998571 	 0.0208772640238 
796 	 25.029137454 	 0.523144853748 	 0.0157613628059 
797 	 5.48815035268 	 1.1656594226 	 0.070385242857 
798 	 19.0107163458 	 0.404601714527 	 0.0187474167083 
799 	 3.66082218905 	 1.2001072621 	 0.110832805533 
800 	 15.8157354089 	 0.813438565039 	 0.0249845874398 
801 	 4.00614906011 	 1.6567765826 	 0.0997223452652 
802 	 10.7262574944 	 0.190036312959 	 0.034289335767 
803 	 3.87085646333 	 0.742519938995 	 0.101348775192 
804 	 13.7170424402 	 3.2328479556 	 0.0288611654577 
805 	 6.30588046277 	 1.15794740873 	 0.0582844486377 
806 	 4.83655101009 	 1.36116669928 	 0.0764546923911 
807 	 4.80824926418 	 1.48419536222 	 0.0816762461917 
808 	 5.03480516914 	 1.1745325602 	 0.0783077475422 
809 	 7.53702463649 	 0.520958980975 	 0.0522493173209 
810 	 4.30051934882 	 2.27081179461 	 0.0938098309103 
811 	 5.64767145492 	 1.21922937584 	 0.0708784364998 
812 	 5.48330741029 	 0.619272683829 	 0.0733678139142 
813 	 14.1301832925 	 0.0794472370489 	 0.028585977196 
814 	 5.42347096119 	 0.42275803626 	 0.0724616393443 
815 	 5.64570526923 	 0.383989720579 	 0.0713120301 
816 	 29.6166470512 	 0.573360062194 	 0.013490148163 
817 	 6.36366423745 	 0.644452050899 	 0.0617877780271 
818 	 4.67233263194 	 0.827998618554 	 0.0878995080703 
819 	 7.9662425519 	 0.535368205797 	 0.0487432839183 
820 	 3.52516159784 	 2.55549531229 	 0.113804940537 
821 	 5.28993982365 	 0.723643405202 	 0.073392443306 
822 	 3.62635710818 	 1.7857525081 	 0.111980749659 
823 	 6.7028993739 	 1.04537438326 	 0.0585313582558 
824 	 5.29387434593 	 1.20795559763 	 0.0746034132103 
825 	 5.78711344432 	 1.01964893112 	 0.0678081041348 
826 	 4.21715218409 	 1.13485160412 	 0.080675159034 
827 	 4.65702511842 	 0.928919603499 	 0.0853995325703 
828 	 5.42001962132 	 1.06300453506 	 0.0730492254078 
829 	 9.24178429793 	 2.75663673624 	 0.0431424575928 
830 	 7.55039399466 	 0.334940631522 	 0.0526801706654 
831 	 19.8112013638 	 0.0388988941686 	 0.0214667635219 
832 	 5.18022599614 	 1.12805050451 	 0.076620450151 
833 	 5.86163763281 	 1.12170327871 	 0.067157966103 
834 	 7.60146645374 	 0.631784593798 	 0.0519811568386 
835 	 6.49273129128 	 0.425324448375 	 0.0605686243661 
836 	 7.66448165555 	 0.72809329247 	 0.0498827034882 
837 	 15.2747246232 	 3.63727108275 	 0.0260451619629 
838 	 13.4132559283 	 0.0778837163746 	 0.0286164406759 
839 	 5.0123532587 	 0.17606153681 	 0.0740952821468 
840 	 4.957473485 	 0.968692217353 	 0.0773638934052 
841 	 6.00294392398 	 0.73137187915 	 0.0649445187423 
842 	 6.26011222426 	 0.767181347719 	 0.0632315713083 
843 	 4.6660584596 	 1.2060929882 	 0.0849147407339 
844 	 3.82751020611 	 1.04826364687 	 0.102744204679 
845 	 6.41881131566 	 0.717028151869 	 0.0603597726547 
846 	 9.9339633629 	 0.713278261043 	 0.0396209626906 
847 	 6.08841829448 	 0.649117155098 	 0.0635907125987 
848 	 5.33681805139 	 1.42401710484 	 0.0734369756536 
849 	 12.6863788082 	 0.0453535476457 	 0.0364526309063 
850 	 5.72454683217 	 0.940659134884 	 0.0699348522866 
851 	 5.10000189806 	 0.396408692695 	 0.0791003366033 
852 	 7.56558854576 	 0.414790190865 	 0.0536334667997 
853 	 4.20837995262 	 2.04225801615 	 0.0912495548608 
854 	 5.77354835993 	 0.370256958195 	 0.0696876211095 
855 	 4.75530584489 	 1.18093131053 	 0.0817628384821 
856 	 14.8045706232 	 0.069738215224 	 0.027260039947 
857 	 11.5584347464 	 0.164906316714 	 0.0325599778749 
858 	 2.87349311574 	 2.09895115216 	 0.136743881616 
859 	 6.81340005503 	 0.530137851098 	 0.0576328264142 
860 	 8.15666893715 	 0.174280945188 	 0.0400170948451 
861 	 5.06621253595 	 1.40802540809 	 0.070492230322 
862 	 5.54218734167 	 0.789566966702 	 0.0726701012726 
863 	 4.90499553666 	 0.645696337831 	 0.0810913776611 
864 	 8.16094825234 	 0.448627061135 	 0.047419613965 
865 	 5.63601305254 	 0.942049672063 	 0.0677632314825 
866 	 8.35538215851 	 1.16762694854 	 0.047623121792 
867 	 5.9417815721 	 1.0148016753 	 0.0642358554815 
868 	 6.81749493088 	 2.29662060879 	 0.0562505302937 
869 	 6.23744258709 	 0.640938811578 	 0.0631284038426 
870 	 7.08514117925 	 0.459281470629 	 0.055884461157 
871 	 4.89100588087 	 0.734038207028 	 0.0670665464106 
872 	 5.79062952224 	 0.981379061619 	 0.0696546778347 
873 	 3.18523421373 	 0.894113207518 	 0.127001485837 
874 	 6.14655582866 	 0.647066697764 	 0.0636803079273 
875 	 4.82000128176 	 0.661843142977 	 0.0811915693975 
876 	 12.8021560225 	 0.103355603754 	 0.0308420084377 
877 	 8.01686943322 	 0.959007391919 	 0.0478750769852 
878 	 5.42495913509 	 0.584408773077 	 0.0743211328885 
879 	 7.12237075741 	 0.600167278502 	 0.055126350545 
880 	 4.17640009383 	 1.49410781155 	 0.0951142716585 
881 	 11.0478097714 	 3.47243868865 	 0.0360518200437 
882 	 22.4628050554 	 0.369102829312 	 0.0177909314259 
883 	 6.2730686695 	 0.449266022477 	 0.0613518242113 
884 	 6.81323221467 	 0.167215582738 	 0.0370724311382 
885 	 10.6860962767 	 0.13912321976 	 0.036209662712 
886 	 5.07915527367 	 0.408544008614 	 0.0800303181134 
887 	 2.70697145528 	 5.02850953713 	 0.148880870963 
888 	 4.08043510712 	 1.53065472977 	 0.0976410276473 
889 	 4.67618913809 	 1.07561257237 	 0.0805784517435 
890 	 6.52705584865 	 2.29740719001 	 0.058040169751 
891 	 4.65945617048 	 1.14130502887 	 0.0797510401361 
892 	 7.95208075248 	 0.47219152223 	 0.0529422323368 
893 	 3.18474838488 	 1.93222070937 	 0.121266112193 
894 	 11.1905948944 	 0.613381604446 	 0.0355104506156 
895 	 6.3479595428 	 0.879368689252 	 0.062082509247 
896 	 7.5110877088 	 1.11378762493 	 0.0522157842443 
897 	 3.95288353266 	 0.404795178575 	 0.0986084300045 
898 	 5.79000992405 	 0.825055502821 	 0.0691370526717 
899 	 31.3491182494 	 3.12179621848 	 0.0141461063258 
900 	 5.55390184458 	 1.01881407908 	 0.0702905493917 
901 	 5.07612340608 	 0.545003705691 	 0.0786978323476 
902 	 7.32648027888 	 0.67565163548 	 0.052905097323 
903 	 4.35385536855 	 3.98808410183 	 0.0914373176322 
904 	 5.27388290029 	 1.03082633603 	 0.0749162007879 
905 	 5.49205743795 	 0.693058498092 	 0.0698371640419 
906 	 12.0060807769 	 0.118587011968 	 0.032847205194 
907 	 5.17151637396 	 1.13359439286 	 0.07754654702 
908 	 6.04972529461 	 0.722014736895 	 0.0642621562476 
909 	 7.92310292369 	 2.82863596417 	 0.0490067298021 
910 	 6.56610285897 	 0.870239352308 	 0.0601949315231 
911 	 4.39023146163 	 2.36489715183 	 0.0902986578748 
912 	 4.79665115276 	 1.19930411273 	 0.0845211789592 
913 	 4.19712417291 	 2.14273887461 	 0.0912614431463 
914 	 6.35298868171 	 0.298731206161 	 0.0638087476342 
915 	 5.54484484081 	 0.739406250196 	 0.0705969912976 
916 	 4.69634742549 	 1.18535077118 	 0.0857770171975 
917 	 4.73969333817 	 0.428654383648 	 0.0843659057233 
918 	 6.1262481911 	 0.663190641577 	 0.0635343076874 
919 	 4.58834846348 	 1.5142789619 	 0.086296696474 
920 	 4.74521193318 	 1.04119851397 	 0.0837244679206 
921 	 3.48393790981 	 2.77060891135 	 0.0912416754648 
922 	 16.3003268299 	 3.23437181916 	 0.0242781471598 
923 	 6.39812597472 	 0.642868336115 	 0.0612952172402 
924 	 6.35303869136 	 0.806105660446 	 0.0622948029944 
925 	 3.71887009622 	 1.1872844303 	 0.110603761442 
926 	 5.6000250774 	 0.929079285771 	 0.0711473503649 
927 	 5.90650436998 	 0.720320269927 	 0.0654521494971 
928 	 4.85988023185 	 1.03188347756 	 0.0824230739205 
929 	 5.10465627565 	 0.535511591063 	 0.077449413469 
930 	 6.16006272225 	 0.940201793391 	 0.0633619690273 
931 	 4.75196184409 	 1.03373245683 	 0.0832259830808 
932 	 6.9310161304 	 0.686255068137 	 0.0561868049242 
933 	 9.35464117181 	 0.392875679751 	 0.0425811927474 
934 	 6.30187413262 	 0.488809002625 	 0.0614822151044 
935 	 6.37345662473 	 1.08588483671 	 0.0626731763046 
936 	 4.94567435668 	 0.419842292487 	 0.0772888584219 
937 	 8.71125307727 	 0.0740415512279 	 0.0500956338375 
938 	 5.81081444111 	 0.457889375858 	 0.0662301442977 
939 	 6.22041185707 	 0.566212077589 	 0.0637954984053 
940 	 5.50443286594 	 0.92253017298 	 0.0726357551063 
941 	 6.31725401996 	 0.655552010827 	 0.0614129874596 
942 	 25.1389720873 	 3.15509217895 	 0.0141927134975 
943 	 5.78781682513 	 0.384470309406 	 0.069485216471 
944 	 4.73473472388 	 1.02515005587 	 0.0828375588165 
945 	 11.5863757845 	 0.73051297793 	 0.0322942095372 
946 	 8.63817665525 	 2.76023594537 	 0.045233195296 
947 	 2.80823664532 	 2.45353628634 	 0.145574515887 
948 	 4.03812314375 	 1.23616845473 	 0.0996337249639 
949 	 5.69687545428 	 0.682279813694 	 0.0680344927057 
950 	 4.96247052972 	 0.444996053787 	 0.0772193016089 
951 	 7.61498594114 	 0.745631176047 	 0.0513906345015 
952 	 23.0783601975 	 0.391912639127 	 0.0155802943624 
953 	 8.30395529069 	 3.12964264365 	 0.0482152009028 
954 	 7.35763522322 	 0.418751268666 	 0.0552308361578 
955 	 3.8959451058 	 1.52134804751 	 0.100927003467 
956 	 3.8226795704 	 1.7849717919 	 0.104406787884 
957 	 12.5765489825 	 0.648383076689 	 0.0314265056061 
958 	 5.45987218156 	 0.575080329108 	 0.0738534966515 
959 	 5.02731902081 	 0.879029217988 	 0.0800147439785 
960 	 8.16395172068 	 0.691324645924 	 0.0477661047071 
961 	 4.64823506011 	 0.872436222849 	 0.0862697087112 
962 	 2.37595309385 	 0.848514843091 	 0.172006124837 
963 	 5.63006567937 	 0.792472894406 	 0.0710086899313 
964 	 3.44013866325 	 2.3526485957 	 0.115491671861 
965 	 3.58938194971 	 2.29279441615 	 0.11299226265 
966 	 4.96779009655 	 1.47797113911 	 0.0787431229817 
967 	 5.2070994813 	 0.837030870277 	 0.0773501550734 
968 	 8.22531022254 	 0.199364100421 	 0.0417912855276 
969 	 10.7664650741 	 0.0823946560161 	 0.0290686438156 
970 	 4.01201742989 	 2.0801762095 	 0.0899216630278 
971 	 9.83029750069 	 0.103232035743 	 0.0388630547425 
972 	 45.1114550868 	 0.494506145764 	 0.00875638447935 
973 	 7.83774574442 	 0.657624848258 	 0.0510872395461 
974 	 8.39983330564 	 0.682727915171 	 0.0455205116258 
975 	 4.35114213627 	 3.54073767475 	 0.0913822091219 
976 	 4.21226461031 	 1.65926626409 	 0.0887540863216 
977 	 5.87264613109 	 3.48663805764 	 0.0680697234866 
978 	 8.45295180046 	 2.73087656383 	 0.0465752633128 
979 	 4.77469388496 	 0.944326937334 	 0.0827346692751 
980 	 3.18776839256 	 1.9380398467 	 0.127768928287 
981 	 6.99244903254 	 0.522718627198 	 0.0561429260208 
982 	 7.68172569381 	 0.0215268590952 	 0.0850505278278 
983 	 28.3316411634 	 0.581055193894 	 0.0143258316954 
984 	 7.11042800061 	 0.232871887671 	 0.0530357734901 
985 	 5.94126007176 	 0.879574951086 	 0.0667153213154 
986 	 1.46496117873 	 1.58365799056 	 0.267755324751 
987 	 4.14927677614 	 1.77737787732 	 0.0962092158551 
988 	 5.23784291094 	 3.54276085985 	 0.0760877834842 
989 	 7.32100475456 	 0.528484127555 	 0.0536712201479 
990 	 7.00797905162 	 1.18649959197 	 0.0542965013206 
991 	 7.00797905162 	 1.18649959197 	 0.0542965013206 
992 	 6.09987683171 	 1.20582941362 	 0.064429007949 
993 	 5.74058410644 	 0.548922993249 	 0.0695576963612 
994 	 5.940598906 	 1.05189713752 	 0.0657946715338 
995 	 7.4066457081 	 3.65043705132 	 0.0539289101322 
996 	 11.6420978357 	 2.81950563176 	 0.0342693081161 
997 	 4.62132988906 	 3.97076252039 	 0.0865173214563 
998 	 2.06460604021 	 1.00943336098 	 0.203809026806 
999 	 5.73975638941 	 1.60513796061 	 0.0671765173645 
1000 	 5.05401469278 	 1.16797919778 	 0.0771515292697 
1001 	 4.67605534611 	 1.169708271 	 0.0838805587049 
1002 	 9.98370924324 	 0.850238041928 	 0.0385111797744 
1003 	 4.87744109656 	 0.977834664989 	 0.0816591909406 
1004 	 4.43975167247 	 0.298216315414 	 0.0928484643593 
1005 	 6.18327571285 	 0.703505067042 	 0.0618348232382 
1006 	 10.3256064026 	 0.143582233023 	 0.0357461668421 
1007 	 3.27911033733 	 1.11472185782 	 0.121513330825 
1008 	 6.68282062093 	 1.19533292039 	 0.0581965995423 
1009 	 12.3239104561 	 0.119151027813 	 0.0319115748842 
1010 	 5.22057600399 	 1.20904618406 	 0.0764008869939 
1011 	 21.2166593523 	 0.129323847469 	 0.0129820144982 
1012 	 5.56904274105 	 0.481374603726 	 0.0683416859288 
1013 	 28.7456910686 	 0.371247362539 	 0.013811768766 
1014 	 4.85243653176 	 0.931703508604 	 0.0814974586473 
1015 	 11.0665205866 	 0.487262780582 	 0.0371616352483 
1016 	 9.58537194257 	 0.136042908373 	 0.0366572055514 
1017 	 8.58001532603 	 0.85908682186 	 0.0461119081283 
1018 	 4.58731601419 	 0.350575664057 	 0.0879541030209 
1019 	 5.57109955152 	 1.09378500473 	 0.0700970221081 
1020 	 6.33104542261 	 1.12252885701 	 0.0624983933867 
1021 	 5.17445778511 	 1.02961473604 	 0.075594416274 
1022 	 7.82455939528 	 0.443408422049 	 0.0526059909831 
1023 	 6.8095529103 	 0.700821341355 	 0.0567172939205 
1024 	 8.58359709222 	 0.69630926819 	 0.0460018586335 
1025 	 6.39093846631 	 0.604322944135 	 0.0618911644547 
1026 	 5.62164188197 	 0.447670926261 	 0.0687425836825 
1027 	 7.88653358292 	 0.602820025688 	 0.051253390238 
1028 	 23.1792020449 	 0.600870484059 	 0.0166005553288 
1029 	 5.66876249987 	 0.471043129378 	 0.0692211410703 
1030 	 3.48599027975 	 2.61454588972 	 0.11400373286 
1031 	 13.4021060104 	 0.49998664373 	 0.0307095825115 
1032 	 6.45114918608 	 0.754355748544 	 0.0609292654093 
1033 	 4.61253647964 	 1.17843224401 	 0.0865271630824 
1034 	 5.77521812089 	 1.09755410684 	 0.0664588066594 
1035 	 5.04120235144 	 1.56528509052 	 0.0769261844095 
1036 	 6.24595134816 	 1.68098062538 	 0.0613100732145 
1037 	 4.98730285456 	 3.48445518318 	 0.0792714440743 
1038 	 8.0271681306 	 2.82881926599 	 0.0486308943539 
1039 	 12.169295834 	 0.126335850498 	 0.03215762051 
1040 	 7.11118118931 	 0.697642710052 	 0.0552435732926 
1041 	 4.8839581128 	 1.08223951962 	 0.0808730292769 
1042 	 6.96528293672 	 0.676072637768 	 0.0570027455046 
1043 	 18.0040406389 	 0.47814629621 	 0.0206253501134 
1044 	 4.37303527278 	 0.698183630525 	 0.0888392723711 
1045 	 7.49383190359 	 0.515614825228 	 0.0511231503125 
1046 	 6.574947424 	 1.14550860329 	 0.059310768272 
1047 	 14.7203583217 	 0.184594048616 	 0.0259535861441 
1048 	 5.91735421597 	 1.06813390641 	 0.0661547887354 
1049 	 5.58339104581 	 0.35069825162 	 0.0716264121623 
1050 	 13.7478135492 	 0.0726138996303 	 0.0290015630748 
1051 	 4.65321998777 	 1.51712079793 	 0.0855670576698 
1052 	 7.40170052972 	 0.605270048834 	 0.0539318281586 
1053 	 5.91828506128 	 0.639704198633 	 0.0671188596663 
1054 	 5.57042606973 	 0.413083131999 	 0.0716716523734 
1055 	 5.07412913028 	 0.900238437178 	 0.0790029734894 
1056 	 7.50599173353 	 3.44591804446 	 0.0512406236291 
1057 	 5.64952752414 	 0.546672444232 	 0.0711166048284 
1058 	 3.99053759209 	 0.999389543799 	 0.100083536642 
1059 	 33.23697309 	 0.394896176666 	 0.0115261446768 
1060 	 28.0001487115 	 0.634315310323 	 0.0141979485522 
1061 	 6.4707689803 	 1.41380741449 	 0.0542117135024 
1062 	 2.6265098924 	 2.3915323043 	 0.156473673412 
1063 	 6.41189748353 	 0.554492632819 	 0.0615478253486 
1064 	 6.17586386588 	 1.23467268881 	 0.0645639651277 
1065 	 2.89661940568 	 2.40301003683 	 0.14204842212 
1066 	 6.23329964567 	 2.8095412437 	 0.0624539093973 
1067 	 6.49704525854 	 0.762998011767 	 0.0619804925117 
1068 	 5.02616843889 	 1.28039727381 	 0.0771336937596 
1069 	 5.75461503391 	 1.21569877552 	 0.0628670456036 
1070 	 6.55371651969 	 0.497146777011 	 0.0597613567997 
1071 	 11.4274334377 	 1.2616777613 	 0.0323623743885 
1072 	 6.3451086624 	 3.67097246535 	 0.0627365001326 
1073 	 8.79698418925 	 0.145755776227 	 0.0375012534281 
1074 	 3.87263779934 	 2.40023362161 	 0.101333643665 
1075 	 4.65758018732 	 1.23596210023 	 0.0841933600811 
1076 	 5.89494550758 	 0.599443920572 	 0.0673408037669 
1077 	 9.17385564892 	 0.437149177804 	 0.0453199957259 
1078 	 11.1570337758 	 0.112572251991 	 0.0354418611353 
1079 	 13.3662463809 	 0.084565980774 	 0.0301353271093 
1080 	 21.110193506 	 3.24450226757 	 0.0190679173407 
1081 	 7.29498834153 	 2.7226667748 	 0.0529701758551 
1082 	 4.09740827087 	 1.54287653629 	 0.0966338303131 
1083 	 7.79985783396 	 1.26619275028 	 0.0504125221267 
1084 	 5.73977311626 	 2.59215432408 	 0.0666036401836 
1085 	 5.99361083411 	 0.566180152011 	 0.0663916702948 
1086 	 6.09624619095 	 0.456671820633 	 0.0632960822795 
1087 	 10.1686669543 	 0.0955164161777 	 0.0394105568399 
1088 	 9.68409672051 	 0.523685585111 	 0.0416763204068 
1089 	 5.77375790943 	 0.664334565346 	 0.0674789527247 
1090 	 5.45858702137 	 0.653012091262 	 0.0734860598509 
1091 	 5.40849496231 	 1.58504962984 	 0.0718810935593 
1092 	 7.17866051975 	 0.979344587296 	 0.0543677727494 
1093 	 38.7256589106 	 0.869801575921 	 0.0102175301306 
1094 	 13.2206491479 	 0.985451573292 	 0.0297311274351 
1095 	 6.1885944381 	 0.493416102938 	 0.063471237914 
1096 	 7.08736664021 	 0.703763296315 	 0.0547892713651 
1097 	 2.92136084224 	 0.894416285933 	 0.136325646039 
1098 	 5.27104260931 	 1.13316520795 	 0.0748335596438 
1099 	 4.8143749335 	 1.49315179861 	 0.0839304610654 
1100 	 17.4076055194 	 0.368882035964 	 0.0234594448368 
1101 	 1.18753142959 	 1.77888288894 	 0.900915131899 
1102 	 6.40763844016 	 0.725976762961 	 0.0597545573293 
1103 	 7.36117985158 	 0.19174975419 	 0.0453777659522 
1104 	 4.16398284929 	 1.2509030214 	 0.0921297377893 
1105 	 4.30939120088 	 1.15262785754 	 0.073574476231 
1106 	 0.106334947618 	 0.989294669691 	 0.00503478719802 
1107 	 6.00208196954 	 1.04093273136 	 0.0639715535623 
1108 	 6.92019468889 	 0.99354750109 	 0.0528598688265 
1109 	 4.66044920882 	 1.10802078126 	 0.0848125468908 
1110 	 6.96448587708 	 0.713085983198 	 0.0554895728986 
1111 	 5.14904721434 	 0.37025399168 	 0.0779329158826 
1112 	 7.32701702062 	 0.652035043457 	 0.0533521624901 
1113 	 4.98217778766 	 0.923151593513 	 0.080094262069 
1114 	 4.22983334961 	 2.27822068976 	 0.0942492084412 
1115 	 4.69020766406 	 1.41627650271 	 0.0774018190209 
1116 	 18.0020785835 	 0.685615542396 	 0.0220719280197 
1117 	 7.02363711105 	 0.594246054827 	 0.0564663827556 
1118 	 10.9887825741 	 0.132254617194 	 0.034152230206 
1119 	 4.30177574612 	 1.25365199092 	 0.0946286292577 
1120 	 6.27647689316 	 1.18565011704 	 0.0613253145565 
1121 	 5.94902918712 	 0.345741231556 	 0.0675976434085 
1122 	 5.03922716103 	 0.751729275594 	 0.0789480076976 
1123 	 2.69825730167 	 1.04119096913 	 0.151044716688 
1124 	 4.84760965684 	 0.931814563459 	 0.0827809902386 
1125 	 32.1845724119 	 0.0249682783257 	 0.0138887746613 
1126 	 4.58669732232 	 1.00782955666 	 0.0872170320241 
1127 	 5.49938218546 	 1.08502257371 	 0.0716840909641 
1128 	 3.48792537854 	 2.20861854424 	 0.111112742868 
1129 	 5.2285498916 	 1.51482439894 	 0.0757552334045 
1130 	 4.82755715744 	 1.63390880459 	 0.0727430513386 
1131 	 53.2357398428 	 0.0175155237542 	 0.00949553799539 
1132 	 53.2357398428 	 0.0175155237542 	 0.00949553799539 
1133 	 6.53334486048 	 4.79229526532 	 0.0605608409952 
1134 	 4.44686290777 	 0.644041450904 	 0.0895811623457 
1135 	 2.20072895856 	 0.756205268158 	 0.153341805493 
1136 	 7.07378886308 	 0.617772283803 	 0.0563495422905 
1137 	 6.42658871559 	 0.563355153332 	 0.0618513784777 
1138 	 5.41620338989 	 0.321830972722 	 0.0755394362338 
1139 	 6.7861900043 	 0.607396646165 	 0.0588248714526 
1140 	 9.76046076854 	 0.475641696223 	 0.0341513844795 
1141 	 11.3349539157 	 0.100692093084 	 0.0351993953667 
1142 	 6.62468820989 	 2.91079413798 	 0.0595585452024 
1143 	 7.38839465775 	 0.905039503646 	 0.0525258184183 
1144 	 5.46551026639 	 0.380513180745 	 0.075111269867 
1145 	 6.93842234612 	 0.689862983201 	 0.0548280450121 
1146 	 5.81986928177 	 0.456490778766 	 0.065418120252 
1147 	 3.83847128085 	 2.12731430032 	 0.0969029423695 
1148 	 5.41679152016 	 3.60922542833 	 0.0740496368667 
1149 	 7.5815164682 	 0.526423815589 	 0.0515850336392 
1150 	 11.0370067656 	 0.529528672634 	 0.037014732218 
1151 	 5.35264906666 	 0.855936243212 	 0.0749464139836 
1152 	 7.14848806052 	 0.934388261672 	 0.0555224754067 
1153 	 5.70921541205 	 1.53655955181 	 0.0685361087996 
1154 	 24.3796091744 	 3.10287209848 	 0.0147779695171 
1155 	 4.80752631769 	 0.407598660924 	 0.0860338068666 
1156 	 5.97762604643 	 1.16429683409 	 0.0653339481324 
1157 	 4.46839540321 	 1.04017394626 	 0.089431581187 
1158 	 6.59558404536 	 0.451636391556 	 0.0614636286969 
1159 	 22.9813629625 	 0.548599793571 	 0.0174391968163 
1160 	 2.14769754813 	 1.17238051027 	 0.196582108593 
1161 	 1.79325035082 	 2.66145539797 	 0.25113235958 
1162 	 4.50835577678 	 1.18082799923 	 0.0806507733225 
1163 	 4.73106925924 	 0.901189951997 	 0.0849017576452 
1164 	 4.34841372334 	 2.261618678 	 0.0900375729257 
1165 	 5.41370112048 	 0.577073680167 	 0.074273550223 
1166 	 5.81053707213 	 0.965254345653 	 0.0679365187408 
1167 	 6.66066870017 	 1.52824428059 	 0.060013802582 
1168 	 5.93406022964 	 0.83705144415 	 0.0677566144808 
1169 	 5.84716232962 	 0.70042090565 	 0.0660162188871 
1170 	 7.16235266626 	 1.05804409069 	 0.0524160818848 
1171 	 6.69813305762 	 0.678875051693 	 0.0580901062226 
1172 	 10.8458302309 	 0.129309435916 	 0.0360510628523 
1173 	 5.84859310344 	 0.50431628326 	 0.0673239690783 
1174 	 6.78014819748 	 0.596606750747 	 0.0583187830631 
1175 	 5.4729079903 	 0.458387409906 	 0.0702548878713 
1176 	 5.21499937037 	 1.51625761454 	 0.0761840410715 
1177 	 4.58936262159 	 2.25662767528 	 0.0864935306549 
1178 	 8.47363901795 	 0.756109792004 	 0.0469933854637 
1179 	 5.80587984461 	 0.892498785489 	 0.0684704647113 
1180 	 7.27808759512 	 0.200350762822 	 0.0458705145252 
1181 	 5.69069378399 	 0.728566893367 	 0.0688351928175 
1182 	 3.61107140638 	 2.02163899326 	 0.104907019735 
1183 	 5.81142145518 	 0.470094624531 	 0.0673904979349 
1184 	 13.2526897626 	 0.103151051133 	 0.0300051223555 
1185 	 5.1648169245 	 0.405198377842 	 0.0766543533075 
1186 	 4.23599519234 	 1.03708785071 	 0.09239558289 
1187 	 6.31627735072 	 3.71342125109 	 0.0632472148398 
1188 	 6.52598299873 	 0.605675559535 	 0.0608218788871 
1189 	 3.20376768582 	 1.79988872857 	 0.130564960577 
1190 	 5.5018437771 	 0.174142095175 	 0.0718149780221 
1191 	 5.08397544102 	 0.919513610812 	 0.077596647437 
1192 	 5.58755603811 	 1.17780047394 	 0.07108172159 
1193 	 6.45094231923 	 0.756913778414 	 0.0601486831986 
1194 	 6.78912501209 	 0.634326398145 	 0.0582557105116 
1195 	 7.62151965503 	 0.75316224562 	 0.0506181545241 
1196 	 21.9732603918 	 0.212532316147 	 0.0179712093289 
1197 	 1.25317355093 	 2.34456802254 	 0.216341541521 
1198 	 33.8761428294 	 0.399659358317 	 0.0116286978318 
1199 	 27.3840379256 	 0.544488718528 	 0.0144086648848 
1200 	 5.02252443048 	 0.754927650538 	 0.0767180089633 
1201 	 4.43098684499 	 0.380617723008 	 0.0918940352411 
1202 	 5.22629451345 	 0.559754019521 	 0.0767277941693 
1203 	 5.22629451345 	 0.559754019521 	 0.0767277941693 
1204 	 3.98571505416 	 1.00301998192 	 0.0679221730331 
1205 	 5.50996154073 	 0.373162339032 	 0.0721879003999 
1206 	 2.70299506262 	 1.24284147732 	 0.13640558515 
1207 	 4.12336975026 	 0.303906921709 	 0.101267662134 
1208 	 7.91444980885 	 0.625160452381 	 0.0510156433971 
1209 	 5.63877350925 	 0.403314417797 	 0.0663527195588 
1210 	 5.01013409539 	 1.40490513981 	 0.0795809571113 
1211 	 6.25329665364 	 0.990470687356 	 0.0639176449899 
1212 	 11.088638386 	 3.34824068041 	 0.0361469306218 
1213 	 2.37835217222 	 1.29316620944 	 0.173149928077 
1214 	 7.15750710193 	 1.21740250362 	 0.0545748326191 
1215 	 6.71526145507 	 0.722823932344 	 0.0582911180119 
1216 	 4.44848245972 	 0.430719419558 	 0.0875208994452 
1217 	 6.22104707615 	 0.65236363452 	 0.063883898756 
1218 	 10.1193997054 	 0.773469811761 	 0.0385851396778 
1219 	 16.5530806797 	 0.0242534487757 	 0.0301118029022 
1220 	 5.04575342414 	 0.360610176939 	 0.0806573922978 
1221 	 6.15220973338 	 0.729879208581 	 0.0620645616924 
1222 	 5.74067697916 	 0.477694261185 	 0.0681540215373 
1223 	 3.33160848167 	 1.69504238792 	 0.120682937247 
1224 	 3.04568254299 	 0.812725732369 	 0.130190354125 
1225 	 10.9477553922 	 0.963147447854 	 0.0352094213158 
1226 	 6.34971116268 	 0.662553269107 	 0.0621461035311 
1227 	 5.30800021368 	 1.02320957357 	 0.0714470285051 
1228 	 43.3106092467 	 0.378718369124 	 0.00869239378873 
1229 	 5.19920155333 	 1.03632375054 	 0.0761411993308 
1230 	 7.70971261427 	 0.916772941522 	 0.0521948693595 
1231 	 6.90828640275 	 0.460466820879 	 0.0560589665106 
1232 	 6.97763633344 	 0.600169449296 	 0.0559254837542 
1233 	 6.3603978288 	 0.630926663616 	 0.0638477754842 
1234 	 6.00056572311 	 0.238738296491 	 0.0644336971337 
1235 	 4.92531517753 	 0.890753949887 	 0.0817141109617 
1236 	 6.33687117977 	 0.200183232075 	 0.0462722747711 
1237 	 7.92861179756 	 0.718405030588 	 0.0512574027686 
1238 	 6.4091056616 	 0.740028368772 	 0.0598406341076 
1239 	 3.8069555824 	 0.210645765806 	 0.111369190198 
1240 	 4.3919265025 	 0.320415656251 	 0.0947197191803 
1241 	 11.7502031283 	 0.344713753613 	 0.0337844537168 
1242 	 5.22908614997 	 0.888406598415 	 0.077105103048 
1243 	 13.5291090675 	 0.686263995149 	 0.0294688858664 
1244 	 25.5877267985 	 0.517112514922 	 0.0154025695205 
1245 	 10.0415641692 	 0.320419997108 	 0.0386914237373 
1246 	 6.59410563894 	 0.998933569596 	 0.0599143072088 
1247 	 5.88333408082 	 1.05101854531 	 0.0680802824941 
1248 	 39.332115634 	 0.396839723606 	 0.0101034099719 
1249 	 42.2404716914 	 0.537476081434 	 0.00939515762652 
1250 	 7.10718466555 	 0.249581384194 	 0.0526385687937 
1251 	 6.67410262026 	 0.729528294424 	 0.0577047936138 
1252 	 6.74548611212 	 5.38909375307 	 0.0588123805047 
1253 	 6.04954606359 	 1.16307149233 	 0.063148506749 
1254 	 14.8686850967 	 0.673227209115 	 0.0267581575052 
1255 	 5.70947678485 	 0.784960253662 	 0.0697875434349 
1256 	 5.04635302387 	 1.08292001907 	 0.0772401873802 
1257 	 4.85400258625 	 2.09295861482 	 0.0778850821819 
1258 	 6.3488503348 	 0.682522014008 	 0.0607049297169 
1259 	 3.75222238246 	 2.57595856813 	 0.106874766267 
1260 	 7.5955385273 	 0.891136957114 	 0.0520579456133 
1261 	 6.27995284862 	 0.670218106053 	 0.0611994586292 
1262 	 11.16949194 	 0.634722572784 	 0.0338540383121 
1263 	 5.77891707644 	 0.664030410486 	 0.0675342275857 
1264 	 5.70187065219 	 0.835342870145 	 0.0703291636037 
1265 	 13.2705387002 	 2.95904166755 	 0.0301407669699 
1266 	 3.51609430876 	 1.08576769704 	 0.10846547465 
1267 	 8.17150400851 	 0.978715171714 	 0.0485253464004 
1268 	 6.45046026376 	 0.96878548477 	 0.0617420813711 
1269 	 5.43500608091 	 4.79882209445 	 0.0724531843504 
1270 	 5.48267540895 	 0.524880906314 	 0.072331640741 
1271 	 14.6320692378 	 0.659129362585 	 0.0270813800829 
1272 	 5.16877182574 	 1.01381585864 	 0.0746933194508 
1273 	 4.7111411347 	 0.727510115566 	 0.0801185864609 
1274 	 3.77799411102 	 1.31759824248 	 0.102561737927 
1275 	 33.7520778292 	 0.422596889809 	 0.0115249905161 
1276 	 6.5326523974 	 0.469544959861 	 0.0595893010352 
1277 	 6.62862554293 	 0.964861471876 	 0.0601044976308 
1278 	 6.86300807183 	 2.7513165709 	 0.0577401144456 
1279 	 4.47454776644 	 1.44260488772 	 0.0840735881694 
1280 	 9.73703790025 	 0.487918702009 	 0.0419764217226 
1281 	 2.79819983089 	 0.301032821637 	 0.108708463049 
1282 	 5.56426705641 	 1.4215986559 	 0.068739774371 
1283 	 4.7013409611 	 0.800558765635 	 0.0859701314047 
1284 	 5.78653379363 	 0.406796468947 	 0.0682612495178 
1285 	 4.64023009469 	 0.364923744258 	 0.09078736786 
1286 	 5.95666356536 	 0.171866138181 	 0.0582693252626 
1287 	 7.03836796884 	 0.668641923686 	 0.057135047985 
1288 	 4.93819677111 	 0.381695881303 	 0.0818639149569 
1289 	 12.9952571559 	 0.080763234347 	 0.0305155941589 
1290 	 4.54815561788 	 1.21823914214 	 0.0849591246392 
1291 	 5.22327218655 	 0.414167116142 	 0.0763451860416 
1292 	 3.85764408274 	 0.828140572218 	 0.106820968134 
1293 	 5.05566587986 	 0.876626098101 	 0.0798528074855 
1294 	 4.29600996702 	 0.999759004606 	 0.0866592931609 
1295 	 6.82218852705 	 0.174194213409 	 0.0481319060168 
1296 	 4.63191159665 	 2.29114723853 	 0.0845651424331 
1297 	 7.00962202779 	 0.636867415324 	 0.0561085241804 
1298 	 4.1224642341 	 2.27663033211 	 0.0973178538803 
1299 	 3.84727620411 	 0.818379565663 	 0.105399734629 
1300 	 9.05827895846 	 0.742949478927 	 0.0441001513713 
1301 	 5.32869284203 	 0.897941376847 	 0.0745590914628 
1302 	 8.09920162177 	 3.6630947885 	 0.048990365844 
1303 	 5.9066283005 	 0.482015451383 	 0.0663439745711 
1304 	 3.4605672431 	 2.3919345981 	 0.0959107030585 
1305 	 4.53738669962 	 0.658622339823 	 0.0882808260712 
1306 	 5.11418636823 	 1.01992006845 	 0.077225017434 
1307 	 5.57405758173 	 1.4330419865 	 0.0703577431592 
1308 	 6.31396702459 	 0.540417418279 	 0.0614344978754 
1309 	 6.20942556336 	 1.58689269501 	 0.0614218302119 
1310 	 19.8376001788 	 3.19413904397 	 0.019627135248 
1311 	 6.38167441644 	 0.59430350925 	 0.0620512166134 
1312 	 5.2936177758 	 0.952831675897 	 0.0753332681004 
1313 	 6.16157938809 	 0.580314516978 	 0.0642414470345 
1314 	 5.26790418779 	 0.41498476087 	 0.0753607193183 
1315 	 7.10400018309 	 3.56135481588 	 0.0565861823448 
1316 	 5.4365782123 	 0.646041324232 	 0.0731686440491 
1317 	 6.13160847208 	 0.343898154724 	 0.0657542758084 
1318 	 6.1019507207 	 4.59556361486 	 0.0616397710087 
1319 	 6.03506174567 	 0.673433765664 	 0.0674682979667 
1320 	 5.71293154783 	 0.566210061369 	 0.0695359940968 
1321 	 5.97445619055 	 1.41050270406 	 0.0661152067481 
1322 	 7.83016535938 	 0.425899488233 	 0.0519444413401 
1323 	 4.77615679408 	 1.12746304646 	 0.0823394017847 
1324 	 6.81229962475 	 0.71050013436 	 0.0572246921687 
1325 	 4.60387418368 	 1.68734014687 	 0.0789783272197 
1326 	 5.34315621403 	 0.387548414687 	 0.0758168703283 
1327 	 6.38679819013 	 0.478580730531 	 0.0602708899339 
1328 	 5.82370152103 	 0.458838181354 	 0.0679178041411 
1329 	 15.7445800014 	 0.0552596476862 	 0.0222643934458 
1330 	 5.94828216308 	 0.6024891454 	 0.0661087613776 
1331 	 5.87660024269 	 0.684416051983 	 0.0687224781298 
1332 	 4.83662817588 	 1.387515353 	 0.0779004060762 
1333 	 6.68636976136 	 1.04417013821 	 0.0587900555443 
1334 	 5.98175243128 	 0.455080597408 	 0.0648883688482 
1335 	 7.78921117184 	 0.74708716883 	 0.0504697179031 
1336 	 4.94687113015 	 0.638548468263 	 0.080996436871 
1337 	 3.42394754577 	 4.67515311429 	 0.113963674258 
1338 	 2.33851950571 	 5.10218883056 	 0.165117300201 
