0.01 	 2.769476e-08 
0.0201 	 6.447856e-08 
0.030301 	 8.318079e-08 
0.040604 	 9.276622e-08 
0.05101 	 9.806541e-08 
0.06152 	 1.143776e-07 
0.072135 	 1.505087e-07 
0.082857 	 2.156758e-07 
0.093685 	 3.13269e-07 
0.104622 	 4.528383e-07 
0.115668 	 6.575893e-07 
0.126825 	 8.747156e-07 
0.138093 	 1.14131e-06 
0.149474 	 1.475993e-06 
0.160969 	 1.829333e-06 
0.172579 	 2.373037e-06 
0.184304 	 3.161754e-06 
0.196147 	 4.228558e-06 
0.208109 	 5.680522e-06 
0.22019 	 8.093131e-06 
0.232392 	 1.206931e-05 
0.244716 	 1.831059e-05 
0.257163 	 2.907907e-05 
0.269735 	 4.71212e-05 
0.282432 	 7.525201e-05 
0.295256 	 0.0001206582 
0.308209 	 0.0001848944 
0.321291 	 0.00026216 
0.334504 	 0.0003670891 
0.347849 	 0.000514867 
0.361327 	 0.0007235728 
0.374941 	 0.001078373 
0.38869 	 0.001738255 
0.402577 	 0.003009581 
0.416603 	 0.005545468 
0.430769 	 0.009990382 
0.445076 	 0.01692957 
0.459527 	 0.02795187 
0.474123 	 0.04501617 
0.488864 	 0.0726471 
0.503752 	 0.1198815 
0.51879 	 0.1992247 
0.533978 	 0.3213503 
0.549318 	 0.5233857 
0.564811 	 0.8129512 
0.580459 	 1.197248 
0.596263 	 1.66368 
0.612226 	 2.207537 
0.628348 	 2.83993 
0.644632 	 3.514525 
0.661078 	 4.193178 
0.677689 	 4.808105 
0.694466 	 5.529919 
0.71141 	 6.134586 
0.728525 	 6.262995 
0.74581 	 5.739091 
0.763268 	 4.663833 
0.780901 	 3.396377 
0.79871 	 2.233752 
0.816697 	 1.323089 
0.834864 	 0.7007758 
0.853212 	 0.3206548 
0.871744 	 0.1251572 
0.890462 	 0.03967916 
0.909366 	 0.01036662 
0.92846 	 0.00226374 
0.947745 	 0.0004207099 
0.967222 	 7.089229e-05 
0.986894 	 1.050981e-05 
1.006763 	 1.290501e-06 
1.026831 	 1.311389e-07 
1.047099 	 1.117405e-08 
1.06757 	 8.690405e-10 
1.088246 	 6.379717e-11 
1.109128 	 4.423841e-12 
1.13022 	 2.734651e-13 
1.151522 	 1.826974e-14 
1.173037 	 1.400362e-15 
1.194768 	 1.034289e-16 
1.216715 	 7.13674e-18 
1.238882 	 4.90523e-19 
1.261271 	 3.088977e-20 
1.283884 	 1.867025e-21 
1.306723 	 1.161178e-22 
1.32979 	 6.207644e-24 
1.353088 	 3.01719e-25 
1.376619 	 1.501317e-26 
1.400385 	 6.614578e-28 
1.424389 	 2.696947e-29 
1.448633 	 1.232491e-30 
1.473119 	 5.243259e-32 
1.49785 	 2.320494e-33 
1.522829 	 1.333465e-34 
1.548057 	 7.161588e-36 
1.573538 	 4.279822e-37 
1.599273 	 3.878597e-38 
1.625266 	 3.758617e-39 
1.651518 	 4.991958e-40 
1.678033 	 1.212536e-40 
1.704814 	 3.94032e-41 
1.731862 	 1.977976e-41 
1.759181 	 2.102927e-41 
1.786772 	 3.158162e-41 
1.81464 	 5.806326e-41 
1.842787 	 1.781833e-40 
1.871214 	 7.312958e-40 
1.899927 	 2.166376e-39 
1.928926 	 5.744863e-39 
1.958215 	 8.002535e-39 
1.987797 	 3.58928e-39 
2.017675 	 8.318459e-40 
2.047852 	 9.552137e-41 
2.07833 	 4.606845e-42 
2.109114 	 1.91209e-43 
2.140205 	 9.474078e-45 
2.171607 	 4.03379e-46 
2.203323 	 2.208187e-47 
2.235356 	 1.925647e-48 
2.26771 	 1.370045e-49 
2.300387 	 8.398017e-51 
2.333391 	 5.644035e-52 
2.366725 	 3.109812e-53 
2.400392 	 1.919083e-54 
2.434396 	 1.534573e-55 
2.46874 	 8.181973e-57 
2.503427 	 5.19262e-58 
2.538461 	 6.123964e-59 
2.573846 	 7.205378e-60 
2.609585 	 9.962787e-61 
2.64568 	 2.567084e-61 
2.682137 	 6.862818e-62 
2.718959 	 2.310255e-62 
2.756148 	 1.619103e-62 
2.79371 	 1.236812e-62 
2.831647 	 1.142603e-62 
2.869963 	 1.690756e-62 
2.908663 	 2.458333e-62 
2.947749 	 2.376136e-62 
2.987227 	 1.439484e-62 
3.027099 	 2.647035e-63 
3.06737 	 5.424653e-65 
3.108044 	 2.901992e-69 
3.149124 	 2.93058e-74 
3.190616 	 1.337276e-81 
3.232522 	 3.29715e-95 
3.274847 	 5.648409e-103 
3.317595 	 6.319357e-116 
3.360771 	 2.260167e-119 
3.404379 	 7.443872e-125 
3.448423 	 1.738087e-125 
3.492907 	 3.497125e-125 
3.537836 	 1.648909e-125 
3.583215 	 7.183283e-125 
3.629047 	 4.369654e-124 
3.675337 	 4.071022e-123 
3.722091 	 3.700451e-122 
3.769311 	 4.089603e-121 
3.817005 	 5.398849e-120 
3.865175 	 6.907146e-119 
3.913826 	 1.24642e-117 
3.962965 	 2.375315e-116 
4.012594 	 4.977906e-115 
4.06272 	 1.300281e-113 
4.113347 	 4.807325e-112 
4.164481 	 2.898218e-110 
4.216126 	 3.346233e-108 
4.268287 	 6.139498e-106 
4.32097 	 1.314312e-103 
4.37418 	 2.594773e-101 
4.427921 	 3.108438e-99 
4.482201 	 1.390363e-97 
4.537023 	 1.589199e-96 
4.592393 	 5.542618e-96 
4.648317 	 2.926721e-96 
4.7048 	 3.641534e-97 
4.761848 	 1.447659e-98 
4.819466 	 3.723254e-100 
4.877661 	 1.334718e-101 
4.936438 	 8.4165e-103 
4.995802 	 4.893402e-104 
5.05576 	 2.345833e-105 
5.116318 	 1.961602e-107 
5.177481 	 1.236336e-109 
5.239256 	 1.347532e-112 
5.301648 	 1.163546e-115 
5.364665 	 2.818135e-119 
5.428311 	 6.310809e-124 
5.492594 	 1.104642e-128 
5.55752 	 1.932696e-134 
5.623096 	 2.325706e-140 
5.689326 	 4.118827e-147 
5.75622 	 8.83608e-154 
5.823782 	 8.479999e-161 
5.89202 	 4.537922e-168 
5.96094 	 1.137237e-174 
