0.01 	 1.939523e-09 
0.0201 	 3.715725e-09 
0.030301 	 4.442478e-09 
0.040604 	 4.490393e-09 
0.05101 	 4.284862e-09 
0.06152 	 4.432378e-09 
0.072135 	 5.990571e-09 
0.082857 	 1.011546e-08 
0.093685 	 1.83407e-08 
0.104622 	 3.1478e-08 
0.115668 	 6.588008e-08 
0.126825 	 1.180705e-07 
0.138093 	 1.990731e-07 
0.149474 	 3.219693e-07 
0.160969 	 4.753612e-07 
0.172579 	 6.930251e-07 
0.184304 	 9.923331e-07 
0.196147 	 1.354296e-06 
0.208109 	 1.72906e-06 
0.22019 	 2.283948e-06 
0.232392 	 3.140426e-06 
0.244716 	 4.284938e-06 
0.257163 	 5.763305e-06 
0.269735 	 7.215931e-06 
0.282432 	 7.961102e-06 
0.295256 	 8.054274e-06 
0.308209 	 7.815731e-06 
0.321291 	 7.823922e-06 
0.334504 	 8.963099e-06 
0.347849 	 1.135459e-05 
0.361327 	 1.60218e-05 
0.374941 	 2.646759e-05 
0.38869 	 5.179923e-05 
0.402577 	 0.0001163821 
0.416603 	 0.0002911346 
0.430769 	 0.0007085832 
0.445076 	 0.00154264 
0.459527 	 0.003090555 
0.474123 	 0.005918745 
0.488864 	 0.01128709 
0.503752 	 0.02217216 
0.51879 	 0.04318063 
0.533978 	 0.07481945 
0.549318 	 0.1145387 
0.564811 	 0.1804554 
0.580459 	 0.2810177 
0.596263 	 0.4127417 
0.612226 	 0.6015133 
0.628348 	 0.8943664 
0.644632 	 1.333072 
0.661078 	 1.921669 
0.677689 	 2.607829 
0.694466 	 3.512629 
0.71141 	 4.421859 
0.728525 	 5.244719 
0.74581 	 5.853479 
0.763268 	 6.050764 
0.780901 	 5.765947 
0.79871 	 5.105509 
0.816697 	 4.195026 
0.834864 	 3.159135 
0.853212 	 2.208531 
0.871744 	 1.448942 
0.890462 	 0.8733017 
0.909366 	 0.4795898 
0.92846 	 0.2387427 
0.947745 	 0.1049178 
0.967222 	 0.04137399 
0.986894 	 0.01458405 
1.006763 	 0.00430765 
1.026831 	 0.001084886 
1.047099 	 0.0002402946 
1.06757 	 5.1124e-05 
1.088246 	 1.083075e-05 
1.109128 	 2.287226e-06 
1.13022 	 4.50186e-07 
1.151522 	 9.386739e-08 
1.173037 	 2.202349e-08 
1.194768 	 4.916309e-09 
1.216715 	 1.076186e-09 
1.238882 	 2.546645e-10 
1.261271 	 5.770536e-11 
1.283884 	 1.226393e-11 
1.306723 	 2.637307e-12 
1.32979 	 4.964474e-13 
1.353088 	 8.394061e-14 
1.376619 	 1.392428e-14 
1.400385 	 1.889431e-15 
1.424389 	 2.186358e-16 
1.448633 	 2.588997e-17 
1.473119 	 2.591092e-18 
1.49785 	 2.448133e-19 
1.522829 	 2.735737e-20 
1.548057 	 2.743847e-21 
1.573538 	 2.810191e-22 
1.599273 	 3.316883e-23 
1.625266 	 3.241461e-24 
1.651518 	 3.403003e-25 
1.678033 	 4.661455e-26 
1.704814 	 6.113047e-27 
1.731862 	 8.542383e-28 
1.759181 	 1.594448e-28 
1.786772 	 3.145492e-29 
1.81464 	 5.109243e-30 
1.842787 	 8.650633e-31 
1.871214 	 1.801774e-31 
1.899927 	 3.436852e-32 
1.928926 	 7.710657e-33 
1.958215 	 1.780074e-33 
1.987797 	 2.837517e-34 
2.017675 	 5.283623e-35 
2.047852 	 1.210233e-35 
2.07833 	 1.997565e-36 
2.109114 	 2.923379e-37 
2.140205 	 5.107925e-38 
2.171607 	 7.368083e-39 
2.203323 	 1.204115e-39 
2.235356 	 2.909437e-40 
2.26771 	 7.132137e-41 
2.300387 	 2.028219e-41 
2.333391 	 7.108143e-42 
2.366725 	 2.623063e-42 
2.400392 	 9.67354e-43 
2.434396 	 5.495334e-43 
2.46874 	 2.217633e-43 
2.503427 	 1.029785e-43 
2.538461 	 1.112479e-43 
2.573846 	 1.121042e-43 
2.609585 	 1.50528e-43 
2.64568 	 2.530523e-43 
2.682137 	 4.079803e-43 
2.718959 	 4.535739e-43 
2.756148 	 3.795081e-43 
2.79371 	 1.405787e-43 
2.831647 	 1.732428e-44 
2.869963 	 1.890739e-46 
2.908663 	 1.479134e-49 
2.947749 	 2.985491e-55 
2.987227 	 8.458708e-63 
3.027099 	 3.800329e-74 
3.06737 	 1.688762e-89 
3.108044 	 8.770735e-112 
3.149124 	 2.360515e-133 
3.190616 	 2.341823e-155 
3.232522 	 5.680742e-188 
3.274847 	 4.395191e-205 
3.317595 	 5.262223e-232 
3.360771 	 1.19201e-240 
3.404379 	 7.821149e-254 
3.448423 	 3.117717e-259 
3.492907 	 2.411531e-263 
3.537836 	 4.67305e-269 
3.583215 	 3.13502e-272 
3.629047 	 7.471232e-277 
3.675337 	 2.11438e-280 
3.722091 	 4.702557e-284 
3.769311 	 3.932108e-288 
3.817005 	 1.268352e-291 
3.865175 	 1.270209e-295 
3.913826 	 7.378187e-299 
3.962965 	 3.985702e-302 
4.012594 	 6.530668e-306 
4.06272 	 7.009883e-309 
4.113347 	 5.460855e-312 
4.164481 	 6.21645700006e-314 
4.216126 	 1.0382850021e-315 
4.268287 	 1.53093201749e-316 
4.32097 	 3.73198809626e-317 
4.37418 	 3.77848560233e-318 
4.427921 	 3.22847196275e-319 
4.482201 	 4.82208070341e-321 
4.537023 	 0.0 
4.592393 	 0.0 
4.648317 	 0.0 
4.7048 	 0.0 
4.761848 	 0.0 
4.819466 	 0.0 
4.877661 	 0.0 
4.936438 	 0.0 
4.995802 	 0.0 
5.05576 	 0.0 
5.116318 	 0.0 
5.177481 	 0.0 
5.239256 	 0.0 
5.301648 	 0.0 
5.364665 	 0.0 
5.428311 	 0.0 
5.492594 	 0.0 
5.55752 	 0.0 
5.623096 	 0.0 
5.689326 	 0.0 
5.75622 	 0.0 
5.823782 	 0.0 
5.89202 	 0.0 
5.96094 	 0.0 
