0.01 	 0.0005639686 
0.0201 	 0.002011001 
0.030301 	 0.004553848 
0.040604 	 0.008616899 
0.05101 	 0.01474711 
0.06152 	 0.02374997 
0.072135 	 0.03787341 
0.082857 	 0.06144224 
0.093685 	 0.1023306 
0.104622 	 0.1753273 
0.115668 	 0.3282664 
0.126825 	 0.5901031 
0.138093 	 1.013864 
0.149474 	 1.601751 
0.160969 	 2.290451 
0.172579 	 3.085166 
0.184304 	 3.747123 
0.196147 	 4.634127 
0.208109 	 5.266725 
0.22019 	 5.608751 
0.232392 	 5.648209 
0.244716 	 5.438257 
0.257163 	 5.11961 
0.269735 	 4.75157 
0.282432 	 4.44309 
0.295256 	 4.216925 
0.308209 	 4.01354 
0.321291 	 3.717681 
0.334504 	 3.36381 
0.347849 	 2.933919 
0.361327 	 2.427525 
0.374941 	 1.888498 
0.38869 	 1.365331 
0.402577 	 0.8975157 
0.416603 	 0.5312178 
0.430769 	 0.2834098 
0.445076 	 0.1386922 
0.459527 	 0.06384828 
0.474123 	 0.02719968 
0.488864 	 0.0107447 
0.503752 	 0.003879891 
0.51879 	 0.001273136 
0.533978 	 0.0003616624 
0.549318 	 8.975093e-05 
0.564811 	 1.986999e-05 
0.580459 	 4.275362e-06 
0.596263 	 8.984765e-07 
0.612226 	 1.718053e-07 
0.628348 	 3.142741e-08 
0.644632 	 5.484206e-09 
0.661078 	 9.037521e-10 
0.677689 	 1.346076e-10 
0.694466 	 1.719247e-11 
0.71141 	 2.097156e-12 
0.728525 	 2.505213e-13 
0.74581 	 2.931796e-14 
0.763268 	 3.498709e-15 
0.780901 	 3.886355e-16 
0.79871 	 4.131889e-17 
0.816697 	 4.300837e-18 
0.834864 	 3.770161e-19 
0.853212 	 2.818107e-20 
0.871744 	 1.988944e-21 
0.890462 	 1.127031e-22 
0.909366 	 5.647193e-24 
0.92846 	 2.751556e-25 
0.947745 	 1.203404e-26 
0.967222 	 5.294643e-28 
0.986894 	 2.318349e-29 
1.006763 	 8.184072e-31 
1.026831 	 2.631462e-32 
1.047099 	 7.861526e-34 
1.06757 	 2.046803e-35 
1.088246 	 5.29261e-37 
1.109128 	 1.602983e-38 
1.13022 	 3.442543e-40 
1.151522 	 7.248766e-42 
1.173037 	 2.297354e-43 
1.194768 	 8.451624e-45 
1.216715 	 2.88556e-46 
1.238882 	 1.032407e-47 
1.261271 	 3.070878e-49 
1.283884 	 6.488185e-51 
1.306723 	 1.472568e-52 
1.32979 	 3.241097e-54 
1.353088 	 6.192538e-56 
1.376619 	 1.130752e-57 
1.400385 	 1.267901e-59 
1.424389 	 1.053316e-61 
1.448633 	 1.48183e-63 
1.473119 	 1.724703e-65 
1.49785 	 1.179696e-67 
1.522829 	 9.571867e-70 
1.548057 	 6.009558e-72 
1.573538 	 2.341125e-74 
1.599273 	 1.875207e-76 
1.625266 	 2.898842e-78 
1.651518 	 5.224342e-80 
1.678033 	 1.677485e-81 
1.704814 	 8.417102e-83 
1.731862 	 4.181402e-84 
1.759181 	 4.144927e-85 
1.786772 	 5.725945e-86 
1.81464 	 7.243609e-87 
1.842787 	 1.461573e-87 
1.871214 	 5.564517e-88 
1.899927 	 2.353272e-88 
1.928926 	 2.352021e-88 
1.958215 	 5.619903e-88 
1.987797 	 1.323608e-87 
2.017675 	 5.111155e-87 
2.047852 	 3.13496e-86 
2.07833 	 1.714356e-85 
2.109114 	 1.17382e-84 
2.140205 	 8.317722e-84 
2.171607 	 3.340457e-83 
2.203323 	 8.290334e-83 
2.235356 	 1.150712e-82 
2.26771 	 1.191366e-82 
2.300387 	 1.65114e-82 
2.333391 	 3.204012e-82 
2.366725 	 1.752843e-82 
2.400392 	 1.136838e-82 
2.434396 	 2.29059e-81 
2.46874 	 5.655959e-80 
2.503427 	 2.13214e-78 
2.538461 	 4.294124e-76 
2.573846 	 2.279436e-73 
2.609585 	 6.159023e-70 
2.64568 	 4.44539e-66 
2.682137 	 9.314823e-62 
2.718959 	 1.183833e-57 
2.756148 	 1.39643e-53 
2.79371 	 3.594918e-50 
2.831647 	 5.415768e-48 
2.869963 	 1.874013e-47 
2.908663 	 4.758647e-49 
2.947749 	 1.512529e-53 
2.987227 	 3.587035e-61 
3.027099 	 2.114976e-73 
3.06737 	 1.511143e-90 
3.108044 	 1.013202e-115 
3.149124 	 2.505135e-140 
3.190616 	 1.475045e-165 
3.232522 	 1.128837e-201 
3.274847 	 6.551148e-222 
3.317595 	 1.14774e-251 
3.360771 	 1.065493e-262 
3.404379 	 2.17694e-279 
3.448423 	 6.037465e-289 
3.492907 	 5.222209e-296 
3.537836 	 5.844762e-305 
3.583215 	 2.28538e-311 
3.629047 	 3.55786552883e-319 
3.675337 	 0.0 
3.722091 	 0.0 
3.769311 	 0.0 
3.817005 	 0.0 
3.865175 	 0.0 
3.913826 	 0.0 
3.962965 	 0.0 
4.012594 	 0.0 
4.06272 	 0.0 
4.113347 	 0.0 
4.164481 	 0.0 
4.216126 	 0.0 
4.268287 	 0.0 
4.32097 	 0.0 
4.37418 	 0.0 
4.427921 	 0.0 
4.482201 	 0.0 
4.537023 	 0.0 
4.592393 	 0.0 
4.648317 	 0.0 
4.7048 	 0.0 
4.761848 	 0.0 
4.819466 	 0.0 
4.877661 	 0.0 
4.936438 	 0.0 
4.995802 	 0.0 
5.05576 	 0.0 
5.116318 	 0.0 
5.177481 	 0.0 
5.239256 	 0.0 
5.301648 	 0.0 
5.364665 	 0.0 
5.428311 	 0.0 
5.492594 	 0.0 
5.55752 	 0.0 
5.623096 	 0.0 
5.689326 	 0.0 
5.75622 	 0.0 
5.823782 	 0.0 
5.89202 	 0.0 
5.96094 	 0.0 
