0.01 	 0.0009223381 
0.0201 	 0.003685135 
0.030301 	 0.009940258 
0.040604 	 0.02234289 
0.05101 	 0.04460626 
0.06152 	 0.07813664 
0.072135 	 0.1239527 
0.082857 	 0.1750502 
0.093685 	 0.2450096 
0.104622 	 0.3511983 
0.115668 	 0.5321389 
0.126825 	 0.7688837 
0.138093 	 1.039223 
0.149474 	 1.325777 
0.160969 	 1.625645 
0.172579 	 1.887886 
0.184304 	 2.05001 
0.196147 	 2.140752 
0.208109 	 2.178743 
0.22019 	 2.172346 
0.232392 	 2.166967 
0.244716 	 1.964727 
0.257163 	 1.655867 
0.269735 	 1.30423 
0.282432 	 0.9918777 
0.295256 	 0.7980572 
0.308209 	 0.6967358 
0.321291 	 0.6931186 
0.334504 	 0.7858614 
0.347849 	 0.9831475 
0.361327 	 1.311004 
0.374941 	 1.799518 
0.38869 	 2.423003 
0.402577 	 3.047542 
0.416603 	 3.433013 
0.430769 	 3.529802 
0.445076 	 3.536621 
0.459527 	 3.635766 
0.474123 	 3.699244 
0.488864 	 3.684272 
0.503752 	 3.547767 
0.51879 	 3.193461 
0.533978 	 2.507061 
0.549318 	 1.581249 
0.564811 	 1.000936 
0.580459 	 0.6949594 
0.596263 	 0.4766427 
0.612226 	 0.3169128 
0.628348 	 0.2001268 
0.644632 	 0.1198109 
0.661078 	 0.07199818 
0.677689 	 0.04266354 
0.694466 	 0.02496307 
0.71141 	 0.01471206 
0.728525 	 0.008511776 
0.74581 	 0.004909173 
0.763268 	 0.003002453 
0.780901 	 0.001887589 
0.79871 	 0.001237734 
0.816697 	 0.0008698213 
0.834864 	 0.0006127205 
0.853212 	 0.0004033172 
0.871744 	 0.00025375 
0.890462 	 0.0001815089 
0.909366 	 0.0001435002 
0.92846 	 0.0001216264 
0.947745 	 0.0001054906 
0.967222 	 9.207614e-05 
0.986894 	 7.984313e-05 
1.006763 	 6.305003e-05 
1.026831 	 4.52366e-05 
1.047099 	 3.040642e-05 
1.06757 	 1.960615e-05 
1.088246 	 1.289692e-05 
1.109128 	 9.426549e-06 
1.13022 	 6.964743e-06 
1.151522 	 5.274705e-06 
1.173037 	 5.024205e-06 
1.194768 	 5.756686e-06 
1.216715 	 6.666685e-06 
1.238882 	 7.874684e-06 
1.261271 	 1.019235e-05 
1.283884 	 1.360606e-05 
1.306723 	 2.044882e-05 
1.32979 	 3.395327e-05 
1.353088 	 5.933884e-05 
1.376619 	 0.0001260699 
1.400385 	 0.0003165215 
1.424389 	 0.0006133189 
1.448633 	 0.0008467855 
1.473119 	 0.001058552 
1.49785 	 0.001267739 
1.522829 	 0.001578386 
1.548057 	 0.001950281 
1.573538 	 0.002170872 
1.599273 	 0.002534224 
1.625266 	 0.003049031 
1.651518 	 0.003733442 
1.678033 	 0.004733871 
1.704814 	 0.005710803 
1.731862 	 0.006396745 
1.759181 	 0.007443209 
1.786772 	 0.00995052 
1.81464 	 0.01311865 
1.842787 	 0.01530161 
1.871214 	 0.01707007 
1.899927 	 0.01932794 
1.928926 	 0.02264747 
1.958215 	 0.0268129 
1.987797 	 0.02921573 
2.017675 	 0.03194914 
2.047852 	 0.03541295 
2.07833 	 0.03199417 
2.109114 	 0.02337119 
2.140205 	 0.01555257 
2.171607 	 0.008855539 
2.203323 	 0.004690224 
2.235356 	 0.002356786 
2.26771 	 0.001208204 
2.300387 	 0.0006004461 
2.333391 	 0.0002903833 
2.366725 	 0.0001838719 
2.400392 	 0.0001321898 
2.434396 	 7.959328e-05 
2.46874 	 3.818651e-05 
2.503427 	 2.205646e-05 
2.538461 	 1.740843e-05 
2.573846 	 1.29412e-05 
2.609585 	 8.413083e-06 
2.64568 	 4.829526e-06 
2.682137 	 2.068182e-06 
2.718959 	 5.352458e-07 
2.756148 	 4.954006e-08 
2.79371 	 1.2706e-09 
2.831647 	 1.036514e-11 
2.869963 	 5.044018e-15 
2.908663 	 1.90615e-19 
2.947749 	 3.295394e-26 
2.987227 	 1.806018e-34 
3.027099 	 5.621109e-46 
3.06737 	 1.28473e-60 
3.108044 	 2.70453e-81 
3.149124 	 8.942499e-101 
3.190616 	 2.13147e-120 
3.232522 	 1.014198e-147 
3.274847 	 1.829816e-162 
3.317595 	 4.431182e-184 
3.360771 	 4.445345e-192 
3.404379 	 8.066031e-203 
3.448423 	 1.183763e-208 
3.492907 	 4.617798e-213 
3.537836 	 6.339643e-219 
3.583215 	 2.326116e-222 
3.629047 	 1.406542e-226 
3.675337 	 2.979206e-230 
3.722091 	 1.407086e-233 
3.769311 	 2.137691e-237 
3.817005 	 1.572552e-240 
3.865175 	 3.963504e-244 
3.913826 	 4.540609e-247 
3.962965 	 4.788946e-250 
4.012594 	 1.546351e-253 
4.06272 	 2.069766e-256 
4.113347 	 1.295705e-259 
4.164481 	 3.147116e-262 
4.216126 	 5.080202e-265 
4.268287 	 1.901451e-267 
4.32097 	 5.517333e-270 
4.37418 	 5.987157e-273 
4.427921 	 4.677766e-276 
4.482201 	 9.473056e-280 
4.537023 	 5.047827e-284 
4.592393 	 9.782875e-289 
4.648317 	 8.721562e-294 
4.7048 	 4.15975e-299 
4.761848 	 3.993101e-304 
4.819466 	 1.130376e-308 
4.877661 	 1.078613e-312 
4.936438 	 7.22147301286e-316 
4.995802 	 1.63093045955e-318 
5.05576 	 1.05581828516e-320 
5.116318 	 0.0 
5.177481 	 0.0 
5.239256 	 0.0 
5.301648 	 0.0 
5.364665 	 0.0 
5.428311 	 0.0 
5.492594 	 0.0 
5.55752 	 0.0 
5.623096 	 0.0 
5.689326 	 0.0 
5.75622 	 0.0 
5.823782 	 0.0 
5.89202 	 0.0 
5.96094 	 0.0 
