0.01 	 6.615169e-08 
0.0201 	 1.005152e-07 
0.030301 	 9.076879e-08 
0.040604 	 6.385828e-08 
0.05101 	 4.217287e-08 
0.06152 	 3.022592e-08 
0.072135 	 2.810031e-08 
0.082857 	 3.377771e-08 
0.093685 	 4.12007e-08 
0.104622 	 4.134353e-08 
0.115668 	 4.991368e-08 
0.126825 	 5.351444e-08 
0.138093 	 5.538111e-08 
0.149474 	 5.584132e-08 
0.160969 	 5.158754e-08 
0.172579 	 4.618895e-08 
0.184304 	 4.14601e-08 
0.196147 	 3.806338e-08 
0.208109 	 3.646663e-08 
0.22019 	 3.978205e-08 
0.232392 	 4.750937e-08 
0.244716 	 6.406548e-08 
0.257163 	 8.61576e-08 
0.269735 	 1.133437e-07 
0.282432 	 1.348642e-07 
0.295256 	 1.461813e-07 
0.308209 	 1.487159e-07 
0.321291 	 1.420601e-07 
0.334504 	 1.527887e-07 
0.347849 	 2.106757e-07 
0.361327 	 3.681234e-07 
0.374941 	 7.574687e-07 
0.38869 	 1.874964e-06 
0.402577 	 5.317697e-06 
0.416603 	 1.658759e-05 
0.430769 	 4.63661e-05 
0.445076 	 9.766703e-05 
0.459527 	 0.0001674953 
0.474123 	 0.0002593644 
0.488864 	 0.0003812867 
0.503752 	 0.0005644578 
0.51879 	 0.0007897889 
0.533978 	 0.0008669295 
0.549318 	 0.0007200415 
0.564811 	 0.0007541647 
0.580459 	 0.001037818 
0.596263 	 0.001526655 
0.612226 	 0.002504213 
0.628348 	 0.004808402 
0.644632 	 0.01079609 
0.661078 	 0.02533387 
0.677689 	 0.05948924 
0.694466 	 0.1298911 
0.71141 	 0.2449894 
0.728525 	 0.3967079 
0.74581 	 0.577805 
0.763268 	 0.7767401 
0.780901 	 1.001328 
0.79871 	 1.267929 
0.816697 	 1.477112 
0.834864 	 1.551096 
0.853212 	 1.842225 
0.871744 	 2.558947 
0.890462 	 3.022517 
0.909366 	 3.190067 
0.92846 	 3.62615 
0.947745 	 4.051734 
0.967222 	 4.355235 
0.986894 	 4.473582 
1.006763 	 4.324191 
1.026831 	 3.863974 
1.047099 	 3.147052 
1.06757 	 2.320534 
1.088246 	 1.552137 
1.109128 	 0.9163918 
1.13022 	 0.439653 
1.151522 	 0.1856774 
1.173037 	 0.09253531 
1.194768 	 0.04836875 
1.216715 	 0.02445162 
1.238882 	 0.01185597 
1.261271 	 0.00548784 
1.283884 	 0.002273224 
1.306723 	 0.0008701982 
1.32979 	 0.0003422351 
1.353088 	 0.0001343037 
1.376619 	 4.883158e-05 
1.400385 	 1.475726e-05 
1.424389 	 4.173539e-06 
1.448633 	 1.295366e-06 
1.473119 	 3.824076e-07 
1.49785 	 1.095043e-07 
1.522829 	 3.46393e-08 
1.548057 	 1.10267e-08 
1.573538 	 4.445072e-09 
1.599273 	 1.696712e-09 
1.625266 	 4.751569e-10 
1.651518 	 1.400677e-10 
1.678033 	 4.945743e-11 
1.704814 	 1.831917e-11 
1.731862 	 6.726437e-12 
1.759181 	 2.781335e-12 
1.786772 	 9.46807e-13 
1.81464 	 2.310916e-13 
1.842787 	 7.35964e-14 
1.871214 	 3.100356e-14 
1.899927 	 1.435904e-14 
1.928926 	 8.194722e-15 
1.958215 	 5.338124e-15 
1.987797 	 3.099977e-15 
2.017675 	 2.006339e-15 
2.047852 	 1.445368e-15 
2.07833 	 8.764851e-16 
2.109114 	 4.53736e-16 
2.140205 	 2.514802e-16 
2.171607 	 1.324638e-16 
2.203323 	 5.983581e-17 
2.235356 	 2.579835e-17 
2.26771 	 1.471795e-17 
2.300387 	 1.198389e-17 
2.333391 	 1.205908e-17 
2.366725 	 1.939204e-17 
2.400392 	 3.2981e-17 
2.434396 	 3.271569e-17 
2.46874 	 2.432561e-17 
2.503427 	 1.865841e-17 
2.538461 	 1.483803e-17 
2.573846 	 8.607614e-18 
2.609585 	 3.321474e-18 
2.64568 	 8.160988e-19 
2.682137 	 8.313063e-20 
2.718959 	 3.684123e-21 
2.756148 	 2.894141e-23 
2.79371 	 5.26216e-26 
2.831647 	 3.198444e-29 
2.869963 	 1.043676e-33 
2.908663 	 6.098387e-39 
2.947749 	 3.824721e-46 
2.987227 	 8.812189e-54 
3.027099 	 6.404635e-64 
3.06737 	 4.792443e-75 
3.108044 	 1.366287e-89 
3.149124 	 2.933747e-102 
3.190616 	 5.126777e-114 
3.232522 	 2.324246e-130 
3.274847 	 1.603278e-138 
3.317595 	 7.055103e-151 
3.360771 	 4.991446e-155 
3.404379 	 1.354947e-160 
3.448423 	 8.290217e-164 
3.492907 	 1.465687e-165 
3.537836 	 2.202936e-168 
3.583215 	 9.747378e-170 
3.629047 	 2.104113e-171 
3.675337 	 2.198728e-172 
3.722091 	 3.329611e-173 
3.769311 	 3.587375e-174 
3.817005 	 7.850261e-175 
3.865175 	 1.398843e-175 
3.913826 	 3.780197e-176 
3.962965 	 9.535204e-177 
4.012594 	 1.820605e-177 
4.06272 	 4.303177e-178 
4.113347 	 8.024949e-179 
4.164481 	 1.625794e-179 
4.216126 	 2.516934e-180 
4.268287 	 3.747069e-181 
4.32097 	 3.276786e-182 
4.37418 	 1.195319e-183 
4.427921 	 2.019815e-185 
4.482201 	 1.236169e-187 
4.537023 	 3.416878e-190 
4.592393 	 3.924378e-193 
4.648317 	 9.315933e-197 
4.7048 	 1.267495e-200 
4.761848 	 1.835483e-204 
4.819466 	 5.195799e-208 
4.877661 	 3.785763e-211 
4.936438 	 7.554813e-214 
4.995802 	 3.085477e-216 
5.05576 	 1.5712e-218 
5.116318 	 1.45337e-222 
5.177481 	 2.170438e-225 
5.239256 	 1.693029e-229 
5.301648 	 7.156211e-233 
5.364665 	 1.210378e-236 
5.428311 	 8.02267e-242 
5.492594 	 5.73683e-246 
5.55752 	 1.57691e-251 
5.623096 	 2.472317e-256 
5.689326 	 2.711446e-262 
5.75622 	 1.92698e-267 
5.823782 	 8.878265e-273 
5.89202 	 7.762821e-279 
5.96094 	 7.419219e-284 
