0.01 	 8.094173e-11 
0.0201 	 1.657557e-10 
0.030301 	 3.227249e-10 
0.040604 	 9.082011e-10 
0.05101 	 3.264346e-09 
0.06152 	 1.607954e-08 
0.072135 	 9.690334e-08 
0.082857 	 5.775356e-07 
0.093685 	 3.149826e-06 
0.104622 	 1.525906e-05 
0.115668 	 7.272852e-05 
0.126825 	 0.0002908222 
0.138093 	 0.001049271 
0.149474 	 0.003322294 
0.160969 	 0.008701483 
0.172579 	 0.01916545 
0.184304 	 0.03776102 
0.196147 	 0.06844183 
0.208109 	 0.1227523 
0.22019 	 0.2039159 
0.232392 	 0.3204406 
0.244716 	 0.4769097 
0.257163 	 0.6849693 
0.269735 	 0.9383358 
0.282432 	 1.228387 
0.295256 	 1.573813 
0.308209 	 1.954727 
0.321291 	 2.360641 
0.334504 	 2.798303 
0.347849 	 3.227744 
0.361327 	 3.684283 
0.374941 	 4.18519 
0.38869 	 4.678343 
0.402577 	 5.101907 
0.416603 	 5.459137 
0.430769 	 5.646677 
0.445076 	 5.571815 
0.459527 	 5.264821 
0.474123 	 4.689554 
0.488864 	 3.823568 
0.503752 	 2.849871 
0.51879 	 1.944095 
0.533978 	 1.184574 
0.549318 	 0.6507999 
0.564811 	 0.3209791 
0.580459 	 0.1433883 
0.596263 	 0.05947145 
0.612226 	 0.02283276 
0.628348 	 0.00809286 
0.644632 	 0.002552369 
0.661078 	 0.0007151718 
0.677689 	 0.0001733389 
0.694466 	 3.769134e-05 
0.71141 	 8.350346e-06 
0.728525 	 1.841938e-06 
0.74581 	 4.03109e-07 
0.763268 	 9.547753e-08 
0.780901 	 2.470976e-08 
0.79871 	 7.222562e-09 
0.816697 	 2.456583e-09 
0.834864 	 8.042405e-10 
0.853212 	 2.532904e-10 
0.871744 	 8.934165e-11 
0.890462 	 3.063561e-11 
0.909366 	 9.953238e-12 
0.92846 	 3.23558e-12 
0.947745 	 8.658075e-13 
0.967222 	 2.118124e-13 
0.986894 	 5.37115e-14 
1.006763 	 1.094495e-14 
1.026831 	 1.744822e-15 
1.047099 	 2.477356e-16 
1.06757 	 3.183152e-17 
1.088246 	 4.063421e-18 
1.109128 	 5.779145e-19 
1.13022 	 7.014533e-20 
1.151522 	 9.052582e-21 
1.173037 	 1.434213e-21 
1.194768 	 2.479275e-22 
1.216715 	 3.666091e-23 
1.238882 	 5.549118e-24 
1.261271 	 8.752997e-25 
1.283884 	 1.226919e-25 
1.306723 	 1.82749e-26 
1.32979 	 2.492407e-27 
1.353088 	 2.768459e-28 
1.376619 	 3.201951e-29 
1.400385 	 3.497582e-30 
1.424389 	 3.143162e-31 
1.448633 	 3.064844e-32 
1.473119 	 2.781449e-33 
1.49785 	 2.443497e-34 
1.522829 	 2.979649e-35 
1.548057 	 3.55726e-36 
1.573538 	 4.067791e-37 
1.599273 	 6.776835e-38 
1.625266 	 1.164391e-38 
1.651518 	 2.507946e-39 
1.678033 	 8.811746e-40 
1.704814 	 3.952581e-40 
1.731862 	 2.481788e-40 
1.759181 	 3.000761e-40 
1.786772 	 5.858204e-40 
1.81464 	 1.297402e-39 
1.842787 	 4.091049e-39 
1.871214 	 1.922737e-38 
1.899927 	 1.054641e-37 
1.928926 	 7.837306e-37 
1.958215 	 2.947615e-36 
1.987797 	 2.513643e-36 
2.017675 	 7.242274e-37 
2.047852 	 7.250896e-38 
2.07833 	 3.128083e-39 
2.109114 	 1.143329e-40 
2.140205 	 5.407051e-42 
2.171607 	 2.318759e-43 
2.203323 	 1.438632e-44 
2.235356 	 2.112421e-45 
2.26771 	 3.15792e-46 
2.300387 	 4.885033e-47 
2.333391 	 9.179315e-48 
2.366725 	 1.591266e-48 
2.400392 	 2.493114e-49 
2.434396 	 4.522777e-50 
2.46874 	 5.022569e-51 
2.503427 	 4.823686e-52 
2.538461 	 9.507734e-53 
2.573846 	 1.916723e-53 
2.609585 	 4.366066e-54 
2.64568 	 1.475254e-54 
2.682137 	 5.861302e-55 
2.718959 	 2.373613e-55 
2.756148 	 1.307818e-55 
2.79371 	 6.80184e-56 
2.831647 	 1.824778e-56 
2.869963 	 1.986438e-57 
2.908663 	 7.135101e-59 
2.947749 	 4.789807e-62 
2.987227 	 5.750516e-67 
3.027099 	 5.736877e-75 
3.06737 	 1.251224e-87 
3.108044 	 4.72518e-108 
3.149124 	 6.433061e-130 
3.190616 	 7.625454e-155 
3.232522 	 2.282231e-195 
3.274847 	 4.724962e-218 
3.317595 	 2.13541e-255 
3.360771 	 1.360502e-266 
3.404379 	 2.074258e-285 
3.448423 	 9.782181e-290 
3.492907 	 6.476571e-292 
3.537836 	 1.547765e-295 
3.583215 	 3.195301e-295 
3.629047 	 1.495681e-297 
3.675337 	 3.137378e-299 
3.722091 	 7.582586e-303 
3.769311 	 2.239656e-308 
3.817005 	 1.91876800112e-315 
3.865175 	 0.0 
3.913826 	 0.0 
3.962965 	 0.0 
4.012594 	 0.0 
4.06272 	 0.0 
4.113347 	 0.0 
4.164481 	 0.0 
4.216126 	 0.0 
4.268287 	 0.0 
4.32097 	 0.0 
4.37418 	 0.0 
4.427921 	 0.0 
4.482201 	 0.0 
4.537023 	 0.0 
4.592393 	 0.0 
4.648317 	 0.0 
4.7048 	 0.0 
4.761848 	 0.0 
4.819466 	 0.0 
4.877661 	 0.0 
4.936438 	 0.0 
4.995802 	 0.0 
5.05576 	 0.0 
5.116318 	 0.0 
5.177481 	 0.0 
5.239256 	 0.0 
5.301648 	 0.0 
5.364665 	 0.0 
5.428311 	 0.0 
5.492594 	 0.0 
5.55752 	 0.0 
5.623096 	 0.0 
5.689326 	 0.0 
5.75622 	 0.0 
5.823782 	 0.0 
5.89202 	 0.0 
5.96094 	 0.0 
