0.01 	 1.234573e-08 
0.0201 	 2.192932e-08 
0.030301 	 2.440429e-08 
0.040604 	 2.291571e-08 
0.05101 	 2.094792e-08 
0.06152 	 2.08576e-08 
0.072135 	 2.731572e-08 
0.082857 	 4.525079e-08 
0.093685 	 8.261573e-08 
0.104622 	 1.471564e-07 
0.115668 	 3.414737e-07 
0.126825 	 6.857605e-07 
0.138093 	 1.36186e-06 
0.149474 	 2.621131e-06 
0.160969 	 4.588132e-06 
0.172579 	 7.711359e-06 
0.184304 	 1.233311e-05 
0.196147 	 1.773376e-05 
0.208109 	 2.244954e-05 
0.22019 	 2.869873e-05 
0.232392 	 4.107493e-05 
0.244716 	 6.167285e-05 
0.257163 	 9.312568e-05 
0.269735 	 0.0001291457 
0.282432 	 0.0001469609 
0.295256 	 0.0001371204 
0.308209 	 0.0001119573 
0.321291 	 9.52438e-05 
0.334504 	 9.977323e-05 
0.347849 	 0.0001285543 
0.361327 	 0.0002026339 
0.374941 	 0.0004113503 
0.38869 	 0.001037654 
0.402577 	 0.003109655 
0.416603 	 0.01014183 
0.430769 	 0.0287065 
0.445076 	 0.06196487 
0.459527 	 0.1093001 
0.474123 	 0.1736177 
0.488864 	 0.2585085 
0.503752 	 0.3720789 
0.51879 	 0.5235141 
0.533978 	 0.6736814 
0.549318 	 0.7645294 
0.564811 	 1.017655 
0.580459 	 1.449649 
0.596263 	 2.030951 
0.612226 	 2.849643 
0.628348 	 3.979942 
0.644632 	 5.386523 
0.661078 	 6.621002 
0.677689 	 7.112035 
0.694466 	 6.58584 
0.71141 	 5.408013 
0.728525 	 4.187798 
0.74581 	 3.23024 
0.763268 	 2.432688 
0.780901 	 1.735251 
0.79871 	 1.170529 
0.816697 	 0.7555525 
0.834864 	 0.4683133 
0.853212 	 0.2747762 
0.871744 	 0.1439336 
0.890462 	 0.0639167 
0.909366 	 0.02509041 
0.92846 	 0.008872157 
0.947745 	 0.002848492 
0.967222 	 0.0008720547 
0.986894 	 0.0002448593 
1.006763 	 6.01152e-05 
1.026831 	 1.383486e-05 
1.047099 	 2.997599e-06 
1.06757 	 6.477562e-07 
1.088246 	 1.479355e-07 
1.109128 	 3.598322e-08 
1.13022 	 8.476402e-09 
1.151522 	 1.904497e-09 
1.173037 	 4.417905e-10 
1.194768 	 9.518908e-11 
1.216715 	 2.085865e-11 
1.238882 	 5.148161e-12 
1.261271 	 1.231047e-12 
1.283884 	 2.574542e-13 
1.306723 	 5.481333e-14 
1.32979 	 1.26253e-14 
1.353088 	 3.19098e-15 
1.376619 	 8.838024e-16 
1.400385 	 2.010615e-16 
1.424389 	 3.984923e-17 
1.448633 	 8.689815e-18 
1.473119 	 1.628252e-18 
1.49785 	 2.728699e-19 
1.522829 	 5.495687e-20 
1.548057 	 1.019616e-20 
1.573538 	 1.85201e-21 
1.599273 	 3.846272e-22 
1.625266 	 7.355095e-23 
1.651518 	 1.563932e-23 
1.678033 	 4.582609e-24 
1.704814 	 1.394019e-24 
1.731862 	 4.22225e-25 
1.759181 	 1.762703e-25 
1.786772 	 9.222811e-26 
1.81464 	 4.069471e-26 
1.842787 	 1.763887e-26 
1.871214 	 9.712683e-27 
1.899927 	 5.491846e-27 
1.928926 	 4.107435e-27 
1.958215 	 4.039351e-27 
1.987797 	 3.344241e-27 
2.017675 	 3.3188e-27 
2.047852 	 3.924679e-27 
2.07833 	 3.445214e-27 
2.109114 	 2.719568e-27 
2.140205 	 2.362561e-27 
2.171607 	 1.615875e-27 
2.203323 	 9.848508e-28 
2.235356 	 6.062946e-28 
2.26771 	 4.868514e-28 
2.300387 	 5.811112e-28 
2.333391 	 9.028314e-28 
2.366725 	 1.140447e-27 
2.400392 	 1.229941e-27 
2.434396 	 2.5809e-27 
2.46874 	 5.205042e-27 
2.503427 	 1.068669e-26 
2.538461 	 3.431395e-26 
2.573846 	 1.240339e-25 
2.609585 	 3.461337e-25 
2.64568 	 1.018635e-24 
2.682137 	 1.245036e-24 
2.718959 	 7.966274e-25 
2.756148 	 1.391265e-25 
2.79371 	 1.19365e-27 
2.831647 	 9.197655e-31 
2.869963 	 4.346666e-36 
2.908663 	 1.052186e-42 
2.947749 	 4.811474e-53 
2.987227 	 2.03143e-64 
3.027099 	 3.167996e-80 
3.06737 	 5.201817e-98 
3.108044 	 1.802116e-121 
3.149124 	 1.117702e-142 
3.190616 	 1.852469e-162 
3.232522 	 6.453827e-191 
3.274847 	 1.210176e-205 
3.317595 	 1.554934e-228 
3.360771 	 7.694388e-237 
3.404379 	 3.908179e-249 
3.448423 	 1.729669e-256 
3.492907 	 2.448726e-262 
3.537836 	 1.075544e-269 
3.583215 	 1.686979e-274 
3.629047 	 9.653854e-281 
3.675337 	 4.119883e-286 
3.722091 	 5.259631e-291 
3.769311 	 8.229793e-297 
3.817005 	 1.447748e-301 
3.865175 	 3.421842e-307 
3.913826 	 1.435313e-311 
3.962965 	 6.49170598909e-316 
4.012594 	 4.66397969674e-321 
4.06272 	 0.0 
4.113347 	 0.0 
4.164481 	 0.0 
4.216126 	 0.0 
4.268287 	 0.0 
4.32097 	 0.0 
4.37418 	 0.0 
4.427921 	 0.0 
4.482201 	 0.0 
4.537023 	 0.0 
4.592393 	 0.0 
4.648317 	 0.0 
4.7048 	 0.0 
4.761848 	 0.0 
4.819466 	 0.0 
4.877661 	 0.0 
4.936438 	 0.0 
4.995802 	 0.0 
5.05576 	 0.0 
5.116318 	 0.0 
5.177481 	 0.0 
5.239256 	 0.0 
5.301648 	 0.0 
5.364665 	 0.0 
5.428311 	 0.0 
5.492594 	 0.0 
5.55752 	 0.0 
5.623096 	 0.0 
5.689326 	 0.0 
5.75622 	 0.0 
5.823782 	 0.0 
5.89202 	 0.0 
5.96094 	 0.0 
