0.01 	 0.1319878 
0.0201 	 0.399131 
0.030301 	 0.7392039 
0.040604 	 1.161897 
0.05101 	 1.71271 
0.06152 	 2.31225 
0.072135 	 2.908172 
0.082857 	 3.275573 
0.093685 	 3.53714 
0.104622 	 3.859286 
0.115668 	 3.726501 
0.126825 	 3.603698 
0.138093 	 3.332178 
0.149474 	 3.072854 
0.160969 	 2.764288 
0.172579 	 2.380521 
0.184304 	 1.981121 
0.196147 	 1.691311 
0.208109 	 1.465097 
0.22019 	 1.383462 
0.232392 	 1.337569 
0.244716 	 1.154263 
0.257163 	 0.9806598 
0.269735 	 0.8416744 
0.282432 	 0.7229062 
0.295256 	 0.6560848 
0.308209 	 0.6185701 
0.321291 	 0.5927784 
0.334504 	 0.5998618 
0.347849 	 0.633755 
0.361327 	 0.6551449 
0.374941 	 0.7003213 
0.38869 	 0.7680528 
0.402577 	 0.8399624 
0.416603 	 0.9255423 
0.430769 	 0.9983637 
0.445076 	 1.036988 
0.459527 	 1.099954 
0.474123 	 1.143962 
0.488864 	 1.199083 
0.503752 	 1.237911 
0.51879 	 1.240387 
0.533978 	 1.099479 
0.549318 	 0.7305356 
0.564811 	 0.5219008 
0.580459 	 0.4444047 
0.596263 	 0.3857508 
0.612226 	 0.359165 
0.628348 	 0.3390901 
0.644632 	 0.3427373 
0.661078 	 0.3974 
0.677689 	 0.4951342 
0.694466 	 0.5726859 
0.71141 	 0.5816337 
0.728525 	 0.5474836 
0.74581 	 0.5192697 
0.763268 	 0.5090508 
0.780901 	 0.5092358 
0.79871 	 0.535064 
0.816697 	 0.5493369 
0.834864 	 0.5333938 
0.853212 	 0.4712569 
0.871744 	 0.356169 
0.890462 	 0.2938021 
0.909366 	 0.2648374 
0.92846 	 0.2262834 
0.947745 	 0.1917044 
0.967222 	 0.1586268 
0.986894 	 0.1355463 
1.006763 	 0.1207534 
1.026831 	 0.1050085 
1.047099 	 0.08689263 
1.06757 	 0.07342204 
1.088246 	 0.05771738 
1.109128 	 0.04405886 
1.13022 	 0.02995725 
1.151522 	 0.01605446 
1.173037 	 0.01382722 
1.194768 	 0.01799169 
1.216715 	 0.02018092 
1.238882 	 0.009482144 
1.261271 	 0.006370328 
1.283884 	 0.005353167 
1.306723 	 0.003236876 
1.32979 	 0.002648121 
1.353088 	 0.002388996 
1.376619 	 0.002249085 
1.400385 	 0.002180542 
1.424389 	 0.002204306 
1.448633 	 0.001976001 
1.473119 	 0.001862665 
1.49785 	 0.001633239 
1.522829 	 0.0021597 
1.548057 	 0.004631856 
1.573538 	 0.004447915 
1.599273 	 0.002890403 
1.625266 	 0.002219076 
1.651518 	 0.001752955 
1.678033 	 0.001340178 
1.704814 	 0.001066264 
1.731862 	 0.0008090616 
1.759181 	 0.0005866279 
1.786772 	 0.0003367426 
1.81464 	 0.0001457038 
1.842787 	 7.76749e-05 
1.871214 	 5.460485e-05 
1.899927 	 3.823896e-05 
1.928926 	 3.281225e-05 
1.958215 	 3.363351e-05 
1.987797 	 3.108971e-05 
2.017675 	 1.930996e-05 
2.047852 	 1.199121e-05 
2.07833 	 4.892891e-06 
2.109114 	 1.353748e-06 
2.140205 	 9.864104e-07 
2.171607 	 4.725495e-07 
2.203323 	 2.657676e-07 
2.235356 	 1.653771e-07 
2.26771 	 1.011701e-07 
2.300387 	 5.389119e-08 
2.333391 	 3.030661e-08 
2.366725 	 1.271101e-08 
2.400392 	 6.429244e-09 
2.434396 	 7.931715e-09 
2.46874 	 1.296683e-08 
2.503427 	 1.066113e-07 
2.538461 	 5.264181e-07 
2.573846 	 8.000785e-07 
2.609585 	 4.049986e-07 
2.64568 	 1.331983e-07 
2.682137 	 1.031037e-08 
2.718959 	 2.294689e-10 
2.756148 	 3.840563e-13 
2.79371 	 2.886345e-17 
2.831647 	 6.493654e-22 
2.869963 	 2.189337e-28 
2.908663 	 5.78842e-36 
2.947749 	 4.526561e-47 
2.987227 	 1.861766e-59 
3.027099 	 6.31032e-77 
3.06737 	 2.042985e-97 
3.108044 	 1.984966e-122 
3.149124 	 7.460413e-145 
3.190616 	 1.985834e-165 
3.232522 	 4.840409e-193 
3.274847 	 3.361373e-206 
3.317595 	 4.650306e-226 
3.360771 	 7.732879e-232 
3.404379 	 1.721756e-240 
3.448423 	 2.673497e-244 
3.492907 	 1.901838e-246 
3.537836 	 5.797946e-249 
3.583215 	 1.422382e-248 
3.629047 	 3.228315e-249 
3.675337 	 8.273331e-249 
3.722091 	 9.993241e-249 
3.769311 	 9.177364e-249 
3.817005 	 1.013551e-248 
3.865175 	 1.194448e-248 
3.913826 	 1.416366e-248 
3.962965 	 1.632253e-248 
4.012594 	 2.059251e-248 
4.06272 	 2.605435e-248 
4.113347 	 3.618598e-248 
4.164481 	 4.122543e-248 
4.216126 	 5.007882e-248 
4.268287 	 6.610993e-248 
4.32097 	 9.362415e-248 
4.37418 	 1.276178e-247 
4.427921 	 1.184847e-247 
4.482201 	 1.403474e-247 
4.537023 	 4.938863e-247 
4.592393 	 1.457066e-246 
4.648317 	 2.273576e-246 
4.7048 	 4.68963e-246 
4.761848 	 8.695152e-246 
4.819466 	 1.404061e-245 
4.877661 	 2.067709e-245 
4.936438 	 2.750349e-245 
4.995802 	 2.199479e-245 
5.05576 	 1.813564e-245 
5.116318 	 7.881703e-246 
5.177481 	 1.12316e-245 
5.239256 	 1.665022e-245 
5.301648 	 1.402672e-245 
5.364665 	 1.02829e-245 
5.428311 	 8.032654e-246 
5.492594 	 7.853447e-246 
5.55752 	 7.404749e-246 
5.623096 	 5.582051e-246 
5.689326 	 4.567448e-246 
5.75622 	 3.796762e-246 
5.823782 	 3.288348e-246 
5.89202 	 3.202254e-246 
5.96094 	 2.829688e-246 
