0.01 	 2.924471e-80 
0.0201 	 2.137741e-79 
0.030301 	 8.485454e-79 
0.040604 	 3.0497e-78 
0.05101 	 1.007055e-77 
0.06152 	 3.341873e-77 
0.072135 	 1.253422e-76 
0.082857 	 4.660823e-76 
0.093685 	 1.2446e-75 
0.104622 	 2.929674e-75 
0.115668 	 5.887184e-75 
0.126825 	 1.046129e-74 
0.138093 	 1.972426e-74 
0.149474 	 3.797591e-74 
0.160969 	 5.573635e-74 
0.172579 	 9.362701e-74 
0.184304 	 1.643667e-73 
0.196147 	 2.718657e-73 
0.208109 	 4.921842e-73 
0.22019 	 9.675465e-73 
0.232392 	 1.644852e-72 
0.244716 	 2.131488e-72 
0.257163 	 3.509768e-72 
0.269735 	 5.524842e-72 
0.282432 	 6.326254e-72 
0.295256 	 8.666351e-72 
0.308209 	 1.010775e-71 
0.321291 	 8.617415e-72 
0.334504 	 1.534947e-71 
0.347849 	 5.91937e-71 
0.361327 	 2.255332e-70 
0.374941 	 1.563031e-69 
0.38869 	 1.517691e-68 
0.402577 	 1.592926e-67 
0.416603 	 2.954763e-66 
0.430769 	 6.418619e-65 
0.445076 	 1.110224e-63 
0.459527 	 3.184768e-62 
0.474123 	 1.078938e-60 
0.488864 	 3.364468e-59 
0.503752 	 1.64057e-57 
0.51879 	 7.949418e-56 
0.533978 	 2.541659e-54 
0.549318 	 9.937376e-53 
0.564811 	 3.519503e-51 
0.580459 	 7.054255e-50 
0.596263 	 1.217432e-48 
0.612226 	 1.364852e-47 
0.628348 	 1.016537e-46 
0.644632 	 5.705587e-46 
0.661078 	 3.766652e-45 
0.677689 	 2.387324e-44 
0.694466 	 1.48469e-43 
0.71141 	 1.286032e-42 
0.728525 	 1.440646e-41 
0.74581 	 2.241149e-40 
0.763268 	 5.582183e-39 
0.780901 	 1.397145e-37 
0.79871 	 1.811918e-36 
0.816697 	 1.332726e-35 
0.834864 	 5.357475e-35 
0.853212 	 1.00594e-34 
0.871744 	 1.177914e-34 
0.890462 	 1.120352e-34 
0.909366 	 1.152221e-34 
0.92846 	 1.48523e-34 
0.947745 	 2.063931e-34 
0.967222 	 2.486306e-34 
0.986894 	 3.186801e-34 
1.006763 	 4.764598e-34 
1.026831 	 8.689881e-34 
1.047099 	 1.62884e-33 
1.06757 	 2.755975e-33 
1.088246 	 3.376948e-33 
1.109128 	 2.984074e-33 
1.13022 	 1.617948e-33 
1.151522 	 6.385031e-34 
1.173037 	 1.861737e-34 
1.194768 	 3.112068e-35 
1.216715 	 3.470889e-36 
1.238882 	 3.508941e-37 
1.261271 	 2.525051e-38 
1.283884 	 1.381861e-39 
1.306723 	 6.319803e-41 
1.32979 	 1.74783e-42 
1.353088 	 3.680013e-44 
1.376619 	 7.401047e-46 
1.400385 	 1.21772e-47 
1.424389 	 1.64599e-49 
1.448633 	 2.652153e-51 
1.473119 	 3.25101e-53 
1.49785 	 3.272334e-55 
1.522829 	 4.135946e-57 
1.548057 	 3.581456e-59 
1.573538 	 2.786698e-61 
1.599273 	 3.611055e-63 
1.625266 	 4.833524e-65 
1.651518 	 8.361053e-67 
1.678033 	 3.207904e-68 
1.704814 	 1.065846e-69 
1.731862 	 3.896928e-71 
1.759181 	 2.263545e-72 
1.786772 	 1.27291e-73 
1.81464 	 5.595067e-75 
1.842787 	 2.43208e-76 
1.871214 	 1.428559e-77 
1.899927 	 5.469545e-79 
1.928926 	 1.888487e-80 
1.958215 	 6.133606e-82 
1.987797 	 1.294849e-83 
2.017675 	 6.259599e-85 
2.047852 	 7.797809e-86 
2.07833 	 8.383544e-87 
2.109114 	 1.055738e-87 
2.140205 	 2.570034e-88 
2.171607 	 4.721561e-89 
2.203323 	 1.431513e-89 
2.235356 	 1.213368e-89 
2.26771 	 6.69693e-90 
2.300387 	 3.901623e-90 
2.333391 	 3.96681e-90 
2.366725 	 2.646863e-90 
2.400392 	 2.406106e-90 
2.434396 	 3.39241e-90 
2.46874 	 1.813513e-90 
2.503427 	 1.445718e-90 
2.538461 	 4.661687e-90 
2.573846 	 1.407676e-89 
2.609585 	 3.599976e-89 
2.64568 	 1.533386e-88 
2.682137 	 3.618238e-88 
2.718959 	 9.41958e-88 
2.756148 	 4.864427e-87 
2.79371 	 2.258803e-86 
2.831647 	 7.079627e-86 
2.869963 	 2.996986e-85 
2.908663 	 1.049102e-84 
2.947749 	 2.648486e-84 
2.987227 	 8.593121e-84 
3.027099 	 2.000022e-83 
3.06737 	 3.859389e-83 
3.108044 	 9.778359e-83 
3.149124 	 2.764974e-82 
3.190616 	 4.609581e-82 
3.232522 	 1.224081e-81 
3.274847 	 7.426853e-81 
3.317595 	 4.280853e-80 
3.360771 	 2.9265e-79 
3.404379 	 2.804165e-78 
3.448423 	 3.525633e-77 
3.492907 	 1.026339e-75 
3.537836 	 5.997485e-74 
3.583215 	 4.641284e-72 
3.629047 	 5.672594e-70 
3.675337 	 9.235546e-68 
3.722091 	 1.788296e-65 
3.769311 	 3.616639e-63 
3.817005 	 8.617677e-61 
3.865175 	 1.449279e-58 
3.913826 	 1.987437e-56 
3.962965 	 2.841466e-54 
4.012594 	 3.039319e-52 
4.06272 	 2.859587e-50 
4.113347 	 2.437523e-48 
4.164481 	 1.345121e-46 
4.216126 	 5.491749e-45 
4.268287 	 1.765669e-43 
4.32097 	 2.898645e-42 
4.37418 	 3.434231e-41 
4.427921 	 3.816974e-40 
4.482201 	 4.58687e-39 
4.537023 	 6.963119e-38 
4.592393 	 1.303781e-36 
4.648317 	 2.200109e-35 
4.7048 	 4.681729e-34 
4.761848 	 1.105735e-32 
4.819466 	 1.989098e-31 
4.877661 	 3.681681e-30 
4.936438 	 7.773843e-29 
4.995802 	 1.779631e-27 
5.05576 	 7.217957e-26 
5.116318 	 4.695592e-24 
5.177481 	 4.937738e-22 
5.239256 	 1.236317e-19 
5.301648 	 6.000135e-17 
5.364665 	 4.543076e-14 
5.428311 	 5.962574e-11 
5.492594 	 9.880048e-08 
5.55752 	 0.0001200061 
5.623096 	 0.05502309 
5.689326 	 3.897486 
5.75622 	 10.71235 
5.823782 	 0.2470379 
5.89202 	 5.240859e-06 
5.96094 	 2.832346e-13 
