0.01 	 1.073172e-08 
0.0201 	 2.061856e-08 
0.030301 	 2.765736e-08 
0.040604 	 3.029234e-08 
0.05101 	 3.147259e-08 
0.06152 	 3.570877e-08 
0.072135 	 5.252832e-08 
0.082857 	 9.536575e-08 
0.093685 	 1.871798e-07 
0.104622 	 3.58353e-07 
0.115668 	 8.232245e-07 
0.126825 	 1.61777e-06 
0.138093 	 2.924891e-06 
0.149474 	 4.947941e-06 
0.160969 	 7.497669e-06 
0.172579 	 1.089835e-05 
0.184304 	 1.505022e-05 
0.196147 	 1.930268e-05 
0.208109 	 2.28974e-05 
0.22019 	 2.782941e-05 
0.232392 	 3.551578e-05 
0.244716 	 4.588779e-05 
0.257163 	 6.036391e-05 
0.269735 	 7.720614e-05 
0.282432 	 9.157047e-05 
0.295256 	 0.0001046146 
0.308209 	 0.0001168812 
0.321291 	 0.0001332476 
0.334504 	 0.00016441 
0.347849 	 0.0002132654 
0.361327 	 0.0002849689 
0.374941 	 0.0004128024 
0.38869 	 0.0006643914 
0.402577 	 0.001209169 
0.416603 	 0.002473126 
0.430769 	 0.005073211 
0.445076 	 0.009810375 
0.459527 	 0.01767693 
0.474123 	 0.03113093 
0.488864 	 0.05428633 
0.503752 	 0.09565406 
0.51879 	 0.165364 
0.533978 	 0.2544113 
0.549318 	 0.3465873 
0.564811 	 0.4812492 
0.580459 	 0.6713588 
0.596263 	 0.9134978 
0.612226 	 1.245689 
0.628348 	 1.692361 
0.644632 	 2.391272 
0.661078 	 3.264698 
0.677689 	 4.207235 
0.694466 	 5.080972 
0.71141 	 5.714131 
0.728525 	 5.943101 
0.74581 	 5.668518 
0.763268 	 4.954338 
0.780901 	 4.064301 
0.79871 	 3.216922 
0.816697 	 2.46707 
0.834864 	 1.801818 
0.853212 	 1.258355 
0.871744 	 0.8610681 
0.890462 	 0.5693552 
0.909366 	 0.3558629 
0.92846 	 0.2054212 
0.947745 	 0.1034815 
0.967222 	 0.04551098 
0.986894 	 0.01744652 
1.006763 	 0.005481519 
1.026831 	 0.001456833 
1.047099 	 0.000344962 
1.06757 	 7.976782e-05 
1.088246 	 1.887483e-05 
1.109128 	 4.618245e-06 
1.13022 	 1.070819e-06 
1.151522 	 2.71255e-07 
1.173037 	 8.261427e-08 
1.194768 	 2.65139e-08 
1.216715 	 8.695305e-09 
1.238882 	 3.114451e-09 
1.261271 	 1.111757e-09 
1.283884 	 3.850351e-10 
1.306723 	 1.363541e-10 
1.32979 	 4.04446e-11 
1.353088 	 1.018349e-11 
1.376619 	 2.498031e-12 
1.400385 	 5.390732e-13 
1.424389 	 1.013685e-13 
1.448633 	 1.907371e-14 
1.473119 	 3.082693e-15 
1.49785 	 5.006273e-16 
1.522829 	 1.003619e-16 
1.548057 	 1.856777e-17 
1.573538 	 3.320204e-18 
1.599273 	 6.83e-19 
1.625266 	 1.24228e-19 
1.651518 	 2.410399e-20 
1.678033 	 5.93409e-21 
1.704814 	 1.333303e-21 
1.731862 	 3.11107e-22 
1.759181 	 9.553627e-23 
1.786772 	 3.365852e-23 
1.81464 	 1.021741e-23 
1.842787 	 2.964215e-24 
1.871214 	 9.704904e-25 
1.899927 	 2.830419e-25 
1.928926 	 9.379222e-26 
1.958215 	 2.985723e-26 
1.987797 	 6.083466e-27 
2.017675 	 1.366777e-27 
2.047852 	 3.550509e-28 
2.07833 	 6.369063e-29 
2.109114 	 9.645249e-30 
2.140205 	 1.673688e-30 
2.171607 	 2.483769e-31 
2.203323 	 4.770698e-32 
2.235356 	 1.685926e-32 
2.26771 	 5.698654e-33 
2.300387 	 1.944312e-33 
2.333391 	 7.594597e-34 
2.366725 	 3.365499e-34 
2.400392 	 1.53366e-34 
2.434396 	 7.409698e-35 
2.46874 	 1.983644e-35 
2.503427 	 5.142654e-36 
2.538461 	 3.139277e-36 
2.573846 	 1.761187e-36 
2.609585 	 1.114361e-36 
2.64568 	 8.204671e-37 
2.682137 	 5.733368e-37 
2.718959 	 2.924207e-37 
2.756148 	 1.096474e-37 
2.79371 	 2.257341e-38 
2.831647 	 1.713443e-39 
2.869963 	 1.608464e-41 
2.908663 	 1.748818e-44 
2.947749 	 1.266928e-49 
2.987227 	 2.601012e-56 
3.027099 	 3.499556e-66 
3.06737 	 2.237764e-79 
3.108044 	 1.305059e-98 
3.149124 	 6.908813e-117 
3.190616 	 8.80836e-136 
3.232522 	 2.333895e-164 
3.274847 	 1.769968e-179 
3.317595 	 9.426338e-204 
3.360771 	 8.632605e-212 
3.404379 	 3.516675e-224 
3.448423 	 9.029434e-230 
3.492907 	 3.980997e-234 
3.537836 	 9.562065e-241 
3.583215 	 1.725304e-245 
3.629047 	 7.029416e-252 
3.675337 	 2.441867e-258 
3.722091 	 5.542836e-265 
3.769311 	 5.444513e-273 
3.817005 	 3.946799e-280 
3.865175 	 7.816533e-289 
3.913826 	 6.145402e-296 
3.962965 	 4.114625e-303 
4.012594 	 7.031114e-312 
4.06272 	 1.44440091562e-318 
4.113347 	 0.0 
4.164481 	 0.0 
4.216126 	 0.0 
4.268287 	 0.0 
4.32097 	 0.0 
4.37418 	 0.0 
4.427921 	 0.0 
4.482201 	 0.0 
4.537023 	 0.0 
4.592393 	 0.0 
4.648317 	 0.0 
4.7048 	 0.0 
4.761848 	 0.0 
4.819466 	 0.0 
4.877661 	 0.0 
4.936438 	 0.0 
4.995802 	 0.0 
5.05576 	 0.0 
5.116318 	 0.0 
5.177481 	 0.0 
5.239256 	 0.0 
5.301648 	 0.0 
5.364665 	 0.0 
5.428311 	 0.0 
5.492594 	 0.0 
5.55752 	 0.0 
5.623096 	 0.0 
5.689326 	 0.0 
5.75622 	 0.0 
5.823782 	 0.0 
5.89202 	 0.0 
5.96094 	 0.0 
