0.01 	 7.942245e-09 
0.0201 	 1.179909e-08 
0.030301 	 1.05975e-08 
0.040604 	 7.775022e-09 
0.05101 	 5.534059e-09 
0.06152 	 4.437357e-09 
0.072135 	 4.881733e-09 
0.082857 	 7.136541e-09 
0.093685 	 1.097049e-08 
0.104622 	 1.505467e-08 
0.115668 	 2.623643e-08 
0.126825 	 3.920393e-08 
0.138093 	 5.73118e-08 
0.149474 	 8.133223e-08 
0.160969 	 1.066314e-07 
0.172579 	 1.301865e-07 
0.184304 	 1.540666e-07 
0.196147 	 1.749363e-07 
0.208109 	 1.940707e-07 
0.22019 	 2.367523e-07 
0.232392 	 3.230963e-07 
0.244716 	 4.593642e-07 
0.257163 	 6.76863e-07 
0.269735 	 9.278995e-07 
0.282432 	 1.045562e-06 
0.295256 	 9.796678e-07 
0.308209 	 8.557356e-07 
0.321291 	 7.971967e-07 
0.334504 	 9.069516e-07 
0.347849 	 1.256377e-06 
0.361327 	 2.105668e-06 
0.374941 	 4.342056e-06 
0.38869 	 1.143928e-05 
0.402577 	 3.653395e-05 
0.416603 	 0.0001277881 
0.430769 	 0.0003683773 
0.445076 	 0.0007974265 
0.459527 	 0.001380062 
0.474123 	 0.002132444 
0.488864 	 0.003172385 
0.503752 	 0.004823974 
0.51879 	 0.007301545 
0.533978 	 0.008740805 
0.549318 	 0.007928151 
0.564811 	 0.008946532 
0.580459 	 0.01288888 
0.596263 	 0.01933834 
0.612226 	 0.03106959 
0.628348 	 0.05713415 
0.644632 	 0.119267 
0.661078 	 0.2516981 
0.677689 	 0.5031746 
0.694466 	 0.9365489 
0.71141 	 1.487507 
0.728525 	 2.064493 
0.74581 	 2.633173 
0.763268 	 3.164971 
0.780901 	 3.631471 
0.79871 	 4.019605 
0.816697 	 4.286002 
0.834864 	 4.462488 
0.853212 	 4.806533 
0.871744 	 5.162166 
0.890462 	 4.765677 
0.909366 	 3.964386 
0.92846 	 3.059563 
0.947745 	 2.166918 
0.967222 	 1.405511 
0.986894 	 0.832242 
1.006763 	 0.4334339 
1.026831 	 0.1991751 
1.047099 	 0.08152286 
1.06757 	 0.03069616 
1.088246 	 0.01078632 
1.109128 	 0.003440949 
1.13022 	 0.0008992805 
1.151522 	 0.0002117926 
1.173037 	 5.906187e-05 
1.194768 	 1.716534e-05 
1.216715 	 5.085268e-06 
1.238882 	 1.58955e-06 
1.261271 	 4.607098e-07 
1.283884 	 1.141499e-07 
1.306723 	 2.816644e-08 
1.32979 	 7.390173e-09 
1.353088 	 2.113537e-09 
1.376619 	 6.848435e-10 
1.400385 	 2.042091e-10 
1.424389 	 5.255042e-11 
1.448633 	 1.372173e-11 
1.473119 	 3.224995e-12 
1.49785 	 7.478882e-13 
1.522829 	 2.092526e-13 
1.548057 	 5.784691e-14 
1.573538 	 2.044345e-14 
1.599273 	 7.399839e-15 
1.625266 	 1.862721e-15 
1.651518 	 5.002682e-16 
1.678033 	 1.721205e-16 
1.704814 	 6.121458e-17 
1.731862 	 2.206233e-17 
1.759181 	 9.499776e-18 
1.786772 	 3.427733e-18 
1.81464 	 8.731835e-19 
1.842787 	 2.899939e-19 
1.871214 	 1.399884e-19 
1.899927 	 7.055406e-20 
1.928926 	 4.424407e-20 
1.958215 	 3.442126e-20 
1.987797 	 2.21166e-20 
2.017675 	 1.579783e-20 
2.047852 	 1.334576e-20 
2.07833 	 8.647374e-21 
2.109114 	 4.945969e-21 
2.140205 	 3.021823e-21 
2.171607 	 1.58262e-21 
2.203323 	 7.451218e-22 
2.235356 	 3.618135e-22 
2.26771 	 2.308887e-22 
2.300387 	 2.126723e-22 
2.333391 	 2.580566e-22 
2.366725 	 4.141062e-22 
2.400392 	 6.421913e-22 
2.434396 	 8.922674e-22 
2.46874 	 1.020241e-21 
2.503427 	 1.224297e-21 
2.538461 	 1.90421e-21 
2.573846 	 2.448629e-21 
2.609585 	 1.931194e-21 
2.64568 	 1.175856e-21 
2.682137 	 2.334801e-22 
2.718959 	 1.829086e-23 
2.756148 	 2.435201e-25 
2.79371 	 1.962548e-28 
2.831647 	 1.501692e-32 
2.869963 	 6.346948e-39 
2.908663 	 1.689923e-46 
2.947749 	 4.434238e-58 
2.987227 	 2.392093e-70 
3.027099 	 2.528002e-87 
3.06737 	 5.643856e-106 
3.108044 	 1.760812e-130 
3.149124 	 1.256945e-152 
3.190616 	 3.48542e-173 
3.232522 	 9.943507e-203 
3.274847 	 3.634659e-218 
3.317595 	 3.069919e-242 
3.360771 	 2.294152e-251 
3.404379 	 2.096842e-264 
3.448423 	 1.263384e-272 
3.492907 	 2.17007e-279 
3.537836 	 6.452309e-288 
3.583215 	 2.063524e-293 
3.629047 	 1.975769e-300 
3.675337 	 5.825313e-307 
3.722091 	 2.089268e-312 
3.769311 	 3.41320310773e-319 
3.817005 	 0.0 
3.865175 	 0.0 
3.913826 	 0.0 
3.962965 	 0.0 
4.012594 	 0.0 
4.06272 	 0.0 
4.113347 	 0.0 
4.164481 	 0.0 
4.216126 	 0.0 
4.268287 	 0.0 
4.32097 	 0.0 
4.37418 	 0.0 
4.427921 	 0.0 
4.482201 	 0.0 
4.537023 	 0.0 
4.592393 	 0.0 
4.648317 	 0.0 
4.7048 	 0.0 
4.761848 	 0.0 
4.819466 	 0.0 
4.877661 	 0.0 
4.936438 	 0.0 
4.995802 	 0.0 
5.05576 	 0.0 
5.116318 	 0.0 
5.177481 	 0.0 
5.239256 	 0.0 
5.301648 	 0.0 
5.364665 	 0.0 
5.428311 	 0.0 
5.492594 	 0.0 
5.55752 	 0.0 
5.623096 	 0.0 
5.689326 	 0.0 
5.75622 	 0.0 
5.823782 	 0.0 
5.89202 	 0.0 
5.96094 	 0.0 
