0.01 	 6.317579e-27 
0.0201 	 5.846824e-26 
0.030301 	 1.82844e-25 
0.040604 	 3.320491e-25 
0.05101 	 5.711587e-25 
0.06152 	 7.517747e-25 
0.072135 	 8.018143e-25 
0.082857 	 8.92607e-25 
0.093685 	 8.797528e-25 
0.104622 	 8.141735e-25 
0.115668 	 7.889374e-25 
0.126825 	 7.227949e-25 
0.138093 	 5.976552e-25 
0.149474 	 5.469124e-25 
0.160969 	 6.139131e-25 
0.172579 	 7.676426e-25 
0.184304 	 1.079221e-24 
0.196147 	 1.703655e-24 
0.208109 	 2.945127e-24 
0.22019 	 6.019968e-24 
0.232392 	 1.525187e-23 
0.244716 	 3.344461e-23 
0.257163 	 6.794558e-23 
0.269735 	 1.274258e-22 
0.282432 	 2.167444e-22 
0.295256 	 3.528929e-22 
0.308209 	 5.449118e-22 
0.321291 	 6.305999e-22 
0.334504 	 5.684983e-22 
0.347849 	 4.001553e-22 
0.361327 	 2.046787e-22 
0.374941 	 8.506321e-23 
0.38869 	 3.140812e-23 
0.402577 	 9.382086e-24 
0.416603 	 2.444846e-24 
0.430769 	 5.499752e-25 
0.445076 	 1.214887e-25 
0.459527 	 2.863091e-26 
0.474123 	 6.985178e-27 
0.488864 	 1.809813e-27 
0.503752 	 4.84829e-28 
0.51879 	 1.115111e-28 
0.533978 	 2.210728e-29 
0.549318 	 4.040566e-30 
0.564811 	 6.35162e-31 
0.580459 	 9.392443e-32 
0.596263 	 1.448208e-32 
0.612226 	 2.123961e-33 
0.628348 	 3.301136e-34 
0.644632 	 5.383147e-35 
0.661078 	 9.324791e-36 
0.677689 	 1.308948e-36 
0.694466 	 1.617453e-37 
0.71141 	 2.153911e-38 
0.728525 	 2.74033e-39 
0.74581 	 3.82728e-40 
0.763268 	 6.344277e-41 
0.780901 	 1.014736e-41 
0.79871 	 1.675189e-42 
0.816697 	 3.04149e-43 
0.834864 	 4.698103e-44 
0.853212 	 6.594482e-45 
0.871744 	 9.631047e-46 
0.890462 	 1.108501e-46 
0.909366 	 1.394995e-47 
0.92846 	 2.009247e-48 
0.947745 	 2.603418e-49 
0.967222 	 3.713363e-50 
0.986894 	 5.63854e-51 
1.006763 	 7.469748e-52 
1.026831 	 1.110578e-52 
1.047099 	 1.792501e-53 
1.06757 	 2.500888e-54 
1.088246 	 3.496587e-55 
1.109128 	 5.944703e-56 
1.13022 	 8.945e-57 
1.151522 	 1.761499e-57 
1.173037 	 4.584663e-58 
1.194768 	 1.32797e-58 
1.216715 	 3.672135e-59 
1.238882 	 1.29786e-59 
1.261271 	 5.263083e-60 
1.283884 	 2.05461e-60 
1.306723 	 8.687115e-61 
1.32979 	 3.591809e-61 
1.353088 	 1.37157e-61 
1.376619 	 5.647891e-62 
1.400385 	 2.385441e-62 
1.424389 	 9.68763e-63 
1.448633 	 4.811459e-63 
1.473119 	 2.528136e-63 
1.49785 	 1.368519e-63 
1.522829 	 9.219573e-64 
1.548057 	 6.288536e-64 
1.573538 	 4.593654e-64 
1.599273 	 4.674472e-64 
1.625266 	 4.676747e-64 
1.651518 	 4.894979e-64 
1.678033 	 7.103542e-64 
1.704814 	 9.959949e-64 
1.731862 	 1.480971e-63 
1.759181 	 2.976948e-63 
1.786772 	 6.706673e-63 
1.81464 	 1.082265e-62 
1.842787 	 1.766605e-62 
1.871214 	 3.214167e-62 
1.899927 	 5.766038e-62 
1.928926 	 1.06693e-61 
1.958215 	 1.669908e-61 
1.987797 	 1.630697e-61 
2.017675 	 1.661852e-61 
2.047852 	 1.600152e-61 
2.07833 	 9.63418e-62 
2.109114 	 4.770102e-62 
2.140205 	 2.440109e-62 
2.171607 	 1.006554e-62 
2.203323 	 6.020993e-63 
2.235356 	 4.976887e-63 
2.26771 	 2.5348e-63 
2.300387 	 8.527328e-64 
2.333391 	 3.465692e-64 
2.366725 	 1.122262e-64 
2.400392 	 5.970669e-65 
2.434396 	 3.704276e-65 
2.46874 	 9.512231e-66 
2.503427 	 3.283939e-66 
2.538461 	 3.773776e-66 
2.573846 	 5.637118e-66 
2.609585 	 9.663342e-66 
2.64568 	 3.377706e-65 
2.682137 	 1.504552e-64 
2.718959 	 1.326486e-63 
2.756148 	 3.418724e-62 
2.79371 	 1.423578e-60 
2.831647 	 1.172177e-58 
2.869963 	 1.6871e-56 
2.908663 	 5.095871e-54 
2.947749 	 3.164744e-51 
2.987227 	 7.975982e-48 
3.027099 	 1.249946e-43 
3.06737 	 9.293848e-39 
3.108044 	 1.151254e-31 
3.149124 	 1.569938e-26 
3.190616 	 3.207885e-21 
3.232522 	 2.380185e-15 
3.274847 	 3.478781e-12 
3.317595 	 4.680708e-09 
3.360771 	 4.824004e-07 
3.404379 	 2.444964e-05 
3.448423 	 0.0006376763 
3.492907 	 0.01309545 
3.537836 	 0.1478818 
3.583215 	 0.9210568 
3.629047 	 3.11437 
3.675337 	 5.79039 
3.722091 	 6.07574 
3.769311 	 3.665129 
3.817005 	 1.33595 
3.865175 	 0.2464504 
3.913826 	 0.04454842 
3.962965 	 0.005717469 
4.012594 	 0.0005140916 
4.06272 	 3.497298e-05 
4.113347 	 1.850367e-06 
4.164481 	 7.020062e-08 
4.216126 	 1.701692e-09 
4.268287 	 3.314968e-11 
4.32097 	 3.972966e-13 
4.37418 	 2.603683e-15 
4.427921 	 1.157783e-17 
4.482201 	 2.912472e-20 
4.537023 	 3.761512e-23 
4.592393 	 3.090716e-26 
4.648317 	 1.381147e-29 
4.7048 	 3.696642e-33 
4.761848 	 1.265658e-36 
4.819466 	 7.146774e-40 
4.877661 	 7.841035e-43 
4.936438 	 1.594295e-45 
4.995802 	 1.209341e-47 
5.05576 	 7.894864e-50 
5.116318 	 1.579911e-53 
5.177481 	 2.649366e-56 
5.239256 	 2.252594e-60 
5.301648 	 1.454186e-63 
5.364665 	 3.855246e-67 
5.428311 	 6.879323e-72 
5.492594 	 1.324141e-75 
5.55752 	 1.53802e-80 
5.623096 	 1.202676e-84 
5.689326 	 1.081838e-89 
5.75622 	 4.961566e-94 
5.823782 	 1.333809e-98 
5.89202 	 9.050432e-104 
5.96094 	 4.570807e-108 
