0.01 	 0.005277208 
0.0201 	 0.03181323 
0.030301 	 0.108993 
0.040604 	 0.2619804 
0.05101 	 0.5177287 
0.06152 	 0.9252484 
0.072135 	 1.549442 
0.082857 	 2.437967 
0.093685 	 3.617302 
0.104622 	 5.006477 
0.115668 	 6.968726 
0.126825 	 9.09023 
0.138093 	 10.81296 
0.149474 	 11.4114 
0.160969 	 10.43204 
0.172579 	 8.097341 
0.184304 	 5.507649 
0.196147 	 3.479299 
0.208109 	 2.151281 
0.22019 	 1.362606 
0.232392 	 0.8931988 
0.244716 	 0.5848017 
0.257163 	 0.4052358 
0.269735 	 0.2947663 
0.282432 	 0.2342699 
0.295256 	 0.2096697 
0.308209 	 0.2066987 
0.321291 	 0.203696 
0.334504 	 0.1956639 
0.347849 	 0.1760549 
0.361327 	 0.137867 
0.374941 	 0.09411034 
0.38869 	 0.05421482 
0.402577 	 0.02525574 
0.416603 	 0.009742174 
0.430769 	 0.003185365 
0.445076 	 0.0008903087 
0.459527 	 0.0002210096 
0.474123 	 4.890043e-05 
0.488864 	 9.669578e-06 
0.503752 	 1.58339e-06 
0.51879 	 2.124244e-07 
0.533978 	 2.163006e-08 
0.549318 	 1.673343e-09 
0.564811 	 9.956503e-11 
0.580459 	 4.862011e-12 
0.596263 	 2.080793e-13 
0.612226 	 7.642774e-15 
0.628348 	 2.478034e-16 
0.644632 	 7.054077e-18 
0.661078 	 1.808025e-19 
0.677689 	 3.884828e-21 
0.694466 	 6.995314e-23 
0.71141 	 1.373247e-24 
0.728525 	 2.704942e-26 
0.74581 	 5.316279e-28 
0.763268 	 1.145199e-29 
0.780901 	 2.373457e-31 
0.79871 	 4.701844e-33 
0.816697 	 1.034413e-34 
0.834864 	 2.015267e-36 
0.853212 	 3.187349e-38 
0.871744 	 5.363167e-40 
0.890462 	 7.372365e-42 
0.909366 	 9.509446e-44 
0.92846 	 1.358057e-45 
0.947745 	 1.903569e-47 
0.967222 	 3.103871e-49 
0.986894 	 5.958214e-51 
1.006763 	 9.459514e-53 
1.026831 	 1.398214e-54 
1.047099 	 1.978112e-56 
1.06757 	 2.153119e-58 
1.088246 	 1.816557e-60 
1.109128 	 1.503108e-62 
1.13022 	 7.68771e-65 
1.151522 	 3.616799e-67 
1.173037 	 1.619092e-69 
1.194768 	 5.839416e-72 
1.216715 	 1.383104e-74 
1.238882 	 2.847163e-77 
1.261271 	 3.867934e-80 
1.283884 	 3.001435e-83 
1.306723 	 2.253643e-86 
1.32979 	 1.264824e-89 
1.353088 	 4.687079e-93 
1.376619 	 1.984568e-96 
1.400385 	 6.433291e-100 
1.424389 	 1.37338e-103 
1.448633 	 4.14178e-107 
1.473119 	 1.350704e-110 
1.49785 	 3.314207e-114 
1.522829 	 1.228049e-117 
1.548057 	 3.768873e-121 
1.573538 	 1.015201e-124 
1.599273 	 7.04549e-128 
1.625266 	 4.477958e-131 
1.651518 	 3.378136e-134 
1.678033 	 6.062821e-137 
1.704814 	 1.105387e-139 
1.731862 	 2.146838e-142 
1.759181 	 1.094242e-144 
1.786772 	 5.37194e-147 
1.81464 	 2.00715e-149 
1.842787 	 1.17061e-151 
1.871214 	 1.074434e-153 
1.899927 	 8.931062e-156 
1.928926 	 2.756993e-157 
1.958215 	 1.297164e-158 
1.987797 	 5.046384e-160 
2.017675 	 4.748552e-161 
2.047852 	 8.44257e-162 
2.07833 	 1.139114e-162 
2.109114 	 2.850393e-163 
2.140205 	 1.098787e-163 
2.171607 	 2.361955e-164 
2.203323 	 5.216573e-165 
2.235356 	 1.031597e-165 
2.26771 	 9.807586e-167 
2.300387 	 1.055748e-167 
2.333391 	 2.04241e-168 
2.366725 	 1.84719e-169 
2.400392 	 2.8997e-170 
2.434396 	 3.868848e-170 
2.46874 	 4.664879e-170 
2.503427 	 1.772824e-169 
2.538461 	 3.169775e-168 
2.573846 	 6.512906e-167 
2.609585 	 8.867464e-165 
2.64568 	 4.943464e-162 
2.682137 	 8.315212e-159 
2.718959 	 3.191193e-155 
2.756148 	 1.842884e-150 
2.79371 	 1.090989e-144 
2.831647 	 1.313486e-138 
2.869963 	 3.319067e-131 
2.908663 	 1.766924e-123 
2.947749 	 2.129438e-115 
2.987227 	 1.812101e-107 
3.027099 	 1.194941e-100 
3.06737 	 2.116628e-98 
3.108044 	 5.512124e-105 
3.149124 	 5.027018e-121 
3.190616 	 1.992423e-146 
3.232522 	 5.62298e-195 
3.274847 	 2.760772e-227 
3.317595 	 6.434697e-280 
3.360771 	 2.275564e-298 
3.404379 	 0.0 
3.448423 	 0.0 
3.492907 	 0.0 
3.537836 	 0.0 
3.583215 	 0.0 
3.629047 	 0.0 
3.675337 	 0.0 
3.722091 	 0.0 
3.769311 	 0.0 
3.817005 	 0.0 
3.865175 	 0.0 
3.913826 	 0.0 
3.962965 	 0.0 
4.012594 	 0.0 
4.06272 	 0.0 
4.113347 	 0.0 
4.164481 	 0.0 
4.216126 	 0.0 
4.268287 	 0.0 
4.32097 	 0.0 
4.37418 	 0.0 
4.427921 	 0.0 
4.482201 	 0.0 
4.537023 	 0.0 
4.592393 	 0.0 
4.648317 	 0.0 
4.7048 	 0.0 
4.761848 	 0.0 
4.819466 	 0.0 
4.877661 	 0.0 
4.936438 	 0.0 
4.995802 	 0.0 
5.05576 	 0.0 
5.116318 	 0.0 
5.177481 	 0.0 
5.239256 	 0.0 
5.301648 	 0.0 
5.364665 	 0.0 
5.428311 	 0.0 
5.492594 	 0.0 
5.55752 	 0.0 
5.623096 	 0.0 
5.689326 	 0.0 
5.75622 	 0.0 
5.823782 	 0.0 
5.89202 	 0.0 
5.96094 	 0.0 
