0.01 	 1.773967e-95 
0.0201 	 2.970354e-92 
0.030301 	 8.013606e-90 
0.040604 	 1.273013e-87 
0.05101 	 2.599764e-85 
0.06152 	 4.320496e-83 
0.072135 	 8.682391e-81 
0.082857 	 2.731232e-78 
0.093685 	 5.931134e-76 
0.104622 	 1.125281e-73 
0.115668 	 2.227522e-71 
0.126825 	 3.711752e-69 
0.138093 	 4.77745e-67 
0.149474 	 7.024385e-65 
0.160969 	 1.507138e-62 
0.172579 	 4.390527e-60 
0.184304 	 1.827738e-57 
0.196147 	 1.158866e-54 
0.208109 	 8.122404e-52 
0.22019 	 6.999172e-49 
0.232392 	 7.718725e-46 
0.244716 	 5.970939e-43 
0.257163 	 5.150837e-40 
0.269735 	 3.82133e-37 
0.282432 	 2.426952e-34 
0.295256 	 1.726284e-31 
0.308209 	 1.187531e-28 
0.321291 	 5.522374e-26 
0.334504 	 1.878324e-23 
0.347849 	 4.150851e-21 
0.361327 	 4.247293e-19 
0.374941 	 2.717976e-17 
0.38869 	 1.286463e-15 
0.402577 	 4.941004e-14 
0.416603 	 1.867005e-12 
0.430769 	 6.644666e-11 
0.445076 	 2.150296e-09 
0.459527 	 6.545324e-08 
0.474123 	 1.665284e-06 
0.488864 	 3.255458e-05 
0.503752 	 0.0004739793 
0.51879 	 0.004783463 
0.533978 	 0.03254783 
0.549318 	 0.1499318 
0.564811 	 0.539932 
0.580459 	 1.175871 
0.596263 	 1.964855 
0.612226 	 2.415682 
0.628348 	 3.48214 
0.644632 	 4.760547 
0.661078 	 6.143376 
0.677689 	 7.231277 
0.694466 	 7.635012 
0.71141 	 7.119981 
0.728525 	 5.917623 
0.74581 	 4.311072 
0.763268 	 2.802273 
0.780901 	 1.714535 
0.79871 	 0.9978416 
0.816697 	 0.5520233 
0.834864 	 0.2900251 
0.853212 	 0.1353027 
0.871744 	 0.06025135 
0.890462 	 0.02393475 
0.909366 	 0.00902541 
0.92846 	 0.00313025 
0.947745 	 0.001032868 
0.967222 	 0.0003489476 
0.986894 	 0.0001040737 
1.006763 	 2.392485e-05 
1.026831 	 3.112921e-06 
1.047099 	 2.260816e-07 
1.06757 	 1.232345e-08 
1.088246 	 5.800749e-10 
1.109128 	 2.459785e-11 
1.13022 	 8.374189e-13 
1.151522 	 2.844957e-14 
1.173037 	 1.125005e-15 
1.194768 	 3.968159e-17 
1.216715 	 1.041697e-18 
1.238882 	 2.335078e-20 
1.261271 	 4.277702e-22 
1.283884 	 6.194517e-24 
1.306723 	 7.825045e-26 
1.32979 	 7.028792e-28 
1.353088 	 4.560296e-30 
1.376619 	 2.775006e-32 
1.400385 	 1.314038e-34 
1.424389 	 4.470095e-37 
1.448633 	 1.458598e-39 
1.473119 	 3.623305e-42 
1.49785 	 8.311055e-45 
1.522829 	 2.567818e-47 
1.548057 	 6.053145e-50 
1.573538 	 1.074489e-52 
1.599273 	 2.031404e-55 
1.625266 	 2.399601e-58 
1.651518 	 2.564304e-61 
1.678033 	 3.975374e-64 
1.704814 	 5.237765e-67 
1.731862 	 8.560559e-70 
1.759181 	 2.488022e-72 
1.786772 	 8.57662e-75 
1.81464 	 2.258766e-77 
1.842787 	 5.512011e-80 
1.871214 	 1.492663e-82 
1.899927 	 2.63762e-85 
1.928926 	 6.049011e-88 
1.958215 	 1.805366e-90 
1.987797 	 5.11611e-93 
2.017675 	 4.543631e-95 
2.047852 	 1.456125e-96 
2.07833 	 5.023407e-98 
2.109114 	 2.91236e-99 
2.140205 	 2.708862e-100 
2.171607 	 2.09051e-101 
2.203323 	 3.461947e-102 
2.235356 	 7.681378e-103 
2.26771 	 1.537046e-103 
2.300387 	 3.417248e-104 
2.333391 	 2.337971e-104 
2.366725 	 1.67782e-104 
2.400392 	 4.405173e-104 
2.434396 	 5.838132e-103 
2.46874 	 1.396478e-101 
2.503427 	 1.87754e-99 
2.538461 	 9.952583e-97 
2.573846 	 1.036179e-93 
2.609585 	 1.857334e-90 
2.64568 	 1.632093e-86 
2.682137 	 9.679262e-83 
2.718959 	 4.069171e-79 
2.756148 	 8.834252e-76 
2.79371 	 1.548888e-73 
2.831647 	 4.125871e-72 
2.869963 	 1.920101e-71 
2.908663 	 1.183985e-71 
2.947749 	 7.33464e-73 
2.987227 	 1.578444e-74 
3.027099 	 1.859534e-76 
3.06737 	 1.780575e-78 
3.108044 	 6.15578e-81 
3.149124 	 2.977887e-83 
3.190616 	 1.89871e-86 
3.232522 	 4.006324e-92 
3.274847 	 4.971002e-96 
3.317595 	 6.041081e-103 
3.360771 	 1.985512e-105 
3.404379 	 2.640139e-109 
3.448423 	 4.699517e-110 
3.492907 	 3.86076e-110 
3.537836 	 3.201596e-110 
3.583215 	 1.081874e-109 
3.629047 	 6.835451e-109 
3.675337 	 4.07309e-108 
3.722091 	 2.576927e-107 
3.769311 	 2.214322e-106 
3.817005 	 2.112834e-105 
3.865175 	 1.594161e-104 
3.913826 	 1.676538e-103 
3.962965 	 1.913535e-102 
4.012594 	 1.964965e-101 
4.06272 	 2.737189e-100 
4.113347 	 5.670181e-99 
4.164481 	 1.937457e-97 
4.216126 	 1.746074e-95 
4.268287 	 4.003699e-93 
4.32097 	 1.806611e-90 
4.37418 	 1.79331e-87 
4.427921 	 3.192788e-84 
4.482201 	 9.990294e-81 
4.537023 	 2.302095e-77 
4.592393 	 3.523032e-74 
4.648317 	 1.212486e-71 
4.7048 	 7.18714e-70 
4.761848 	 6.756667e-69 
4.819466 	 1.053276e-68 
4.877661 	 9.466204e-69 
4.936438 	 1.184595e-68 
4.995802 	 9.681162e-69 
5.05576 	 7.087904e-69 
5.116318 	 1.298187e-69 
5.177481 	 7.686722e-71 
5.239256 	 3.182163e-73 
5.301648 	 5.767405e-76 
5.364665 	 1.101297e-79 
5.428311 	 1.892345e-85 
5.492594 	 8.296515e-92 
5.55752 	 2.010596e-100 
5.623096 	 1.665104e-109 
5.689326 	 9.824925e-121 
5.75622 	 7.142417e-132 
5.823782 	 1.299958e-143 
5.89202 	 2.898178e-156 
5.96094 	 4.863666e-167 
