0.01 	 2.126493e-06 
0.0201 	 1.113982e-05 
0.030301 	 3.365949e-05 
0.040604 	 8.062689e-05 
0.05101 	 0.0001663844 
0.06152 	 0.0003120764 
0.072135 	 0.000563041 
0.082857 	 0.001048196 
0.093685 	 0.002106725 
0.104622 	 0.004578037 
0.115668 	 0.01147036 
0.126825 	 0.02666961 
0.138093 	 0.05629745 
0.149474 	 0.1110935 
0.160969 	 0.2139982 
0.172579 	 0.4634379 
0.184304 	 0.9234489 
0.196147 	 1.588308 
0.208109 	 2.323517 
0.22019 	 2.957401 
0.232392 	 3.398422 
0.244716 	 3.556092 
0.257163 	 3.581502 
0.269735 	 3.561481 
0.282432 	 3.595715 
0.295256 	 3.788071 
0.308209 	 4.095664 
0.321291 	 4.418637 
0.334504 	 4.773095 
0.347849 	 5.023625 
0.361327 	 5.046282 
0.374941 	 4.879627 
0.38869 	 4.447509 
0.402577 	 3.730504 
0.416603 	 2.942542 
0.430769 	 2.185768 
0.445076 	 1.56627 
0.459527 	 1.099284 
0.474123 	 0.7301642 
0.488864 	 0.441884 
0.503752 	 0.2411623 
0.51879 	 0.1188767 
0.533978 	 0.0519372 
0.549318 	 0.02059788 
0.564811 	 0.007575959 
0.580459 	 0.002632342 
0.596263 	 0.0008944934 
0.612226 	 0.0002918636 
0.628348 	 9.335367e-05 
0.644632 	 2.842972e-05 
0.661078 	 8.369513e-06 
0.677689 	 2.184232e-06 
0.694466 	 5.333265e-07 
0.71141 	 1.396011e-07 
0.728525 	 3.571496e-08 
0.74581 	 9.089482e-09 
0.763268 	 2.525631e-09 
0.780901 	 6.942242e-10 
0.79871 	 1.9221e-10 
0.816697 	 5.833195e-11 
0.834864 	 1.631754e-11 
0.853212 	 4.314309e-12 
0.871744 	 1.177015e-12 
0.890462 	 2.632254e-13 
0.909366 	 5.028933e-14 
0.92846 	 9.369542e-15 
0.947745 	 1.455385e-15 
0.967222 	 2.097116e-16 
0.986894 	 2.958584e-17 
1.006763 	 3.247832e-18 
1.026831 	 3.007059e-19 
1.047099 	 2.627351e-20 
1.06757 	 2.01234e-21 
1.088246 	 1.505762e-22 
1.109128 	 1.261398e-23 
1.13022 	 8.566502e-25 
1.151522 	 5.840695e-26 
1.173037 	 4.477927e-27 
1.194768 	 3.504157e-28 
1.216715 	 2.504897e-29 
1.238882 	 1.998597e-30 
1.261271 	 1.603548e-31 
1.283884 	 1.010096e-32 
1.306723 	 6.914272e-34 
1.32979 	 4.685799e-35 
1.353088 	 2.808387e-36 
1.376619 	 1.885352e-37 
1.400385 	 1.08275e-38 
1.424389 	 4.535651e-40 
1.448633 	 2.228698e-41 
1.473119 	 9.164635e-43 
1.49785 	 3.009908e-44 
1.522829 	 1.270374e-45 
1.548057 	 4.801534e-47 
1.573538 	 1.557433e-48 
1.599273 	 7.250185e-50 
1.625266 	 3.302603e-51 
1.651518 	 1.637385e-52 
1.678033 	 1.240678e-53 
1.704814 	 1.064437e-54 
1.731862 	 9.581588e-56 
1.759181 	 1.375668e-56 
1.786772 	 2.363991e-57 
1.81464 	 3.492489e-58 
1.842787 	 6.410626e-59 
1.871214 	 1.860536e-59 
1.899927 	 5.42634e-60 
1.928926 	 2.385875e-60 
1.958215 	 1.668547e-60 
1.987797 	 9.946478e-61 
2.017675 	 8.052393e-61 
2.047852 	 1.00627e-60 
2.07833 	 9.839139e-61 
2.109114 	 8.939467e-61 
2.140205 	 9.540187e-61 
2.171607 	 6.333879e-61 
2.203323 	 3.160793e-61 
2.235356 	 1.261769e-61 
2.26771 	 3.810977e-62 
2.300387 	 1.234805e-62 
2.333391 	 5.555586e-63 
2.366725 	 1.879779e-63 
2.400392 	 7.184117e-64 
2.434396 	 1.541361e-63 
2.46874 	 3.090539e-63 
2.503427 	 9.437227e-63 
2.538461 	 1.165588e-61 
2.573846 	 2.473441e-60 
2.609585 	 1.874443e-58 
2.64568 	 3.140223e-56 
2.682137 	 1.63603e-53 
2.718959 	 8.736954e-51 
2.756148 	 1.264156e-47 
2.79371 	 4.234876e-44 
2.831647 	 6.181404e-41 
2.869963 	 5.057852e-38 
2.908663 	 3.111671e-36 
2.947749 	 2.438583e-36 
2.987227 	 5.021673e-39 
3.027099 	 1.075818e-45 
3.06737 	 6.835368e-59 
3.108044 	 1.248302e-81 
3.149124 	 2.01833e-106 
3.190616 	 6.831265e-134 
3.232522 	 1.848751e-176 
3.274847 	 1.633552e-200 
3.317595 	 3.48836e-238 
3.360771 	 5.929174e-251 
3.404379 	 2.092655e-271 
3.448423 	 3.448818e-280 
3.492907 	 7.790061e-288 
3.537836 	 2.217945e-297 
3.583215 	 4.689657e-304 
3.629047 	 1.67069800002e-313 
3.675337 	 2.12448227712e-322 
3.722091 	 0.0 
3.769311 	 0.0 
3.817005 	 0.0 
3.865175 	 0.0 
3.913826 	 0.0 
3.962965 	 0.0 
4.012594 	 0.0 
4.06272 	 0.0 
4.113347 	 0.0 
4.164481 	 0.0 
4.216126 	 0.0 
4.268287 	 0.0 
4.32097 	 0.0 
4.37418 	 0.0 
4.427921 	 0.0 
4.482201 	 0.0 
4.537023 	 0.0 
4.592393 	 0.0 
4.648317 	 0.0 
4.7048 	 0.0 
4.761848 	 0.0 
4.819466 	 0.0 
4.877661 	 0.0 
4.936438 	 0.0 
4.995802 	 0.0 
5.05576 	 0.0 
5.116318 	 0.0 
5.177481 	 0.0 
5.239256 	 0.0 
5.301648 	 0.0 
5.364665 	 0.0 
5.428311 	 0.0 
5.492594 	 0.0 
5.55752 	 0.0 
5.623096 	 0.0 
5.689326 	 0.0 
5.75622 	 0.0 
5.823782 	 0.0 
5.89202 	 0.0 
5.96094 	 0.0 
