0.01 	 2.191361e-06 
0.0201 	 2.708154e-06 
0.030301 	 1.731943e-06 
0.040604 	 7.083285e-07 
0.05101 	 2.106689e-07 
0.06152 	 5.235688e-08 
0.072135 	 1.537812e-08 
0.082857 	 6.380923e-09 
0.093685 	 3.460073e-09 
0.104622 	 2.113757e-09 
0.115668 	 2.236968e-09 
0.126825 	 2.217884e-09 
0.138093 	 2.342506e-09 
0.149474 	 2.453417e-09 
0.160969 	 2.368461e-09 
0.172579 	 2.230906e-09 
0.184304 	 2.091587e-09 
0.196147 	 2.069295e-09 
0.208109 	 2.223046e-09 
0.22019 	 2.729048e-09 
0.232392 	 3.181099e-09 
0.244716 	 3.332935e-09 
0.257163 	 3.937695e-09 
0.269735 	 5.175464e-09 
0.282432 	 7.76981e-09 
0.295256 	 1.494362e-08 
0.308209 	 3.024498e-08 
0.321291 	 4.413674e-08 
0.334504 	 5.528998e-08 
0.347849 	 7.859709e-08 
0.361327 	 1.274908e-07 
0.374941 	 1.861907e-07 
0.38869 	 2.16255e-07 
0.402577 	 1.963458e-07 
0.416603 	 1.671029e-07 
0.430769 	 1.372332e-07 
0.445076 	 1.083127e-07 
0.459527 	 9.344244e-08 
0.474123 	 8.498193e-08 
0.488864 	 7.540953e-08 
0.503752 	 7.288691e-08 
0.51879 	 6.937707e-08 
0.533978 	 5.569681e-08 
0.549318 	 3.135372e-08 
0.564811 	 1.998063e-08 
0.580459 	 1.836768e-08 
0.596263 	 1.918434e-08 
0.612226 	 2.219991e-08 
0.628348 	 3.243932e-08 
0.644632 	 5.618914e-08 
0.661078 	 1.327938e-07 
0.677689 	 4.170614e-07 
0.694466 	 1.760295e-06 
0.71141 	 7.75792e-06 
0.728525 	 2.248046e-05 
0.74581 	 3.962215e-05 
0.763268 	 5.647749e-05 
0.780901 	 7.65431e-05 
0.79871 	 0.0001071593 
0.816697 	 0.0001414026 
0.834864 	 0.0001554566 
0.853212 	 0.0001569731 
0.871744 	 0.0001561926 
0.890462 	 0.0001974376 
0.909366 	 0.0003096276 
0.92846 	 0.0006308549 
0.947745 	 0.00150741 
0.967222 	 0.003861137 
0.986894 	 0.009284598 
1.006763 	 0.02062091 
1.026831 	 0.04133666 
1.047099 	 0.0731122 
1.06757 	 0.1175772 
1.088246 	 0.1688231 
1.109128 	 0.2331206 
1.13022 	 0.2380239 
1.151522 	 0.1806283 
1.173037 	 0.2216975 
1.194768 	 0.3777299 
1.216715 	 0.6136967 
1.238882 	 0.7960163 
1.261271 	 1.016348 
1.283884 	 1.265472 
1.306723 	 1.498757 
1.32979 	 1.703379 
1.353088 	 1.905154 
1.376619 	 2.480056 
1.400385 	 3.631987 
1.424389 	 4.25248 
1.448633 	 3.812164 
1.473119 	 3.239901 
1.49785 	 2.725593 
1.522829 	 2.342986 
1.548057 	 2.102548 
1.573538 	 1.744304 
1.599273 	 1.276939 
1.625266 	 0.9173177 
1.651518 	 0.6611958 
1.678033 	 0.4862908 
1.704814 	 0.3586344 
1.731862 	 0.260424 
1.759181 	 0.1953653 
1.786772 	 0.1338719 
1.81464 	 0.06505457 
1.842787 	 0.03431825 
1.871214 	 0.02178605 
1.899927 	 0.01368883 
1.928926 	 0.009093414 
1.958215 	 0.006156441 
1.987797 	 0.003403184 
2.017675 	 0.001497425 
2.047852 	 0.0006050318 
2.07833 	 0.0002081944 
2.109114 	 5.668314e-05 
2.140205 	 1.590073e-05 
2.171607 	 4.241338e-06 
2.203323 	 9.801115e-07 
2.235356 	 2.543954e-07 
2.26771 	 9.526328e-08 
2.300387 	 5.30094e-08 
2.333391 	 3.300691e-08 
2.366725 	 2.772096e-08 
2.400392 	 1.87621e-08 
2.434396 	 7.640253e-09 
2.46874 	 2.215305e-09 
2.503427 	 4.545651e-10 
2.538461 	 6.105963e-11 
2.573846 	 4.164445e-12 
2.609585 	 9.505346e-14 
2.64568 	 8.797104e-16 
2.682137 	 1.244927e-18 
2.718959 	 3.469683e-22 
2.756148 	 4.17452e-27 
2.79371 	 3.665405e-33 
2.831647 	 4.752236e-40 
2.869963 	 4.575988e-49 
2.908663 	 2.135684e-58 
2.947749 	 2.092505e-71 
2.987227 	 8.112095e-84 
3.027099 	 2.295522e-100 
3.06737 	 5.710377e-117 
3.108044 	 5.375264e-138 
3.149124 	 5.567928e-157 
3.190616 	 3.735111e-174 
3.232522 	 3.186285e-198 
3.274847 	 2.372782e-211 
3.317595 	 4.405002e-231 
3.360771 	 1.655499e-239 
3.404379 	 1.256749e-250 
3.448423 	 6.334476e-260 
3.492907 	 9.52474e-267 
3.537836 	 2.212615e-276 
3.583215 	 3.794783e-282 
3.629047 	 6.877522e-289 
3.675337 	 1.229445e-296 
3.722091 	 3.561334e-302 
3.769311 	 4.315425e-310 
3.817005 	 2.79632700107e-315 
3.865175 	 6.91691904178e-323 
3.913826 	 0.0 
3.962965 	 0.0 
4.012594 	 0.0 
4.06272 	 0.0 
4.113347 	 0.0 
4.164481 	 0.0 
4.216126 	 0.0 
4.268287 	 0.0 
4.32097 	 0.0 
4.37418 	 0.0 
4.427921 	 0.0 
4.482201 	 0.0 
4.537023 	 0.0 
4.592393 	 0.0 
4.648317 	 0.0 
4.7048 	 0.0 
4.761848 	 0.0 
4.819466 	 0.0 
4.877661 	 0.0 
4.936438 	 0.0 
4.995802 	 0.0 
5.05576 	 0.0 
5.116318 	 0.0 
5.177481 	 0.0 
5.239256 	 0.0 
5.301648 	 0.0 
5.364665 	 0.0 
5.428311 	 0.0 
5.492594 	 0.0 
5.55752 	 0.0 
5.623096 	 0.0 
5.689326 	 0.0 
5.75622 	 0.0 
5.823782 	 0.0 
5.89202 	 0.0 
5.96094 	 0.0 
