0.01 	 1.727282e-10 
0.0201 	 2.109237e-10 
0.030301 	 1.506653e-10 
0.040604 	 8.729863e-11 
0.05101 	 5.017314e-11 
0.06152 	 3.389111e-11 
0.072135 	 3.350303e-11 
0.082857 	 4.819219e-11 
0.093685 	 8.089581e-11 
0.104622 	 1.339134e-10 
0.115668 	 3.002453e-10 
0.126825 	 5.79063e-10 
0.138093 	 1.072956e-09 
0.149474 	 1.883645e-09 
0.160969 	 2.872664e-09 
0.172579 	 4.061084e-09 
0.184304 	 5.494827e-09 
0.196147 	 7.288478e-09 
0.208109 	 8.9278e-09 
0.22019 	 1.16553e-08 
0.232392 	 1.636172e-08 
0.244716 	 2.319455e-08 
0.257163 	 3.399547e-08 
0.269735 	 4.899518e-08 
0.282432 	 6.379983e-08 
0.295256 	 7.814675e-08 
0.308209 	 9.435798e-08 
0.321291 	 1.183909e-07 
0.334504 	 1.733987e-07 
0.347849 	 2.998994e-07 
0.361327 	 5.823181e-07 
0.374941 	 1.282539e-06 
0.38869 	 3.345857e-06 
0.402577 	 1.012544e-05 
0.416603 	 3.371111e-05 
0.430769 	 9.948162e-05 
0.445076 	 0.0002237101 
0.459527 	 0.0004136325 
0.474123 	 0.0006875211 
0.488864 	 0.001072361 
0.503752 	 0.001656295 
0.51879 	 0.002527701 
0.533978 	 0.003378485 
0.549318 	 0.004147257 
0.564811 	 0.005651851 
0.580459 	 0.008210391 
0.596263 	 0.01209551 
0.612226 	 0.01874714 
0.628348 	 0.03212124 
0.644632 	 0.05985566 
0.661078 	 0.1148952 
0.677689 	 0.2175241 
0.694466 	 0.3848868 
0.71141 	 0.6117519 
0.728525 	 0.8566625 
0.74581 	 1.086578 
0.763268 	 1.305677 
0.780901 	 1.539376 
0.79871 	 1.813283 
0.816697 	 2.094765 
0.834864 	 2.302643 
0.853212 	 2.694406 
0.871744 	 3.214765 
0.890462 	 3.740524 
0.909366 	 4.360608 
0.92846 	 5.036203 
0.947745 	 5.436313 
0.967222 	 5.215246 
0.986894 	 4.337637 
1.006763 	 3.033567 
1.026831 	 1.762671 
1.047099 	 0.8632728 
1.06757 	 0.3773264 
1.088246 	 0.1513686 
1.109128 	 0.05552499 
1.13022 	 0.0183858 
1.151522 	 0.00589551 
1.173037 	 0.001919588 
1.194768 	 0.0005925568 
1.216715 	 0.000173429 
1.238882 	 5.11922e-05 
1.261271 	 1.479034e-05 
1.283884 	 4.058853e-06 
1.306723 	 1.126244e-06 
1.32979 	 2.971546e-07 
1.353088 	 7.557459e-08 
1.376619 	 2.016868e-08 
1.400385 	 5.154154e-09 
1.424389 	 1.178507e-09 
1.448633 	 2.610773e-10 
1.473119 	 5.200657e-11 
1.49785 	 1.053412e-11 
1.522829 	 2.577493e-12 
1.548057 	 6.008649e-13 
1.573538 	 1.466294e-13 
1.599273 	 3.916806e-14 
1.625266 	 8.728544e-15 
1.651518 	 2.047625e-15 
1.678033 	 5.915532e-16 
1.704814 	 1.573389e-16 
1.731862 	 4.20449e-17 
1.759181 	 1.416928e-17 
1.786772 	 4.809715e-18 
1.81464 	 1.3608e-18 
1.842787 	 3.73916e-19 
1.871214 	 1.127004e-19 
1.899927 	 3.011081e-20 
1.928926 	 8.419094e-21 
1.958215 	 2.167827e-21 
1.987797 	 3.686202e-22 
2.017675 	 6.752299e-23 
2.047852 	 1.369181e-23 
2.07833 	 1.937414e-24 
2.109114 	 2.311908e-25 
2.140205 	 3.259303e-26 
2.171607 	 4.227932e-27 
2.203323 	 7.002162e-28 
2.235356 	 2.057229e-28 
2.26771 	 6.975336e-29 
2.300387 	 2.74478e-29 
2.333391 	 1.333441e-29 
2.366725 	 7.487798e-30 
2.400392 	 4.42961e-30 
2.434396 	 2.073985e-30 
2.46874 	 5.89845e-31 
2.503427 	 1.511037e-31 
2.538461 	 6.053164e-32 
2.573846 	 2.164822e-32 
2.609585 	 4.737953e-33 
2.64568 	 1.093196e-33 
2.682137 	 1.009984e-34 
2.718959 	 5.607341e-36 
2.756148 	 1.112209e-37 
2.79371 	 3.199398e-40 
2.831647 	 2.203336e-43 
2.869963 	 3.17224e-48 
2.908663 	 4.717475e-54 
2.947749 	 2.56671e-63 
2.987227 	 9.736352e-74 
3.027099 	 2.116096e-88 
3.06737 	 5.709707e-106 
3.108044 	 7.913574e-130 
3.149124 	 6.913454e-152 
3.190616 	 2.659475e-173 
3.232522 	 1.01333e-204 
3.274847 	 3.811402e-221 
3.317595 	 2.691173e-247 
3.360771 	 1.137323e-256 
3.404379 	 9.740104e-271 
3.448423 	 2.364067e-278 
3.492907 	 6.098594e-285 
3.537836 	 1.65864e-293 
3.583215 	 1.822871e-299 
3.629047 	 3.499524e-307 
3.675337 	 1.28779200004e-314 
3.722091 	 1.88733076711e-321 
3.769311 	 0.0 
3.817005 	 0.0 
3.865175 	 0.0 
3.913826 	 0.0 
3.962965 	 0.0 
4.012594 	 0.0 
4.06272 	 0.0 
4.113347 	 0.0 
4.164481 	 0.0 
4.216126 	 0.0 
4.268287 	 0.0 
4.32097 	 0.0 
4.37418 	 0.0 
4.427921 	 0.0 
4.482201 	 0.0 
4.537023 	 0.0 
4.592393 	 0.0 
4.648317 	 0.0 
4.7048 	 0.0 
4.761848 	 0.0 
4.819466 	 0.0 
4.877661 	 0.0 
4.936438 	 0.0 
4.995802 	 0.0 
5.05576 	 0.0 
5.116318 	 0.0 
5.177481 	 0.0 
5.239256 	 0.0 
5.301648 	 0.0 
5.364665 	 0.0 
5.428311 	 0.0 
5.492594 	 0.0 
5.55752 	 0.0 
5.623096 	 0.0 
5.689326 	 0.0 
5.75622 	 0.0 
5.823782 	 0.0 
5.89202 	 0.0 
5.96094 	 0.0 
