0.01 	 1.223991e-07 
0.0201 	 4.581432e-07 
0.030301 	 1.178696e-06 
0.040604 	 2.724253e-06 
0.05101 	 5.895037e-06 
0.06152 	 1.285729e-05 
0.072135 	 2.930003e-05 
0.082857 	 6.674035e-05 
0.093685 	 0.0001479983 
0.104622 	 0.0003109577 
0.115668 	 0.0006398571 
0.126825 	 0.00117233 
0.138093 	 0.001984986 
0.149474 	 0.003097364 
0.160969 	 0.004452133 
0.172579 	 0.005977327 
0.184304 	 0.007713146 
0.196147 	 0.009515304 
0.208109 	 0.01111482 
0.22019 	 0.01297745 
0.232392 	 0.01563699 
0.244716 	 0.01900709 
0.257163 	 0.02340376 
0.269735 	 0.02889341 
0.282432 	 0.03539506 
0.295256 	 0.04423562 
0.308209 	 0.05588199 
0.321291 	 0.07167713 
0.334504 	 0.0952555 
0.347849 	 0.1310801 
0.361327 	 0.1849124 
0.374941 	 0.2709013 
0.38869 	 0.4121468 
0.402577 	 0.6392711 
0.416603 	 0.9819191 
0.430769 	 1.425971 
0.445076 	 1.921081 
0.459527 	 2.449799 
0.474123 	 3.041844 
0.488864 	 3.696628 
0.503752 	 4.366656 
0.51879 	 5.163438 
0.533978 	 5.791663 
0.549318 	 6.127414 
0.564811 	 6.188561 
0.580459 	 5.835935 
0.596263 	 5.050852 
0.612226 	 4.02581 
0.628348 	 2.94288 
0.644632 	 1.936184 
0.661078 	 1.135629 
0.677689 	 0.5872505 
0.694466 	 0.2681431 
0.71141 	 0.1149143 
0.728525 	 0.04734416 
0.74581 	 0.01837203 
0.763268 	 0.006973356 
0.780901 	 0.002698169 
0.79871 	 0.001086405 
0.816697 	 0.0004580466 
0.834864 	 0.0001874119 
0.853212 	 7.310664e-05 
0.871744 	 3.003554e-05 
0.890462 	 1.191484e-05 
0.909366 	 4.651982e-06 
0.92846 	 1.769473e-06 
0.947745 	 5.879041e-07 
0.967222 	 1.796042e-07 
0.986894 	 5.033773e-08 
1.006763 	 1.146334e-08 
1.026831 	 2.174987e-09 
1.047099 	 3.712016e-10 
1.06757 	 6.159891e-11 
1.088246 	 1.051308e-11 
1.109128 	 1.901144e-12 
1.13022 	 3.145994e-13 
1.151522 	 5.752306e-14 
1.173037 	 1.296329e-14 
1.194768 	 3.14905e-15 
1.216715 	 7.613796e-16 
1.238882 	 2.052609e-16 
1.261271 	 5.878827e-17 
1.283884 	 1.67712e-17 
1.306723 	 5.240619e-18 
1.32979 	 1.452352e-18 
1.353088 	 3.364071e-19 
1.376619 	 7.493896e-20 
1.400385 	 1.439259e-20 
1.424389 	 2.322677e-21 
1.448633 	 3.768328e-22 
1.473119 	 5.150861e-23 
1.49785 	 6.639638e-24 
1.522829 	 1.042184e-24 
1.548057 	 1.441242e-25 
1.573538 	 1.759825e-26 
1.599273 	 2.373359e-27 
1.625266 	 2.704056e-28 
1.651518 	 3.173624e-29 
1.678033 	 4.733851e-30 
1.704814 	 6.253076e-31 
1.731862 	 8.621579e-32 
1.759181 	 1.671547e-32 
1.786772 	 3.749511e-33 
1.81464 	 7.19717e-34 
1.842787 	 1.318446e-34 
1.871214 	 2.612001e-35 
1.899927 	 4.378536e-36 
1.928926 	 9.07577e-37 
1.958215 	 1.932737e-37 
1.987797 	 2.637051e-38 
2.017675 	 4.213627e-39 
2.047852 	 8.316009e-40 
2.07833 	 1.145461e-40 
2.109114 	 1.417171e-41 
2.140205 	 2.038544e-42 
2.171607 	 2.277645e-43 
2.203323 	 3.075713e-44 
2.235356 	 6.038945e-45 
2.26771 	 9.779483e-46 
2.300387 	 1.418669e-46 
2.333391 	 2.463917e-47 
2.366725 	 3.458311e-48 
2.400392 	 5.520057e-49 
2.434396 	 1.259651e-49 
2.46874 	 1.998688e-50 
2.503427 	 3.889905e-51 
2.538461 	 1.648071e-51 
2.573846 	 8.454836e-52 
2.609585 	 5.479481e-52 
2.64568 	 7.538212e-52 
2.682137 	 1.207487e-51 
2.718959 	 2.357447e-51 
2.756148 	 9.026958e-51 
2.79371 	 2.935521e-50 
2.831647 	 8.525882e-50 
2.869963 	 1.153994e-49 
2.908663 	 4.342528e-50 
2.947749 	 5.072881e-52 
2.987227 	 1.539264e-55 
3.027099 	 9.613314e-62 
3.06737 	 2.777491e-72 
3.108044 	 4.484018e-90 
3.149124 	 1.792075e-109 
3.190616 	 5.22135e-132 
3.232522 	 1.011573e-168 
3.274847 	 3.726107e-189 
3.317595 	 2.27668e-222 
3.360771 	 3.921952e-232 
3.404379 	 4.113024e-248 
3.448423 	 3.686145e-252 
3.492907 	 1.536618e-254 
3.537836 	 1.018129e-258 
3.583215 	 4.954317e-260 
3.629047 	 2.654867e-263 
3.675337 	 7.102022e-266 
3.722091 	 2.201481e-269 
3.769311 	 1.028964e-273 
3.817005 	 3.078068e-278 
3.865175 	 1.397114e-283 
3.913826 	 1.382969e-288 
3.962965 	 6.406143e-294 
4.012594 	 6.857754e-300 
4.06272 	 3.806539e-305 
4.113347 	 1.965253e-310 
4.164481 	 2.97545999987e-314 
4.216126 	 1.5795357748e-317 
4.268287 	 2.18377015462e-319 
4.32097 	 1.20700237279e-320 
4.37418 	 4.94065645841e-322 
4.427921 	 3.45845952089e-323 
4.482201 	 0.0 
4.537023 	 0.0 
4.592393 	 0.0 
4.648317 	 0.0 
4.7048 	 0.0 
4.761848 	 0.0 
4.819466 	 0.0 
4.877661 	 0.0 
4.936438 	 0.0 
4.995802 	 0.0 
5.05576 	 0.0 
5.116318 	 0.0 
5.177481 	 0.0 
5.239256 	 0.0 
5.301648 	 0.0 
5.364665 	 0.0 
5.428311 	 0.0 
5.492594 	 0.0 
5.55752 	 0.0 
5.623096 	 0.0 
5.689326 	 0.0 
5.75622 	 0.0 
5.823782 	 0.0 
5.89202 	 0.0 
5.96094 	 0.0 
