0.01 	 8.311015e-07 
0.0201 	 2.340521e-06 
0.030301 	 4.245729e-06 
0.040604 	 6.463878e-06 
0.05101 	 8.83804e-06 
0.06152 	 1.185993e-05 
0.072135 	 1.787312e-05 
0.082857 	 2.91418e-05 
0.093685 	 4.98942e-05 
0.104622 	 8.374811e-05 
0.115668 	 0.0001723389 
0.126825 	 0.0003220569 
0.138093 	 0.0005739679 
0.149474 	 0.0009897812 
0.160969 	 0.001604636 
0.172579 	 0.00249885 
0.184304 	 0.003842919 
0.196147 	 0.005439932 
0.208109 	 0.006887167 
0.22019 	 0.008487792 
0.232392 	 0.01125808 
0.244716 	 0.01546657 
0.257163 	 0.02087423 
0.269735 	 0.02676164 
0.282432 	 0.03161228 
0.295256 	 0.03497659 
0.308209 	 0.03669075 
0.321291 	 0.03824057 
0.334504 	 0.04328191 
0.347849 	 0.05436209 
0.361327 	 0.07557203 
0.374941 	 0.1169616 
0.38869 	 0.1978031 
0.402577 	 0.3450222 
0.416603 	 0.5827747 
0.430769 	 0.9016464 
0.445076 	 1.250614 
0.459527 	 1.61164 
0.474123 	 1.972557 
0.488864 	 2.464449 
0.503752 	 3.038316 
0.51879 	 3.688243 
0.533978 	 4.324416 
0.549318 	 4.898651 
0.564811 	 5.372472 
0.580459 	 5.652427 
0.596263 	 5.638581 
0.612226 	 5.311317 
0.628348 	 4.706014 
0.644632 	 3.849415 
0.661078 	 2.865073 
0.677689 	 1.92585 
0.694466 	 1.206298 
0.71141 	 0.7297391 
0.728525 	 0.4231782 
0.74581 	 0.2343397 
0.763268 	 0.1255786 
0.780901 	 0.06555704 
0.79871 	 0.03379301 
0.816697 	 0.01749948 
0.834864 	 0.008839063 
0.853212 	 0.004338812 
0.871744 	 0.002087402 
0.890462 	 0.0009619172 
0.909366 	 0.0004207075 
0.92846 	 0.0001747751 
0.947745 	 6.563316e-05 
0.967222 	 2.29498e-05 
0.986894 	 7.358232e-06 
1.006763 	 1.978606e-06 
1.026831 	 4.720162e-07 
1.047099 	 1.047237e-07 
1.06757 	 2.258598e-08 
1.088246 	 5.082921e-09 
1.109128 	 1.236188e-09 
1.13022 	 3.002068e-10 
1.151522 	 7.64825e-11 
1.173037 	 1.971198e-11 
1.194768 	 4.64302e-12 
1.216715 	 1.061817e-12 
1.238882 	 2.778052e-13 
1.261271 	 7.407736e-14 
1.283884 	 1.810906e-14 
1.306723 	 4.608468e-15 
1.32979 	 1.149058e-15 
1.353088 	 2.758466e-16 
1.376619 	 6.799252e-17 
1.400385 	 1.423088e-17 
1.424389 	 2.490652e-18 
1.448633 	 4.490136e-19 
1.473119 	 7.000862e-20 
1.49785 	 9.97924e-21 
1.522829 	 1.653468e-21 
1.548057 	 2.5267e-22 
1.573538 	 3.73058e-23 
1.599273 	 6.354504e-24 
1.625266 	 9.791924e-25 
1.651518 	 1.627475e-25 
1.678033 	 3.517759e-26 
1.704814 	 7.581053e-27 
1.731862 	 1.712189e-27 
1.759181 	 5.367186e-28 
1.786772 	 2.211095e-28 
1.81464 	 8.414941e-29 
1.842787 	 2.964738e-29 
1.871214 	 1.167439e-29 
1.899927 	 4.664626e-30 
1.928926 	 2.343908e-30 
1.958215 	 1.37399e-30 
1.987797 	 6.528782e-31 
2.017675 	 3.792277e-31 
2.047852 	 2.656748e-31 
2.07833 	 1.412316e-31 
2.109114 	 6.591727e-32 
2.140205 	 3.461829e-32 
2.171607 	 1.454255e-32 
2.203323 	 5.905496e-33 
2.235356 	 2.767804e-33 
2.26771 	 1.402701e-33 
2.300387 	 8.646433e-34 
2.333391 	 6.495989e-34 
2.366725 	 4.900967e-34 
2.400392 	 3.677019e-34 
2.434396 	 4.644746e-34 
2.46874 	 4.98816e-34 
2.503427 	 6.151761e-34 
2.538461 	 1.560263e-33 
2.573846 	 4.616468e-33 
2.609585 	 1.806681e-32 
2.64568 	 9.515188e-32 
2.682137 	 5.545742e-31 
2.718959 	 2.393559e-30 
2.756148 	 8.421135e-30 
2.79371 	 1.746377e-29 
2.831647 	 1.54173e-29 
2.869963 	 2.204866e-30 
2.908663 	 3.443157e-32 
2.947749 	 8.822445e-36 
2.987227 	 7.48787e-41 
3.027099 	 1.338135e-48 
3.06737 	 4.181218e-59 
3.108044 	 5.578471e-75 
3.149124 	 1.323477e-89 
3.190616 	 1.17606e-104 
3.232522 	 2.101826e-127 
3.274847 	 6.457929e-139 
3.317595 	 2.735692e-157 
3.360771 	 7.89984e-163 
3.404379 	 4.079495e-171 
3.448423 	 1.130243e-174 
3.492907 	 5.452836e-177 
3.537836 	 4.423244e-181 
3.583215 	 1.783853e-183 
3.629047 	 1.140862e-186 
3.675337 	 2.410123e-189 
3.722091 	 4.164513e-192 
3.769311 	 2.908358e-195 
3.817005 	 3.852454e-198 
3.865175 	 2.569975e-201 
3.913826 	 4.014359e-204 
3.962965 	 5.224803e-207 
4.012594 	 3.887307e-210 
4.06272 	 6.856473e-213 
4.113347 	 9.206748e-216 
4.164481 	 3.775126e-218 
4.216126 	 1.679473e-220 
4.268287 	 1.758946e-222 
4.32097 	 1.730448e-224 
4.37418 	 7.265343e-227 
4.427921 	 1.808689e-229 
4.482201 	 1.051107e-232 
4.537023 	 1.456749e-236 
4.592393 	 8.738303e-241 
4.648317 	 8.787228e-246 
4.7048 	 3.810115e-251 
4.761848 	 1.442238e-256 
4.819466 	 1.117792e-261 
4.877661 	 2.079117e-266 
4.936438 	 1.361915e-270 
4.995802 	 3.709598e-274 
5.05576 	 1.605108e-277 
5.116318 	 1.314978e-283 
5.177481 	 8.506111e-288 
5.239256 	 2.079565e-294 
5.301648 	 2.476503e-299 
5.364665 	 9.32625e-305 
5.428311 	 9.31971499999e-313 
5.492594 	 8.73013996201e-319 
5.55752 	 0.0 
5.623096 	 0.0 
5.689326 	 0.0 
5.75622 	 0.0 
5.823782 	 0.0 
5.89202 	 0.0 
5.96094 	 0.0 
