0.01 	 2.250236e-08 
0.0201 	 4.755416e-08 
0.030301 	 6.05596e-08 
0.040604 	 6.386091e-08 
0.05101 	 6.315811e-08 
0.06152 	 6.665192e-08 
0.072135 	 9.067548e-08 
0.082857 	 1.503287e-07 
0.093685 	 2.684345e-07 
0.104622 	 4.732906e-07 
0.115668 	 1.004619e-06 
0.126825 	 1.892777e-06 
0.138093 	 3.35363e-06 
0.149474 	 5.626723e-06 
0.160969 	 8.686771e-06 
0.172579 	 1.263982e-05 
0.184304 	 1.748307e-05 
0.196147 	 2.250775e-05 
0.208109 	 2.666092e-05 
0.22019 	 3.199874e-05 
0.232392 	 4.02908e-05 
0.244716 	 5.107785e-05 
0.257163 	 6.498134e-05 
0.269735 	 7.955932e-05 
0.282432 	 8.820726e-05 
0.295256 	 9.248584e-05 
0.308209 	 9.43068e-05 
0.321291 	 0.0001006802 
0.334504 	 0.0001190867 
0.347849 	 0.0001523765 
0.361327 	 0.0002053373 
0.374941 	 0.0003016153 
0.38869 	 0.0005023894 
0.402577 	 0.000955728 
0.416603 	 0.002039898 
0.430769 	 0.004311888 
0.445076 	 0.008318931 
0.459527 	 0.01472276 
0.474123 	 0.02517708 
0.488864 	 0.0423482 
0.503752 	 0.07017189 
0.51879 	 0.1120465 
0.533978 	 0.152635 
0.549318 	 0.1804495 
0.564811 	 0.2380594 
0.580459 	 0.3328021 
0.596263 	 0.4936038 
0.612226 	 0.7557644 
0.628348 	 1.191333 
0.644632 	 1.876503 
0.661078 	 2.787383 
0.677689 	 3.814664 
0.694466 	 4.759607 
0.71141 	 5.41893 
0.728525 	 5.65113 
0.74581 	 5.464572 
0.763268 	 4.923835 
0.780901 	 4.236527 
0.79871 	 3.584874 
0.816697 	 2.950704 
0.834864 	 2.327374 
0.853212 	 1.827925 
0.871744 	 1.446189 
0.890462 	 1.067425 
0.909366 	 0.7468549 
0.92846 	 0.496954 
0.947745 	 0.2991842 
0.967222 	 0.161759 
0.986894 	 0.07762108 
1.006763 	 0.03135131 
1.026831 	 0.01099461 
1.047099 	 0.003458865 
1.06757 	 0.001047361 
1.088246 	 0.0003178274 
1.109128 	 9.74949e-05 
1.13022 	 2.852838e-05 
1.151522 	 8.938671e-06 
1.173037 	 3.186845e-06 
1.194768 	 1.155981e-06 
1.216715 	 4.243027e-07 
1.238882 	 1.7207e-07 
1.261271 	 7.207438e-08 
1.283884 	 2.941351e-08 
1.306723 	 1.246485e-08 
1.32979 	 4.929995e-09 
1.353088 	 1.827978e-09 
1.376619 	 7.036403e-10 
1.400385 	 2.55616e-10 
1.424389 	 8.177608e-11 
1.448633 	 2.524155e-11 
1.473119 	 7.01883e-12 
1.49785 	 2.006776e-12 
1.522829 	 7.117406e-13 
1.548057 	 2.441307e-13 
1.573538 	 8.670602e-14 
1.599273 	 3.446062e-14 
1.625266 	 1.176903e-14 
1.651518 	 4.317933e-15 
1.678033 	 1.958749e-15 
1.704814 	 8.245687e-16 
1.731862 	 3.484354e-16 
1.759181 	 1.880487e-16 
1.786772 	 1.15727e-16 
1.81464 	 6.329607e-17 
1.842787 	 3.366571e-17 
1.871214 	 1.966407e-17 
1.899927 	 1.112018e-17 
1.928926 	 7.088524e-18 
1.958215 	 4.429897e-18 
1.987797 	 1.999208e-18 
2.017675 	 1.022037e-18 
2.047852 	 5.919098e-19 
2.07833 	 2.469301e-19 
2.109114 	 8.555278e-20 
2.140205 	 3.236043e-20 
2.171607 	 1.116736e-20 
2.203323 	 4.907091e-21 
2.235356 	 3.559475e-21 
2.26771 	 2.671693e-21 
2.300387 	 2.03109e-21 
2.333391 	 1.778025e-21 
2.366725 	 2.18176e-21 
2.400392 	 3.329035e-21 
2.434396 	 3.430849e-21 
2.46874 	 1.861278e-21 
2.503427 	 9.974612e-22 
2.538461 	 1.054952e-21 
2.573846 	 1.109039e-21 
2.609585 	 9.603971e-22 
2.64568 	 8.43622e-22 
2.682137 	 4.953459e-22 
2.718959 	 1.947382e-22 
2.756148 	 3.209057e-23 
2.79371 	 1.362177e-24 
2.831647 	 1.796642e-26 
2.869963 	 8.032216e-30 
2.908663 	 2.811461e-34 
2.947749 	 9.672348e-42 
2.987227 	 6.887191e-51 
3.027099 	 3.251186e-64 
3.06737 	 1.987712e-81 
3.108044 	 8.719125e-106 
3.149124 	 4.312917e-129 
3.190616 	 1.716867e-152 
3.232522 	 7.679811e-187 
3.274847 	 4.454233e-205 
3.317595 	 1.875536e-233 
3.360771 	 2.438365e-243 
3.404379 	 4.588768e-258 
3.448423 	 3.371907e-265 
3.492907 	 4.589036e-271 
3.537836 	 2.33542e-278 
3.583215 	 7.230519e-283 
3.629047 	 3.647268e-289 
3.675337 	 1.682496e-294 
3.722091 	 1.192907e-299 
3.769311 	 1.362196e-305 
3.817005 	 1.390643e-310 
3.865175 	 1.83804999164e-316 
3.913826 	 3.92288122798e-321 
3.962965 	 0.0 
4.012594 	 0.0 
4.06272 	 0.0 
4.113347 	 0.0 
4.164481 	 0.0 
4.216126 	 0.0 
4.268287 	 0.0 
4.32097 	 0.0 
4.37418 	 0.0 
4.427921 	 0.0 
4.482201 	 0.0 
4.537023 	 0.0 
4.592393 	 0.0 
4.648317 	 0.0 
4.7048 	 0.0 
4.761848 	 0.0 
4.819466 	 0.0 
4.877661 	 0.0 
4.936438 	 0.0 
4.995802 	 0.0 
5.05576 	 0.0 
5.116318 	 0.0 
5.177481 	 0.0 
5.239256 	 0.0 
5.301648 	 0.0 
5.364665 	 0.0 
5.428311 	 0.0 
5.492594 	 0.0 
5.55752 	 0.0 
5.623096 	 0.0 
5.689326 	 0.0 
5.75622 	 0.0 
5.823782 	 0.0 
5.89202 	 0.0 
5.96094 	 0.0 
