0.01 	 9.525217e-08 
0.0201 	 1.455475e-07 
0.030301 	 1.14554e-07 
0.040604 	 5.904342e-08 
0.05101 	 2.303156e-08 
0.06152 	 7.690501e-09 
0.072135 	 2.996408e-09 
0.082857 	 1.523851e-09 
0.093685 	 9.448083e-10 
0.104622 	 6.410705e-10 
0.115668 	 7.765613e-10 
0.126825 	 8.94277e-10 
0.138093 	 1.064425e-09 
0.149474 	 1.245978e-09 
0.160969 	 1.370058e-09 
0.172579 	 1.452349e-09 
0.184304 	 1.532247e-09 
0.196147 	 1.732612e-09 
0.208109 	 2.122392e-09 
0.22019 	 2.737499e-09 
0.232392 	 2.981002e-09 
0.244716 	 2.607959e-09 
0.257163 	 2.277943e-09 
0.269735 	 1.988101e-09 
0.282432 	 1.81291e-09 
0.295256 	 2.010283e-09 
0.308209 	 2.508044e-09 
0.321291 	 2.695613e-09 
0.334504 	 2.866113e-09 
0.347849 	 3.784314e-09 
0.361327 	 6.188045e-09 
0.374941 	 1.028712e-08 
0.38869 	 1.545407e-08 
0.402577 	 1.92789e-08 
0.416603 	 2.241244e-08 
0.430769 	 2.497142e-08 
0.445076 	 2.700435e-08 
0.459527 	 3.219263e-08 
0.474123 	 3.955323e-08 
0.488864 	 4.888961e-08 
0.503752 	 6.392169e-08 
0.51879 	 8.235799e-08 
0.533978 	 6.860008e-08 
0.549318 	 2.867282e-08 
0.564811 	 1.804101e-08 
0.580459 	 2.193038e-08 
0.596263 	 2.982974e-08 
0.612226 	 4.385302e-08 
0.628348 	 6.972586e-08 
0.644632 	 1.260873e-07 
0.661078 	 2.489064e-07 
0.677689 	 5.726846e-07 
0.694466 	 1.547346e-06 
0.71141 	 3.916852e-06 
0.728525 	 7.55639e-06 
0.74581 	 1.168405e-05 
0.763268 	 1.678068e-05 
0.780901 	 2.416191e-05 
0.79871 	 3.70457e-05 
0.816697 	 5.152221e-05 
0.834864 	 5.872725e-05 
0.853212 	 8.767353e-05 
0.871744 	 0.00018993 
0.890462 	 0.0003404425 
0.909366 	 0.000611099 
0.92846 	 0.00126329 
0.947745 	 0.002995256 
0.967222 	 0.006955317 
0.986894 	 0.01548337 
1.006763 	 0.03311693 
1.026831 	 0.06497824 
1.047099 	 0.1143049 
1.06757 	 0.1736464 
1.088246 	 0.1989964 
1.109128 	 0.1731994 
1.13022 	 0.06726359 
1.151522 	 0.0171504 
1.173037 	 0.01598638 
1.194768 	 0.03156994 
1.216715 	 0.05797948 
1.238882 	 0.07047135 
1.261271 	 0.0912928 
1.283884 	 0.1222496 
1.306723 	 0.1550594 
1.32979 	 0.2264157 
1.353088 	 0.3314361 
1.376619 	 0.4668355 
1.400385 	 0.5694601 
1.424389 	 0.6178033 
1.448633 	 0.6753601 
1.473119 	 0.6940616 
1.49785 	 0.7334775 
1.522829 	 1.021281 
1.548057 	 1.753973 
1.573538 	 4.481351 
1.599273 	 7.588812 
1.625266 	 5.88988 
1.651518 	 4.191459 
1.678033 	 3.013498 
1.704814 	 2.233701 
1.731862 	 1.630631 
1.759181 	 1.002072 
1.786772 	 0.2398455 
1.81464 	 0.02184463 
1.842787 	 0.005101344 
1.871214 	 0.002336239 
1.899927 	 0.001141594 
1.928926 	 0.0007671142 
1.958215 	 0.0006237122 
1.987797 	 0.0003804101 
2.017675 	 0.0001733436 
2.047852 	 7.126209e-05 
2.07833 	 1.968935e-05 
2.109114 	 3.36479e-06 
2.140205 	 6.360271e-07 
2.171607 	 1.096139e-07 
2.203323 	 1.550799e-08 
2.235356 	 2.662434e-09 
2.26771 	 7.408935e-10 
2.300387 	 3.030515e-10 
2.333391 	 1.861693e-10 
2.366725 	 6.981483e-10 
2.400392 	 2.842618e-09 
2.434396 	 9.575273e-10 
2.46874 	 1.671248e-10 
2.503427 	 2.220981e-11 
2.538461 	 1.057492e-12 
2.573846 	 1.327993e-14 
2.609585 	 3.19333e-17 
2.64568 	 2.105112e-20 
2.682137 	 1.91944e-24 
2.718959 	 2.664686e-29 
2.756148 	 6.310403e-36 
2.79371 	 1.986112e-43 
2.831647 	 2.434246e-51 
2.869963 	 2.416636e-61 
2.908663 	 3.755838e-71 
2.947749 	 2.525561e-85 
2.987227 	 4.670829e-98 
3.027099 	 1.093336e-115 
3.06737 	 1.53965e-132 
3.108044 	 6.674378e-154 
3.149124 	 5.011204e-173 
3.190616 	 1.181678e-189 
3.232522 	 1.017692e-213 
3.274847 	 6.119003e-226 
3.317595 	 3.101464e-245 
3.360771 	 1.321121e-252 
3.404379 	 8.813848e-263 
3.448423 	 3.1869e-270 
3.492907 	 7.749553e-276 
3.537836 	 5.953422e-283 
3.583215 	 8.537749e-287 
3.629047 	 3.577765e-292 
3.675337 	 2.63415e-297 
3.722091 	 2.461298e-301 
3.769311 	 1.408713e-306 
3.817005 	 2.79491e-310 
3.865175 	 3.96511199795e-315 
3.913826 	 1.3311709509e-318 
3.962965 	 4.3477776834e-322 
4.012594 	 0.0 
4.06272 	 0.0 
4.113347 	 0.0 
4.164481 	 0.0 
4.216126 	 0.0 
4.268287 	 0.0 
4.32097 	 0.0 
4.37418 	 0.0 
4.427921 	 0.0 
4.482201 	 0.0 
4.537023 	 0.0 
4.592393 	 0.0 
4.648317 	 0.0 
4.7048 	 0.0 
4.761848 	 0.0 
4.819466 	 0.0 
4.877661 	 0.0 
4.936438 	 0.0 
4.995802 	 0.0 
5.05576 	 0.0 
5.116318 	 0.0 
5.177481 	 0.0 
5.239256 	 0.0 
5.301648 	 0.0 
5.364665 	 0.0 
5.428311 	 0.0 
5.492594 	 0.0 
5.55752 	 0.0 
5.623096 	 0.0 
5.689326 	 0.0 
5.75622 	 0.0 
5.823782 	 0.0 
5.89202 	 0.0 
5.96094 	 0.0 
