0.01 	 1.627795e-05 
0.0201 	 5.011087e-05 
0.030301 	 0.0001000712 
0.040604 	 0.0001654097 
0.05101 	 0.0002412401 
0.06152 	 0.0003218792 
0.072135 	 0.0004179895 
0.082857 	 0.0005233645 
0.093685 	 0.0006526961 
0.104622 	 0.000798908 
0.115668 	 0.0009930828 
0.126825 	 0.001225177 
0.138093 	 0.001475603 
0.149474 	 0.001788593 
0.160969 	 0.002157482 
0.172579 	 0.002568961 
0.184304 	 0.003032308 
0.196147 	 0.003419986 
0.208109 	 0.003550801 
0.22019 	 0.003575092 
0.232392 	 0.003863369 
0.244716 	 0.004375277 
0.257163 	 0.00507737 
0.269735 	 0.005897765 
0.282432 	 0.006847374 
0.295256 	 0.008229281 
0.308209 	 0.009851739 
0.321291 	 0.0112599 
0.334504 	 0.01270339 
0.347849 	 0.01441902 
0.361327 	 0.01639384 
0.374941 	 0.01835412 
0.38869 	 0.01983943 
0.402577 	 0.02070915 
0.416603 	 0.02076271 
0.430769 	 0.02048289 
0.445076 	 0.0201789 
0.459527 	 0.01987646 
0.474123 	 0.01967899 
0.488864 	 0.01942625 
0.503752 	 0.01870635 
0.51879 	 0.01784536 
0.533978 	 0.01870987 
0.549318 	 0.02165837 
0.564811 	 0.02185202 
0.580459 	 0.01903516 
0.596263 	 0.01599363 
0.612226 	 0.01279674 
0.628348 	 0.009733069 
0.644632 	 0.007014333 
0.661078 	 0.004775415 
0.677689 	 0.0030939 
0.694466 	 0.002059685 
0.71141 	 0.001484853 
0.728525 	 0.001084557 
0.74581 	 0.0007810727 
0.763268 	 0.0005597429 
0.780901 	 0.0004025457 
0.79871 	 0.0002953648 
0.816697 	 0.0002219442 
0.834864 	 0.0001660051 
0.853212 	 0.0001197299 
0.871744 	 8.280824e-05 
0.890462 	 6.274427e-05 
0.909366 	 5.190748e-05 
0.92846 	 4.495556e-05 
0.947745 	 3.987106e-05 
0.967222 	 3.742067e-05 
0.986894 	 3.656278e-05 
1.006763 	 3.469842e-05 
1.026831 	 3.317018e-05 
1.047099 	 3.247861e-05 
1.06757 	 3.220315e-05 
1.088246 	 3.437221e-05 
1.109128 	 4.022878e-05 
1.13022 	 5.436394e-05 
1.151522 	 7.248509e-05 
1.173037 	 7.422728e-05 
1.194768 	 6.546794e-05 
1.216715 	 5.623482e-05 
1.238882 	 5.151742e-05 
1.261271 	 4.896098e-05 
1.283884 	 4.517792e-05 
1.306723 	 4.112983e-05 
1.32979 	 3.72714e-05 
1.353088 	 3.328843e-05 
1.376619 	 2.960547e-05 
1.400385 	 2.653548e-05 
1.424389 	 2.261027e-05 
1.448633 	 1.918673e-05 
1.473119 	 1.656979e-05 
1.49785 	 1.396221e-05 
1.522829 	 1.187601e-05 
1.548057 	 1.018584e-05 
1.573538 	 7.524166e-06 
1.599273 	 5.779145e-06 
1.625266 	 5.249826e-06 
1.651518 	 4.893813e-06 
1.678033 	 4.807075e-06 
1.704814 	 4.834294e-06 
1.731862 	 4.855475e-06 
1.759181 	 5.677606e-06 
1.786772 	 9.576339e-06 
1.81464 	 1.913228e-05 
1.842787 	 3.016419e-05 
1.871214 	 4.127832e-05 
1.899927 	 5.867615e-05 
1.928926 	 8.873197e-05 
1.958215 	 0.0001403872 
1.987797 	 0.0002355297 
2.017675 	 0.0004127003 
2.047852 	 0.0007089515 
2.07833 	 0.001183559 
2.109114 	 0.001915705 
2.140205 	 0.00288678 
2.171607 	 0.00403815 
2.203323 	 0.005163148 
2.235356 	 0.005989539 
2.26771 	 0.006560094 
2.300387 	 0.007017488 
2.333391 	 0.007077445 
2.366725 	 0.006620133 
2.400392 	 0.005632678 
2.434396 	 0.006124075 
2.46874 	 0.00680563 
2.503427 	 0.007872554 
2.538461 	 0.01065198 
2.573846 	 0.01489278 
2.609585 	 0.02635416 
2.64568 	 0.04720388 
2.682137 	 0.1059305 
2.718959 	 0.2280789 
2.756148 	 0.5611671 
2.79371 	 1.699632 
2.831647 	 3.530006 
2.869963 	 6.916979 
2.908663 	 7.272663 
2.947749 	 4.470734 
2.987227 	 0.7443906 
3.027099 	 0.01262458 
3.06737 	 1.681114e-05 
3.108044 	 6.511228e-11 
3.149124 	 1.27108e-15 
3.190616 	 4.920052e-21 
3.232522 	 5.444882e-29 
3.274847 	 3.53483e-33 
3.317595 	 2.937231e-39 
3.360771 	 3.446808e-41 
3.404379 	 9.363143e-44 
3.448423 	 1.656966e-44 
3.492907 	 7.517623e-45 
3.537836 	 1.625944e-45 
3.583215 	 9.651587e-46 
3.629047 	 7.231667e-46 
3.675337 	 7.093611e-46 
3.722091 	 6.750258e-46 
3.769311 	 5.490274e-46 
3.817005 	 4.484481e-46 
3.865175 	 3.56571e-46 
3.913826 	 2.484034e-46 
3.962965 	 1.578288e-46 
4.012594 	 9.353424e-47 
4.06272 	 4.916081e-47 
4.113347 	 2.308557e-47 
4.164481 	 8.944032e-48 
4.216126 	 3.032145e-48 
4.268287 	 9.277886e-49 
4.32097 	 2.405472e-49 
4.37418 	 5.109716e-50 
4.427921 	 9.206036e-51 
4.482201 	 1.455316e-51 
4.537023 	 2.18173e-52 
4.592393 	 2.984394e-53 
4.648317 	 2.847652e-54 
4.7048 	 2.678531e-55 
4.761848 	 2.774696e-56 
4.819466 	 3.522672e-57 
4.877661 	 5.917998e-58 
4.936438 	 1.363557e-58 
4.995802 	 3.48919e-59 
5.05576 	 1.058484e-59 
5.116318 	 2.221909e-60 
5.177481 	 7.877949e-61 
5.239256 	 2.494955e-61 
5.301648 	 1.021136e-61 
5.364665 	 4.544375e-62 
5.428311 	 1.675128e-62 
5.492594 	 8.602846e-63 
5.55752 	 3.801235e-63 
5.623096 	 2.067539e-63 
5.689326 	 1.04277e-63 
5.75622 	 6.570015e-64 
5.823782 	 4.393007e-64 
5.89202 	 2.778724e-64 
5.96094 	 2.022122e-64 
