0.01 	 2.787982e-89 
0.0201 	 7.251294e-89 
0.030301 	 4.589912e-89 
0.040604 	 1.922752e-89 
0.05101 	 7.985074e-90 
0.06152 	 2.532683e-90 
0.072135 	 9.662469e-91 
0.082857 	 6.506386e-91 
0.093685 	 2.66792e-91 
0.104622 	 1.261475e-91 
0.115668 	 6.271672e-92 
0.126825 	 2.288944e-92 
0.138093 	 9.403109e-93 
0.149474 	 5.38515e-93 
0.160969 	 2.673317e-93 
0.172579 	 2.33868e-93 
0.184304 	 2.801212e-93 
0.196147 	 5.159853e-93 
0.208109 	 1.061073e-92 
0.22019 	 6.31801e-92 
0.232392 	 8.264419e-91 
0.244716 	 6.432638e-90 
0.257163 	 1.78488e-88 
0.269735 	 8.204629e-87 
0.282432 	 3.896828e-85 
0.295256 	 1.092243e-82 
0.308209 	 1.122846e-79 
0.321291 	 1.092502e-76 
0.334504 	 4.759774e-73 
0.347849 	 5.003395e-69 
0.361327 	 2.08443e-64 
0.374941 	 1.814858e-59 
0.38869 	 4.783653e-55 
0.402577 	 7.975176e-52 
0.416603 	 6.760736e-49 
0.430769 	 2.430132e-46 
0.445076 	 1.224866e-43 
0.459527 	 7.098001e-40 
0.474123 	 1.996341e-35 
0.488864 	 3.48184e-30 
0.503752 	 1.024648e-24 
0.51879 	 1.672158e-19 
0.533978 	 6.197457e-15 
0.549318 	 4.001128e-11 
0.564811 	 2.045174e-08 
0.580459 	 2.219116e-06 
0.596263 	 0.0001387419 
0.612226 	 0.002210651 
0.628348 	 0.007057685 
0.644632 	 0.01167488 
0.661078 	 0.01188096 
0.677689 	 0.01031447 
0.694466 	 0.005097132 
0.71141 	 0.003735714 
0.728525 	 0.007460236 
0.74581 	 0.03341177 
0.763268 	 0.2538759 
0.780901 	 2.84881 
0.79871 	 13.20515 
0.816697 	 22.47352 
0.834864 	 15.43267 
0.853212 	 1.026489 
0.871744 	 0.01050209 
0.890462 	 8.348186e-06 
0.909366 	 9.639468e-10 
0.92846 	 2.499376e-14 
0.947745 	 5.265743e-19 
0.967222 	 1.83505e-23 
0.986894 	 7.410866e-28 
1.006763 	 3.966788e-32 
1.026831 	 4.917429e-36 
1.047099 	 8.041264e-40 
1.06757 	 2.599582e-43 
1.088246 	 1.906765e-46 
1.109128 	 5.816742e-49 
1.13022 	 6.233633e-51 
1.151522 	 1.249716e-51 
1.173037 	 7.334946e-51 
1.194768 	 1.263192e-48 
1.216715 	 2.168493e-45 
1.238882 	 5.879283e-43 
1.261271 	 6.166455e-42 
1.283884 	 1.537951e-42 
1.306723 	 9.751015e-45 
1.32979 	 2.100588e-48 
1.353088 	 4.528907e-53 
1.376619 	 8.542517e-58 
1.400385 	 1.420156e-62 
1.424389 	 1.863238e-67 
1.448633 	 6.312805e-72 
1.473119 	 2.314556e-76 
1.49785 	 9.875738e-81 
1.522829 	 1.588369e-84 
1.548057 	 2.772246e-88 
1.573538 	 4.644606e-92 
1.599273 	 3.659915e-95 
1.625266 	 2.015181e-98 
1.651518 	 1.215794e-101 
1.678033 	 2.668908e-104 
1.704814 	 5.30646e-107 
1.731862 	 1.12095e-109 
1.759181 	 6.945877e-112 
1.786772 	 4.0214e-114 
1.81464 	 1.57854e-116 
1.842787 	 1.095918e-118 
1.871214 	 1.75784e-120 
1.899927 	 1.320268e-122 
1.928926 	 2.347473e-124 
1.958215 	 8.611034e-126 
1.987797 	 2.122206e-127 
2.017675 	 1.158285e-128 
2.047852 	 1.407924e-129 
2.07833 	 9.654319e-131 
2.109114 	 2.228481e-131 
2.140205 	 8.61756e-132 
2.171607 	 2.231888e-132 
2.203323 	 1.150969e-132 
2.235356 	 8.527374e-133 
2.26771 	 4.027659e-133 
2.300387 	 3.830314e-133 
2.333391 	 5.911281e-133 
2.366725 	 6.470255e-133 
2.400392 	 2.252032e-132 
2.434396 	 1.349205e-131 
2.46874 	 6.330415e-131 
2.503427 	 1.09392e-129 
2.538461 	 2.76221e-128 
2.573846 	 5.87514e-127 
2.609585 	 4.306401e-125 
2.64568 	 9.962225e-123 
2.682137 	 1.639386e-120 
2.718959 	 5.431167e-118 
2.756148 	 7.594429e-115 
2.79371 	 1.904765e-111 
2.831647 	 1.964493e-107 
2.869963 	 7.838224e-103 
2.908663 	 1.961346e-98 
2.947749 	 1.772658e-94 
2.987227 	 2.875196e-91 
3.027099 	 4.249476e-89 
3.06737 	 6.160234e-88 
3.108044 	 4.057627e-87 
3.149124 	 3.719635e-86 
3.190616 	 1.41606e-84 
3.232522 	 3.472802e-80 
3.274847 	 1.457318e-76 
3.317595 	 3.316385e-75 
3.360771 	 4.429251e-77 
3.404379 	 1.084395e-85 
3.448423 	 2.229095e-86 
3.492907 	 3.585092e-86 
3.537836 	 2.250194e-86 
3.583215 	 2.68655e-85 
3.629047 	 6.340514e-84 
3.675337 	 7.34852e-83 
3.722091 	 1.022503e-81 
3.769311 	 2.337555e-80 
3.817005 	 5.841055e-79 
3.865175 	 1.066515e-77 
3.913826 	 3.010226e-76 
3.962965 	 8.360883e-75 
4.012594 	 1.513819e-73 
4.06272 	 5.910575e-72 
4.113347 	 2.961873e-70 
4.164481 	 1.516956e-68 
4.216126 	 1.944017e-66 
4.268287 	 4.173624e-64 
4.32097 	 1.026368e-61 
4.37418 	 1.04346e-58 
4.427921 	 2.688426e-55 
4.482201 	 1.50802e-51 
4.537023 	 3.188882e-47 
4.592393 	 5.052887e-42 
4.648317 	 2.087879e-36 
4.7048 	 3.772396e-30 
4.761848 	 6.763476e-24 
4.819466 	 5.637704e-19 
4.877661 	 1.323379e-15 
4.936438 	 1.8814e-13 
4.995802 	 1.62328e-12 
5.05576 	 2.499737e-12 
5.116318 	 4.072944e-13 
5.177481 	 2.648513e-15 
5.239256 	 5.068401e-19 
5.301648 	 2.566808e-24 
5.364665 	 1.507553e-31 
5.428311 	 4.143477e-41 
5.492594 	 4.656326e-52 
5.55752 	 1.35731e-65 
5.623096 	 4.495628e-80 
5.689326 	 8.894243e-97 
5.75622 	 2.96784e-113 
5.823782 	 3.817432e-130 
5.89202 	 1.128405e-147 
5.96094 	 1.436785e-162 
