0.01 	 1.265363e-08 
0.0201 	 4.69528e-08 
0.030301 	 1.068887e-07 
0.040604 	 2.246477e-07 
0.05101 	 4.303002e-07 
0.06152 	 8.062907e-07 
0.072135 	 1.558987e-06 
0.082857 	 3.105654e-06 
0.093685 	 6.32025e-06 
0.104622 	 1.31073e-05 
0.115668 	 3.023373e-05 
0.126825 	 6.367451e-05 
0.138093 	 0.0001408049 
0.149474 	 0.0003291211 
0.160969 	 0.0008263644 
0.172579 	 0.00216747 
0.184304 	 0.00535735 
0.196147 	 0.01165863 
0.208109 	 0.021909 
0.22019 	 0.03729758 
0.232392 	 0.06176231 
0.244716 	 0.09967536 
0.257163 	 0.1560444 
0.269735 	 0.2280615 
0.282432 	 0.3031897 
0.295256 	 0.3994616 
0.308209 	 0.4991784 
0.321291 	 0.6090167 
0.334504 	 0.7482184 
0.347849 	 0.9383411 
0.361327 	 1.203401 
0.374941 	 1.583492 
0.38869 	 2.120017 
0.402577 	 2.796757 
0.416603 	 3.564607 
0.430769 	 4.324607 
0.445076 	 4.982637 
0.459527 	 5.507926 
0.474123 	 5.882499 
0.488864 	 6.003744 
0.503752 	 5.798272 
0.51879 	 5.278299 
0.533978 	 4.537308 
0.549318 	 3.604183 
0.564811 	 2.649947 
0.580459 	 1.803459 
0.596263 	 1.141129 
0.612226 	 0.6707329 
0.628348 	 0.3703791 
0.644632 	 0.1880058 
0.661078 	 0.08539436 
0.677689 	 0.03324777 
0.694466 	 0.0115588 
0.71141 	 0.00388603 
0.728525 	 0.001247101 
0.74581 	 0.0003875278 
0.763268 	 0.0001200857 
0.780901 	 3.541446e-05 
0.79871 	 1.027432e-05 
0.816697 	 2.978348e-06 
0.834864 	 7.819174e-07 
0.853212 	 1.938176e-07 
0.871744 	 4.758845e-08 
0.890462 	 9.727845e-09 
0.909366 	 1.775199e-09 
0.92846 	 3.103411e-10 
0.947745 	 4.788337e-11 
0.967222 	 7.029222e-12 
0.986894 	 9.691655e-13 
1.006763 	 1.079158e-13 
1.026831 	 1.085387e-14 
1.047099 	 1.033445e-15 
1.06757 	 9.105063e-17 
1.088246 	 8.222528e-18 
1.109128 	 8.251738e-19 
1.13022 	 7.152906e-20 
1.151522 	 6.603696e-21 
1.173037 	 6.89819e-22 
1.194768 	 6.916135e-23 
1.216715 	 6.595866e-24 
1.238882 	 7.158167e-25 
1.261271 	 7.534524e-26 
1.283884 	 6.659151e-27 
1.306723 	 6.179722e-28 
1.32979 	 5.492516e-29 
1.353088 	 4.502834e-30 
1.376619 	 3.850349e-31 
1.400385 	 2.56919e-32 
1.424389 	 1.413748e-33 
1.448633 	 9.337611e-35 
1.473119 	 5.17846e-36 
1.49785 	 2.38434e-37 
1.522829 	 1.375756e-38 
1.548057 	 7.036631e-40 
1.573538 	 3.475953e-41 
1.599273 	 2.348546e-42 
1.625266 	 1.527268e-43 
1.651518 	 1.110919e-44 
1.678033 	 1.271853e-45 
1.704814 	 1.554407e-46 
1.731862 	 1.975427e-47 
1.759181 	 3.890222e-48 
1.786772 	 8.708348e-49 
1.81464 	 1.594811e-49 
1.842787 	 3.437597e-50 
1.871214 	 1.04497e-50 
1.899927 	 3.031051e-51 
1.928926 	 1.290311e-51 
1.958215 	 7.874623e-52 
1.987797 	 3.861043e-52 
2.017675 	 2.490017e-52 
2.047852 	 2.227867e-52 
2.07833 	 1.518728e-52 
2.109114 	 1.047829e-52 
2.140205 	 8.616072e-53 
2.171607 	 4.975253e-53 
2.203323 	 2.673917e-53 
2.235356 	 1.35742e-53 
2.26771 	 6.638601e-54 
2.300387 	 3.897747e-54 
2.333391 	 3.31767e-54 
2.366725 	 1.626143e-54 
2.400392 	 9.280059e-55 
2.434396 	 1.872182e-54 
2.46874 	 4.009906e-54 
2.503427 	 1.157911e-53 
2.538461 	 8.202899e-53 
2.573846 	 1.142196e-51 
2.609585 	 1.999096e-50 
2.64568 	 9.97341e-49 
2.682137 	 4.333351e-47 
2.718959 	 2.027809e-45 
2.756148 	 1.608709e-43 
2.79371 	 3.924419e-42 
2.831647 	 5.503907e-41 
2.869963 	 6.353301e-41 
2.908663 	 6.358669e-42 
2.947749 	 1.380519e-45 
2.987227 	 2.809122e-51 
3.027099 	 8.060499e-61 
3.06737 	 6.363701e-75 
3.108044 	 2.824885e-96 
3.149124 	 6.039835e-117 
3.190616 	 3.072609e-138 
3.232522 	 6.646878e-171 
3.274847 	 7.660435e-188 
3.317595 	 3.165563e-215 
3.360771 	 1.22553e-223 
3.404379 	 1.220943e-237 
3.448423 	 1.194416e-243 
3.492907 	 1.124867e-248 
3.537836 	 1.099389e-255 
3.583215 	 1.072137e-260 
3.629047 	 7.729612e-268 
3.675337 	 2.178303e-274 
3.722091 	 3.257678e-281 
3.769311 	 2.543951e-289 
3.817005 	 8.52797e-297 
3.865175 	 1.62008e-305 
3.913826 	 8.43642299998e-313 
3.962965 	 4.04244511427e-320 
4.012594 	 0.0 
4.06272 	 0.0 
4.113347 	 0.0 
4.164481 	 0.0 
4.216126 	 0.0 
4.268287 	 0.0 
4.32097 	 0.0 
4.37418 	 0.0 
4.427921 	 0.0 
4.482201 	 0.0 
4.537023 	 0.0 
4.592393 	 0.0 
4.648317 	 0.0 
4.7048 	 0.0 
4.761848 	 0.0 
4.819466 	 0.0 
4.877661 	 0.0 
4.936438 	 0.0 
4.995802 	 0.0 
5.05576 	 0.0 
5.116318 	 0.0 
5.177481 	 0.0 
5.239256 	 0.0 
5.301648 	 0.0 
5.364665 	 0.0 
5.428311 	 0.0 
5.492594 	 0.0 
5.55752 	 0.0 
5.623096 	 0.0 
5.689326 	 0.0 
5.75622 	 0.0 
5.823782 	 0.0 
5.89202 	 0.0 
5.96094 	 0.0 
