0.01 	 2.560507e-06 
0.0201 	 3.194819e-06 
0.030301 	 2.095315e-06 
0.040604 	 8.969923e-07 
0.05101 	 2.837108e-07 
0.06152 	 7.583645e-08 
0.072135 	 2.384343e-08 
0.082857 	 1.037351e-08 
0.093685 	 5.2518e-09 
0.104622 	 2.66365e-09 
0.115668 	 1.970094e-09 
0.126825 	 1.36406e-09 
0.138093 	 9.754034e-10 
0.149474 	 6.818453e-10 
0.160969 	 4.145455e-10 
0.172579 	 2.517785e-10 
0.184304 	 1.554386e-10 
0.196147 	 9.929577e-11 
0.208109 	 6.884557e-11 
0.22019 	 5.775811e-11 
0.232392 	 5.033066e-11 
0.244716 	 4.695608e-11 
0.257163 	 5.862897e-11 
0.269735 	 8.663489e-11 
0.282432 	 1.385777e-10 
0.295256 	 2.535536e-10 
0.308209 	 3.958883e-10 
0.321291 	 3.420363e-10 
0.334504 	 2.325395e-10 
0.347849 	 1.897625e-10 
0.361327 	 1.88152e-10 
0.374941 	 1.792014e-10 
0.38869 	 1.417611e-10 
0.402577 	 9.479307e-11 
0.416603 	 5.8425e-11 
0.430769 	 3.542389e-11 
0.445076 	 1.894538e-11 
0.459527 	 1.144447e-11 
0.474123 	 7.601353e-12 
0.488864 	 4.934684e-12 
0.503752 	 3.907179e-12 
0.51879 	 3.275307e-12 
0.533978 	 2.297585e-12 
0.549318 	 1.404676e-12 
0.564811 	 9.918247e-13 
0.580459 	 8.442574e-13 
0.596263 	 8.237548e-13 
0.612226 	 9.36781e-13 
0.628348 	 1.317347e-12 
0.644632 	 2.715305e-12 
0.661078 	 8.59431e-12 
0.677689 	 3.994847e-11 
0.694466 	 2.794169e-10 
0.71141 	 2.590875e-09 
0.728525 	 1.542875e-08 
0.74581 	 4.791114e-08 
0.763268 	 1.053004e-07 
0.780901 	 2.057677e-07 
0.79871 	 3.893215e-07 
0.816697 	 6.019603e-07 
0.834864 	 6.301571e-07 
0.853212 	 6.456944e-07 
0.871744 	 8.148775e-07 
0.890462 	 1.094404e-06 
0.909366 	 1.813554e-06 
0.92846 	 4.829887e-06 
0.947745 	 1.757732e-05 
0.967222 	 7.795124e-05 
0.986894 	 0.0003316489 
1.006763 	 0.001222853 
1.026831 	 0.00397149 
1.047099 	 0.01184976 
1.06757 	 0.03480496 
1.088246 	 0.09729 
1.109128 	 0.2625431 
1.13022 	 0.6345938 
1.151522 	 1.287385 
1.173037 	 2.555203 
1.194768 	 4.418563 
1.216715 	 6.431969 
1.238882 	 7.990719 
1.261271 	 7.856394 
1.283884 	 6.241542 
1.306723 	 3.970466 
1.32979 	 1.935933 
1.353088 	 0.7419432 
1.376619 	 0.220346 
1.400385 	 0.04960889 
1.424389 	 0.01071113 
1.448633 	 0.002734273 
1.473119 	 0.0006709421 
1.49785 	 0.0001584308 
1.522829 	 4.102218e-05 
1.548057 	 1.086314e-05 
1.573538 	 3.387182e-06 
1.599273 	 1.023486e-06 
1.625266 	 2.58183e-07 
1.651518 	 6.846731e-08 
1.678033 	 2.129654e-08 
1.704814 	 6.807865e-09 
1.731862 	 2.26952e-09 
1.759181 	 9.006615e-10 
1.786772 	 3.219213e-10 
1.81464 	 8.644406e-11 
1.842787 	 2.595924e-11 
1.871214 	 9.191415e-12 
1.899927 	 3.30396e-12 
1.928926 	 1.330816e-12 
1.958215 	 5.449227e-13 
1.987797 	 1.851228e-13 
2.017675 	 6.380085e-14 
2.047852 	 2.268669e-14 
2.07833 	 7.250505e-15 
2.109114 	 2.046011e-15 
2.140205 	 6.163097e-16 
2.171607 	 1.836324e-16 
2.203323 	 4.770491e-17 
2.235356 	 1.376034e-17 
2.26771 	 5.370596e-18 
2.300387 	 3.189685e-18 
2.333391 	 2.253104e-18 
2.366725 	 1.951604e-18 
2.400392 	 1.569832e-18 
2.434396 	 9.103168e-19 
2.46874 	 3.522103e-19 
2.503427 	 9.102294e-20 
2.538461 	 2.722055e-20 
2.573846 	 6.887374e-21 
2.609585 	 1.103455e-21 
2.64568 	 1.312657e-22 
2.682137 	 8.310816e-24 
2.718959 	 2.826227e-25 
2.756148 	 2.589752e-27 
2.79371 	 1.317744e-29 
2.831647 	 3.605902e-32 
2.869963 	 2.121352e-35 
2.908663 	 5.596328e-39 
2.947749 	 1.769444e-43 
2.987227 	 4.350906e-48 
3.027099 	 6.060506e-54 
3.06737 	 3.042846e-60 
3.108044 	 1.078756e-68 
3.149124 	 6.337208e-76 
3.190616 	 3.248156e-83 
3.232522 	 5.39485e-93 
3.274847 	 6.135841e-99 
3.317595 	 2.647688e-107 
3.360771 	 1.277892e-111 
3.404379 	 5.114687e-117 
3.448423 	 3.985066e-122 
3.492907 	 3.887122e-126 
3.537836 	 6.718657e-132 
3.583215 	 3.826117e-136 
3.629047 	 2.962726e-140 
3.675337 	 2.925859e-145 
3.722091 	 5.110384e-149 
3.769311 	 6.177797e-154 
3.817005 	 1.981446e-157 
3.865175 	 3.480915e-162 
3.913826 	 2.461322e-165 
3.962965 	 1.948802e-168 
4.012594 	 9.636106e-173 
4.06272 	 1.115137e-175 
4.113347 	 1.769046e-179 
4.164481 	 3.575498e-182 
4.216126 	 1.929603e-185 
4.268287 	 6.659752e-188 
4.32097 	 1.316648e-190 
4.37418 	 5.166465e-194 
4.427921 	 2.517403e-197 
4.482201 	 2.169523e-201 
4.537023 	 6.524313e-206 
4.592393 	 8.299891e-211 
4.648317 	 4.280146e-216 
4.7048 	 2.114284e-221 
4.761848 	 3.702156e-226 
4.819466 	 3.561568e-230 
4.877661 	 2.889133e-233 
4.936438 	 2.331101e-235 
4.995802 	 1.894221e-236 
5.05576 	 4.298917e-237 
5.116318 	 1.030001e-240 
5.177481 	 4.72896e-242 
5.239256 	 3.077191e-246 
5.301648 	 2.10595e-248 
5.364665 	 1.858422e-251 
5.428311 	 9.447769e-258 
5.492594 	 4.213777e-262 
5.55752 	 4.773895e-270 
5.623096 	 2.084989e-276 
5.689326 	 4.677496e-286 
5.75622 	 2.126332e-294 
5.823782 	 9.035248e-304 
5.89202 	 1.54161300036e-315 
5.96094 	 0.0 
