0.01 	 1.43731e-08 
0.0201 	 1.301818e-08 
0.030301 	 5.966627e-09 
0.040604 	 1.743433e-09 
0.05101 	 4.00042e-10 
0.06152 	 8.360134e-11 
0.072135 	 2.331533e-11 
0.082857 	 1.016144e-11 
0.093685 	 6.048697e-12 
0.104622 	 3.878709e-12 
0.115668 	 4.413701e-12 
0.126825 	 4.768848e-12 
0.138093 	 5.518349e-12 
0.149474 	 6.431934e-12 
0.160969 	 6.814267e-12 
0.172579 	 7.00056e-12 
0.184304 	 7.287854e-12 
0.196147 	 7.801722e-12 
0.208109 	 8.537184e-12 
0.22019 	 1.057375e-11 
0.232392 	 1.347496e-11 
0.244716 	 1.717177e-11 
0.257163 	 2.632404e-11 
0.269735 	 4.58956e-11 
0.282432 	 8.809335e-11 
0.295256 	 1.965843e-10 
0.308209 	 4.041142e-10 
0.321291 	 4.936323e-10 
0.334504 	 4.924665e-10 
0.347849 	 6.204923e-10 
0.361327 	 9.814081e-10 
0.374941 	 1.508489e-09 
0.38869 	 2.097477e-09 
0.402577 	 2.449346e-09 
0.416603 	 2.858464e-09 
0.430769 	 3.256587e-09 
0.445076 	 3.215535e-09 
0.459527 	 3.173424e-09 
0.474123 	 3.184829e-09 
0.488864 	 3.089054e-09 
0.503752 	 3.26373e-09 
0.51879 	 3.529751e-09 
0.533978 	 3.407778e-09 
0.549318 	 3.132412e-09 
0.564811 	 3.095197e-09 
0.580459 	 3.912644e-09 
0.596263 	 5.453531e-09 
0.612226 	 8.453259e-09 
0.628348 	 1.463782e-08 
0.644632 	 3.142663e-08 
0.661078 	 8.393199e-08 
0.677689 	 2.762638e-07 
0.694466 	 1.218888e-06 
0.71141 	 5.922936e-06 
0.728525 	 2.004278e-05 
0.74581 	 4.243543e-05 
0.763268 	 6.851768e-05 
0.780901 	 0.0001039224 
0.79871 	 0.0001620487 
0.816697 	 0.0002232449 
0.834864 	 0.0002400141 
0.853212 	 0.000267768 
0.871744 	 0.0003985231 
0.890462 	 0.0006620472 
0.909366 	 0.001195903 
0.92846 	 0.002355058 
0.947745 	 0.005013146 
0.967222 	 0.01050253 
0.986894 	 0.02100943 
1.006763 	 0.04060028 
1.026831 	 0.08058464 
1.047099 	 0.1611835 
1.06757 	 0.314222 
1.088246 	 0.5953623 
1.109128 	 1.095886 
1.13022 	 1.86656 
1.151522 	 2.467756 
1.173037 	 3.097468 
1.194768 	 3.799856 
1.216715 	 4.303262 
1.238882 	 4.180118 
1.261271 	 4.423774 
1.283884 	 4.56281 
1.306723 	 4.13298 
1.32979 	 3.489361 
1.353088 	 2.617474 
1.376619 	 1.659852 
1.400385 	 0.8718457 
1.424389 	 0.4275385 
1.448633 	 0.2197395 
1.473119 	 0.1083033 
1.49785 	 0.05085213 
1.522829 	 0.02564275 
1.548057 	 0.01321633 
1.573538 	 0.006396343 
1.599273 	 0.002834217 
1.625266 	 0.001159758 
1.651518 	 0.0004780908 
1.678033 	 0.0002113333 
1.704814 	 9.105404e-05 
1.731862 	 4.007298e-05 
1.759181 	 2.166949e-05 
1.786772 	 1.464498e-05 
1.81464 	 8.644484e-06 
1.842787 	 4.015948e-06 
1.871214 	 1.751594e-06 
1.899927 	 7.697762e-07 
1.928926 	 3.425823e-07 
1.958215 	 1.399897e-07 
1.987797 	 4.795095e-08 
2.017675 	 1.575858e-08 
2.047852 	 4.819428e-09 
2.07833 	 1.095973e-09 
2.109114 	 1.881804e-10 
2.140205 	 4.086574e-11 
2.171607 	 8.379434e-12 
2.203323 	 1.502506e-12 
2.235356 	 3.521303e-13 
2.26771 	 1.275654e-13 
2.300387 	 7.495029e-14 
2.333391 	 5.051739e-14 
2.366725 	 4.146074e-14 
2.400392 	 2.674153e-14 
2.434396 	 1.044624e-14 
2.46874 	 2.762052e-15 
2.503427 	 5.400076e-16 
2.538461 	 7.258065e-17 
2.573846 	 4.548913e-18 
2.609585 	 1.112025e-19 
2.64568 	 1.209118e-21 
2.682137 	 3.145189e-24 
2.718959 	 2.91252e-27 
2.756148 	 3.396776e-31 
2.79371 	 5.578836e-36 
2.831647 	 1.625113e-41 
2.869963 	 7.107115e-49 
2.908663 	 1.352003e-56 
2.947749 	 3.319986e-67 
2.987227 	 1.744648e-77 
3.027099 	 3.699333e-91 
3.06737 	 3.773017e-105 
3.108044 	 8.165485e-123 
3.149124 	 1.211972e-138 
3.190616 	 8.334647e-153 
3.232522 	 1.425461e-172 
3.274847 	 1.063997e-182 
3.317595 	 4.132722e-198 
3.360771 	 5.189235e-204 
3.404379 	 9.933123e-212 
3.448423 	 2.287541e-217 
3.492907 	 2.687581e-221 
3.537836 	 7.419231e-227 
3.583215 	 5.509576e-230 
3.629047 	 8.704734e-234 
3.675337 	 3.069371e-237 
3.722091 	 4.605898e-240 
3.769311 	 1.51699e-243 
3.817005 	 4.039452e-246 
3.865175 	 2.664142e-249 
3.913826 	 1.194209e-251 
3.962965 	 5.257532e-254 
4.012594 	 5.600949e-257 
4.06272 	 3.16458e-259 
4.113347 	 6.370529e-262 
4.164481 	 4.918083e-264 
4.216126 	 2.010589e-266 
4.268287 	 1.94715e-268 
4.32097 	 1.339546e-270 
4.37418 	 3.482223e-273 
4.427921 	 7.495159e-276 
4.482201 	 4.841216e-279 
4.537023 	 1.379233e-282 
4.592393 	 2.23554e-286 
4.648317 	 2.472311e-290 
4.7048 	 3.071388e-294 
4.761848 	 9.904167e-298 
4.819466 	 1.214709e-300 
4.877661 	 6.687183e-303 
4.936438 	 1.949353e-304 
4.995802 	 1.595633e-305 
5.05576 	 2.541153e-306 
5.116318 	 7.463886e-309 
5.177481 	 3.30201e-310 
5.239256 	 2.29917900002e-313 
5.301648 	 1.85406099916e-315 
5.364665 	 4.73776840095e-318 
5.428311 	 1.13635098543e-322 
5.492594 	 0.0 
5.55752 	 0.0 
5.623096 	 0.0 
5.689326 	 0.0 
5.75622 	 0.0 
5.823782 	 0.0 
5.89202 	 0.0 
5.96094 	 0.0 
