0.01 	 6.04351e-11 
0.0201 	 7.25918e-11 
0.030301 	 5.429903e-11 
0.040604 	 3.296522e-11 
0.05101 	 2.00106e-11 
0.06152 	 1.402677e-11 
0.072135 	 1.39902e-11 
0.082857 	 1.932228e-11 
0.093685 	 2.987037e-11 
0.104622 	 4.212384e-11 
0.115668 	 7.734347e-11 
0.126825 	 1.228257e-10 
0.138093 	 1.837539e-10 
0.149474 	 2.66709e-10 
0.160969 	 3.506913e-10 
0.172579 	 4.430937e-10 
0.184304 	 5.462426e-10 
0.196147 	 6.343788e-10 
0.208109 	 7.020625e-10 
0.22019 	 8.328003e-10 
0.232392 	 1.056641e-09 
0.244716 	 1.353904e-09 
0.257163 	 1.930165e-09 
0.269735 	 2.664995e-09 
0.282432 	 3.386668e-09 
0.295256 	 4.131625e-09 
0.308209 	 5.055784e-09 
0.321291 	 6.467205e-09 
0.334504 	 9.690149e-09 
0.347849 	 1.726722e-08 
0.361327 	 3.453096e-08 
0.374941 	 7.934237e-08 
0.38869 	 2.213264e-07 
0.402577 	 7.346445e-07 
0.416603 	 2.781143e-06 
0.430769 	 9.730577e-06 
0.445076 	 2.667853e-05 
0.459527 	 6.097242e-05 
0.474123 	 0.0001245804 
0.488864 	 0.0002375318 
0.503752 	 0.0004360682 
0.51879 	 0.0007455599 
0.533978 	 0.001091467 
0.549318 	 0.001496991 
0.564811 	 0.002284796 
0.580459 	 0.003690418 
0.596263 	 0.006117938 
0.612226 	 0.01073039 
0.628348 	 0.02071042 
0.644632 	 0.04332305 
0.661078 	 0.09168658 
0.677689 	 0.1856964 
0.694466 	 0.3428748 
0.71141 	 0.5551155 
0.728525 	 0.8025098 
0.74581 	 1.091093 
0.763268 	 1.419248 
0.780901 	 1.789837 
0.79871 	 2.212396 
0.816697 	 2.628804 
0.834864 	 2.934229 
0.853212 	 3.431882 
0.871744 	 4.029912 
0.890462 	 4.49224 
0.909366 	 4.855089 
0.92846 	 5.038418 
0.947745 	 4.850639 
0.967222 	 4.216026 
0.986894 	 3.271966 
1.006763 	 2.21026 
1.026831 	 1.292697 
1.047099 	 0.6666364 
1.06757 	 0.3182146 
1.088246 	 0.1446461 
1.109128 	 0.06269898 
1.13022 	 0.02582473 
1.151522 	 0.01076694 
1.173037 	 0.004763308 
1.194768 	 0.002073215 
1.216715 	 0.0008810222 
1.238882 	 0.0003805099 
1.261271 	 0.0001647748 
1.283884 	 6.910252e-05 
1.306723 	 2.882384e-05 
1.32979 	 1.109977e-05 
1.353088 	 3.948844e-06 
1.376619 	 1.388147e-06 
1.400385 	 4.604672e-07 
1.424389 	 1.390834e-07 
1.448633 	 4.109049e-08 
1.473119 	 1.11933e-08 
1.49785 	 3.132709e-09 
1.522829 	 1.033257e-09 
1.548057 	 3.367974e-10 
1.573538 	 1.109316e-10 
1.599273 	 3.935701e-11 
1.625266 	 1.268542e-11 
1.651518 	 4.237525e-12 
1.678033 	 1.635122e-12 
1.704814 	 5.784089e-13 
1.731862 	 2.009871e-13 
1.759181 	 8.394471e-14 
1.786772 	 3.705183e-14 
1.81464 	 1.40755e-14 
1.842787 	 4.951592e-15 
1.871214 	 1.794173e-15 
1.899927 	 5.874943e-16 
1.928926 	 1.982534e-16 
1.958215 	 5.849067e-17 
1.987797 	 1.202647e-17 
2.017675 	 2.573003e-18 
2.047852 	 5.945561e-19 
2.07833 	 1.045458e-19 
2.109114 	 1.555653e-20 
2.140205 	 2.713575e-21 
2.171607 	 4.780275e-22 
2.203323 	 1.084086e-22 
2.235356 	 4.533349e-23 
2.26771 	 2.080257e-23 
2.300387 	 1.031844e-23 
2.333391 	 5.535528e-24 
2.366725 	 3.81082e-24 
2.400392 	 2.802306e-24 
2.434396 	 1.450226e-24 
2.46874 	 3.869224e-25 
2.503427 	 9.054639e-26 
2.538461 	 3.689645e-26 
2.573846 	 1.212133e-26 
2.609585 	 3.150281e-27 
2.64568 	 6.504519e-28 
2.682137 	 8.263527e-29 
2.718959 	 6.911932e-30 
2.756148 	 2.197584e-31 
2.79371 	 2.676488e-33 
2.831647 	 1.026599e-35 
2.869963 	 3.067237e-39 
2.908663 	 1.584428e-43 
2.947749 	 8.289469e-50 
2.987227 	 5.533095e-57 
3.027099 	 6.999394e-67 
3.06737 	 7.850611e-79 
3.108044 	 3.328171e-95 
3.149124 	 6.523317e-110 
3.190616 	 2.553125e-124 
3.232522 	 1.68792e-144 
3.274847 	 7.445059e-155 
3.317595 	 2.091387e-170 
3.360771 	 9.286493e-176 
3.404379 	 5.028149e-183 
3.448423 	 6.627333e-187 
3.492907 	 2.430123e-189 
3.537836 	 8.031949e-193 
3.583215 	 1.336888e-194 
3.629047 	 7.258116e-197 
3.675337 	 1.910393e-198 
3.722091 	 6.423825e-200 
3.769311 	 1.807101e-201 
3.817005 	 1.202009e-202 
3.865175 	 6.033176e-204 
3.913826 	 7.06391e-205 
3.962965 	 9.058372e-206 
4.012594 	 9.483494e-207 
4.06272 	 1.874151e-207 
4.113347 	 4.397954e-208 
4.164481 	 2.663665e-208 
4.216126 	 2.513447e-208 
4.268287 	 4.889702e-208 
4.32097 	 1.005342e-207 
4.37418 	 1.323035e-207 
4.427921 	 9.0637e-208 
4.482201 	 1.49004e-208 
4.537023 	 4.374126e-210 
4.592393 	 1.890888e-212 
4.648317 	 1.091076e-215 
4.7048 	 1.246735e-219 
4.761848 	 6.514652e-224 
4.819466 	 4.265765e-228 
4.877661 	 9.902548e-232 
4.936438 	 1.330756e-234 
4.995802 	 3.79158e-237 
5.05576 	 1.893779e-239 
5.116318 	 2.113535e-243 
5.177481 	 1.397939e-246 
5.239256 	 8.266125e-252 
5.301648 	 5.031845e-256 
5.364665 	 9.212204e-261 
5.428311 	 5.057447e-268 
5.492594 	 3.050413e-274 
5.55752 	 7.091787e-283 
5.623096 	 2.12515e-290 
5.689326 	 4.37117e-300 
5.75622 	 2.116118e-308 
5.823782 	 6.46024922467e-317 
5.89202 	 0.0 
5.96094 	 0.0 
