0.01 	 5.119085e-20 
0.0201 	 2.28472e-17 
0.030301 	 3.31688e-15 
0.040604 	 3.090151e-13 
0.05101 	 2.111337e-11 
0.06152 	 6.89165e-10 
0.072135 	 1.174567e-08 
0.082857 	 1.224863e-07 
0.093685 	 8.284668e-07 
0.104622 	 4.115871e-06 
0.115668 	 1.600779e-05 
0.126825 	 5.723334e-05 
0.138093 	 0.0001757406 
0.149474 	 0.0004973534 
0.160969 	 0.001352965 
0.172579 	 0.003250613 
0.184304 	 0.007199846 
0.196147 	 0.01448662 
0.208109 	 0.02468447 
0.22019 	 0.03732011 
0.232392 	 0.0525593 
0.244716 	 0.06631528 
0.257163 	 0.07836599 
0.269735 	 0.08934772 
0.282432 	 0.1004007 
0.295256 	 0.1201673 
0.308209 	 0.1488919 
0.321291 	 0.186447 
0.334504 	 0.2422297 
0.347849 	 0.3224966 
0.361327 	 0.4285479 
0.374941 	 0.5781485 
0.38869 	 0.8027973 
0.402577 	 1.137632 
0.416603 	 1.612004 
0.430769 	 2.205218 
0.445076 	 2.851661 
0.459527 	 3.600358 
0.474123 	 4.334868 
0.488864 	 5.299006 
0.503752 	 6.141552 
0.51879 	 6.795713 
0.533978 	 6.980579 
0.549318 	 6.433794 
0.564811 	 5.23503 
0.580459 	 3.95812 
0.596263 	 2.720436 
0.612226 	 1.757273 
0.628348 	 1.066146 
0.644632 	 0.5913269 
0.661078 	 0.284208 
0.677689 	 0.1217206 
0.694466 	 0.04632867 
0.71141 	 0.01703152 
0.728525 	 0.00595154 
0.74581 	 0.002008164 
0.763268 	 0.0006745125 
0.780901 	 0.0002305828 
0.79871 	 8.260731e-05 
0.816697 	 3.128023e-05 
0.834864 	 1.152082e-05 
0.853212 	 4.14139e-06 
0.871744 	 1.589352e-06 
0.890462 	 5.489469e-07 
0.909366 	 1.879733e-07 
0.92846 	 6.429981e-08 
0.947745 	 1.974676e-08 
0.967222 	 5.874647e-09 
0.986894 	 1.655218e-09 
1.006763 	 3.735943e-10 
1.026831 	 7.21013e-11 
1.047099 	 1.220239e-11 
1.06757 	 1.926805e-12 
1.088246 	 3.122568e-13 
1.109128 	 5.46783e-14 
1.13022 	 8.809693e-15 
1.151522 	 1.602976e-15 
1.173037 	 3.408906e-16 
1.194768 	 7.536444e-17 
1.216715 	 1.511514e-17 
1.238882 	 3.333873e-18 
1.261271 	 7.990721e-19 
1.283884 	 1.757234e-19 
1.306723 	 4.035542e-20 
1.32979 	 8.707321e-21 
1.353088 	 1.662885e-21 
1.376619 	 3.406761e-22 
1.400385 	 6.737734e-23 
1.424389 	 1.128121e-23 
1.448633 	 2.007767e-24 
1.473119 	 3.281206e-25 
1.49785 	 5.556522e-26 
1.522829 	 1.403295e-26 
1.548057 	 3.517738e-27 
1.573538 	 8.193953e-28 
1.599273 	 2.310149e-28 
1.625266 	 5.526349e-29 
1.651518 	 1.421189e-29 
1.678033 	 5.284e-30 
1.704814 	 1.885456e-30 
1.731862 	 8.104693e-31 
1.759181 	 6.768142e-31 
1.786772 	 9.241933e-31 
1.81464 	 1.324591e-30 
1.842787 	 2.237569e-30 
1.871214 	 4.462064e-30 
1.899927 	 1.023133e-29 
1.928926 	 4.477951e-29 
1.958215 	 2.948227e-28 
1.987797 	 2.009637e-27 
2.017675 	 2.864025e-26 
2.047852 	 7.907454e-25 
2.07833 	 2.004927e-23 
2.109114 	 5.194784e-22 
2.140205 	 1.099297e-20 
2.171607 	 1.622823e-19 
2.203323 	 3.118288e-18 
2.235356 	 4.698102e-17 
2.26771 	 5.678044e-16 
2.300387 	 5.012642e-15 
2.333391 	 5.449669e-14 
2.366725 	 5.027036e-13 
2.400392 	 6.442528e-12 
2.434396 	 8.329046e-11 
2.46874 	 4.724112e-10 
2.503427 	 1.732971e-09 
2.538461 	 6.638029e-09 
2.573846 	 1.691574e-08 
2.609585 	 2.896155e-08 
2.64568 	 5.456462e-08 
2.682137 	 1.125959e-07 
2.718959 	 3.159231e-07 
2.756148 	 1.185966e-06 
2.79371 	 4.646401e-06 
2.831647 	 1.514243e-05 
2.869963 	 2.989134e-05 
2.908663 	 3.82498e-05 
2.947749 	 2.961094e-05 
2.987227 	 1.456673e-05 
3.027099 	 2.635273e-06 
3.06737 	 8.306479e-08 
3.108044 	 3.121319e-11 
3.149124 	 5.267638e-15 
3.190616 	 1.349789e-20 
3.232522 	 3.13695e-31 
3.274847 	 9.875515e-38 
3.317595 	 1.220763e-47 
3.360771 	 6.951617e-51 
3.404379 	 2.602285e-55 
3.448423 	 9.020002e-57 
3.492907 	 8.418489e-58 
3.537836 	 5.456677e-59 
3.583215 	 1.408054e-59 
3.629047 	 2.89214e-60 
3.675337 	 7.433665e-61 
3.722091 	 1.727531e-61 
3.769311 	 3.422823e-62 
3.817005 	 7.316472e-63 
3.865175 	 1.347322e-63 
3.913826 	 2.425211e-64 
3.962965 	 3.678259e-65 
4.012594 	 4.19831e-66 
4.06272 	 4.318638e-67 
4.113347 	 3.965258e-68 
4.164481 	 3.35139e-69 
4.216126 	 2.683287e-70 
4.268287 	 2.044703e-71 
4.32097 	 1.192826e-72 
4.37418 	 4.971792e-74 
4.427921 	 1.174177e-75 
4.482201 	 1.070723e-77 
4.537023 	 3.128478e-80 
4.592393 	 2.75059e-83 
4.648317 	 6.4511e-87 
4.7048 	 5.799374e-91 
4.761848 	 4.132643e-95 
4.819466 	 5.068106e-99 
4.877661 	 2.566293e-102 
4.936438 	 7.108026e-105 
4.995802 	 5.173156e-107 
5.05576 	 6.129712e-109 
5.116318 	 3.7334e-112 
5.177481 	 8.235395e-115 
5.239256 	 5.951131e-119 
5.301648 	 1.64645e-122 
5.364665 	 1.098037e-126 
5.428311 	 9.850708e-133 
5.492594 	 2.216624e-138 
5.55752 	 4.626041e-146 
5.623096 	 1.993953e-153 
5.689326 	 2.221926e-162 
5.75622 	 1.247508e-170 
5.823782 	 3.120778e-179 
5.89202 	 1.440644e-188 
5.96094 	 3.496146e-196 
