0.01 	 28.53326 
0.0201 	 32.78564 
0.030301 	 24.30544 
0.040604 	 14.55162 
0.05101 	 6.562584 
0.06152 	 2.390726 
0.072135 	 1.206369 
0.082857 	 0.6866653 
0.093685 	 0.3998645 
0.104622 	 0.2004908 
0.115668 	 0.1199411 
0.126825 	 0.06332154 
0.138093 	 0.02532991 
0.149474 	 0.01150019 
0.160969 	 0.004827463 
0.172579 	 0.0019544 
0.184304 	 0.0007899854 
0.196147 	 0.0003206884 
0.208109 	 9.6705e-05 
0.22019 	 3.479336e-05 
0.232392 	 1.260944e-05 
0.244716 	 4.437859e-06 
0.257163 	 1.578578e-06 
0.269735 	 5.715565e-07 
0.282432 	 1.459886e-07 
0.295256 	 3.640857e-08 
0.308209 	 8.048978e-09 
0.321291 	 1.71474e-09 
0.334504 	 3.92932e-10 
0.347849 	 1.123875e-10 
0.361327 	 2.88234e-11 
0.374941 	 7.410651e-12 
0.38869 	 1.474055e-12 
0.402577 	 2.073838e-13 
0.416603 	 2.372865e-14 
0.430769 	 1.971601e-15 
0.445076 	 8.444719e-17 
0.459527 	 5.347847e-18 
0.474123 	 5.224045e-19 
0.488864 	 6.961696e-20 
0.503752 	 1.834195e-20 
0.51879 	 3.195331e-21 
0.533978 	 2.655906e-22 
0.549318 	 1.501583e-23 
0.564811 	 8.40254e-25 
0.580459 	 4.603855e-26 
0.596263 	 2.610621e-27 
0.612226 	 1.45122e-28 
0.628348 	 7.803123e-30 
0.644632 	 4.08497e-31 
0.661078 	 2.953296e-32 
0.677689 	 2.271172e-33 
0.694466 	 1.081014e-34 
0.71141 	 3.784259e-36 
0.728525 	 1.639334e-37 
0.74581 	 6.106566e-39 
0.763268 	 2.331626e-40 
0.780901 	 7.803219e-42 
0.79871 	 2.117133e-43 
0.816697 	 4.323572e-45 
0.834864 	 5.43292e-47 
0.853212 	 3.976872e-49 
0.871744 	 2.422159e-51 
0.890462 	 1.741356e-53 
0.909366 	 1.497162e-55 
0.92846 	 1.120932e-57 
0.947745 	 8.419973e-60 
0.967222 	 6.96215e-62 
0.986894 	 5.289633e-64 
1.006763 	 4.350855e-66 
1.026831 	 4.654344e-68 
1.047099 	 5.099175e-70 
1.06757 	 5.72128e-72 
1.088246 	 8.651743e-74 
1.109128 	 2.910304e-75 
1.13022 	 4.074801e-77 
1.151522 	 5.562142e-79 
1.173037 	 2.44026e-80 
1.194768 	 2.475042e-81 
1.216715 	 2.715178e-82 
1.238882 	 2.88108e-83 
1.261271 	 2.003565e-84 
1.283884 	 1.175821e-85 
1.306723 	 8.433064e-87 
1.32979 	 5.478487e-88 
1.353088 	 3.412436e-89 
1.376619 	 1.408538e-90 
1.400385 	 2.686429e-92 
1.424389 	 4.391756e-94 
1.448633 	 1.882219e-95 
1.473119 	 5.36343e-97 
1.49785 	 5.687493e-99 
1.522829 	 9.518667e-101 
1.548057 	 1.013683e-102 
1.573538 	 3.730763e-105 
1.599273 	 4.295789e-107 
1.625266 	 2.023334e-108 
1.651518 	 9.513218e-110 
1.678033 	 8.978768e-111 
1.704814 	 9.888688e-112 
1.731862 	 8.458342e-113 
1.759181 	 1.480804e-113 
1.786772 	 3.498694e-114 
1.81464 	 5.821472e-115 
1.842787 	 1.993468e-115 
1.871214 	 1.112844e-115 
1.899927 	 4.463442e-116 
1.928926 	 5.598298e-116 
1.958215 	 1.468431e-115 
1.987797 	 4.275576e-115 
2.017675 	 2.511339e-114 
2.047852 	 1.629529e-113 
2.07833 	 1.296814e-112 
2.109114 	 1.477563e-111 
2.140205 	 1.618117e-110 
2.171607 	 1.116955e-109 
2.203323 	 8.160883e-109 
2.235356 	 3.880376e-108 
2.26771 	 1.907474e-107 
2.300387 	 1.625241e-106 
2.333391 	 1.781244e-105 
2.366725 	 1.710274e-105 
2.400392 	 1.823707e-105 
2.434396 	 5.262673e-104 
2.46874 	 1.270762e-102 
2.503427 	 9.213779e-103 
2.538461 	 4.4438e-103 
2.573846 	 8.945092e-102 
2.609585 	 6.379583e-101 
2.64568 	 1.806031e-99 
2.682137 	 1.423474e-98 
2.718959 	 5.839599e-98 
2.756148 	 8.503819e-98 
2.79371 	 4.60967e-98 
2.831647 	 1.269928e-98 
2.869963 	 7.965096e-101 
2.908663 	 1.629295e-103 
2.947749 	 5.356233e-107 
2.987227 	 3.093292e-111 
3.027099 	 8.74937e-117 
3.06737 	 3.103878e-123 
3.108044 	 1.269728e-132 
3.149124 	 5.377918e-140 
3.190616 	 5.664725e-147 
3.232522 	 7.15313e-157 
3.274847 	 1.01536e-161 
3.317595 	 9.177869e-168 
3.360771 	 3.086512e-166 
3.404379 	 1.280634e-169 
3.448423 	 5.161333e-172 
3.492907 	 3.434336e-173 
3.537836 	 2.16688e-175 
3.583215 	 4.293902e-177 
3.629047 	 1.086975e-178 
3.675337 	 6.368837e-180 
3.722091 	 1.179253e-181 
3.769311 	 7.334492e-184 
3.817005 	 1.904826e-186 
3.865175 	 2.949708e-191 
3.913826 	 4.816518e-193 
3.962965 	 9.762736e-195 
4.012594 	 8.644086e-197 
4.06272 	 2.268411e-198 
4.113347 	 5.433834e-200 
4.164481 	 7.605595e-202 
4.216126 	 3.767609e-204 
4.268287 	 7.575625e-206 
4.32097 	 2.749449e-208 
4.37418 	 4.864636e-211 
4.427921 	 1.242139e-213 
4.482201 	 1.740628e-216 
4.537023 	 3.716593e-219 
4.592393 	 6.776569e-222 
4.648317 	 3.899084e-226 
4.7048 	 1.463283e-230 
4.761848 	 1.205905e-234 
4.819466 	 1.645975e-238 
4.877661 	 2.976666e-241 
4.936438 	 1.301882e-244 
4.995802 	 4.675498e-244 
5.05576 	 1.058328e-245 
5.116318 	 3.187929e-251 
5.177481 	 4.299588e-255 
5.239256 	 4.112242e-260 
5.301648 	 1.306306e-264 
5.364665 	 1.55874e-271 
5.428311 	 5.098985e-278 
5.492594 	 3.962901e-282 
5.55752 	 2.677889e-288 
5.623096 	 7.585972e-293 
5.689326 	 3.800381e-298 
5.75622 	 1.027808e-302 
5.823782 	 5.84961e-308 
5.89202 	 1.264732e-313 
5.96094 	 1.07456807642e-318 
