0.01 	 7.885916e-06 
0.0201 	 1.842482e-05 
0.030301 	 2.398692e-05 
0.040604 	 2.264341e-05 
0.05101 	 1.724566e-05 
0.06152 	 1.173588e-05 
0.072135 	 8.658082e-06 
0.082857 	 7.33794e-06 
0.093685 	 6.991683e-06 
0.104622 	 6.625848e-06 
0.115668 	 8.048751e-06 
0.126825 	 9.346483e-06 
0.138093 	 1.08382e-05 
0.149474 	 1.195925e-05 
0.160969 	 1.229649e-05 
0.172579 	 1.205136e-05 
0.184304 	 1.153717e-05 
0.196147 	 1.131538e-05 
0.208109 	 1.141198e-05 
0.22019 	 1.185871e-05 
0.232392 	 1.212885e-05 
0.244716 	 1.115687e-05 
0.257163 	 1.006478e-05 
0.269735 	 9.107615e-06 
0.282432 	 8.571114e-06 
0.295256 	 8.907332e-06 
0.308209 	 9.278304e-06 
0.321291 	 8.136542e-06 
0.334504 	 7.398008e-06 
0.347849 	 8.933016e-06 
0.361327 	 1.424375e-05 
0.374941 	 2.440334e-05 
0.38869 	 4.186517e-05 
0.402577 	 6.604244e-05 
0.416603 	 9.672094e-05 
0.430769 	 0.0001284411 
0.445076 	 0.0001529998 
0.459527 	 0.0001770405 
0.474123 	 0.0001990143 
0.488864 	 0.000219571 
0.503752 	 0.000247224 
0.51879 	 0.0002660426 
0.533978 	 0.0002408741 
0.549318 	 0.0001803898 
0.564811 	 0.0001454456 
0.580459 	 0.0001453222 
0.596263 	 0.0001497571 
0.612226 	 0.0001559991 
0.628348 	 0.0001630442 
0.644632 	 0.0001797418 
0.661078 	 0.0002126915 
0.677689 	 0.0002665374 
0.694466 	 0.0003624569 
0.71141 	 0.0004914505 
0.728525 	 0.0005901115 
0.74581 	 0.0006445547 
0.763268 	 0.0006860124 
0.780901 	 0.0007576848 
0.79871 	 0.0008950958 
0.816697 	 0.0009765756 
0.834864 	 0.0008656008 
0.853212 	 0.0008004757 
0.871744 	 0.0008904909 
0.890462 	 0.001063532 
0.909366 	 0.001284354 
0.92846 	 0.001713097 
0.947745 	 0.002440986 
0.967222 	 0.003438084 
0.986894 	 0.004704466 
1.006763 	 0.006179553 
1.026831 	 0.007727992 
1.047099 	 0.009286604 
1.06757 	 0.01088123 
1.088246 	 0.01256143 
1.109128 	 0.0149909 
1.13022 	 0.01714776 
1.151522 	 0.0187404 
1.173037 	 0.02540334 
1.194768 	 0.03834791 
1.216715 	 0.05838714 
1.238882 	 0.08683265 
1.261271 	 0.1459576 
1.283884 	 0.2686735 
1.306723 	 0.5089603 
1.32979 	 0.987078 
1.353088 	 1.814106 
1.376619 	 2.984009 
1.400385 	 4.218239 
1.424389 	 5.026629 
1.448633 	 5.17566 
1.473119 	 4.700064 
1.49785 	 3.835114 
1.522829 	 3.122131 
1.548057 	 2.577035 
1.573538 	 1.966441 
1.599273 	 1.327994 
1.625266 	 0.7833466 
1.651518 	 0.4489554 
1.678033 	 0.2601493 
1.704814 	 0.1454277 
1.731862 	 0.08017151 
1.759181 	 0.04798241 
1.786772 	 0.02935198 
1.81464 	 0.01535647 
1.842787 	 0.007640505 
1.871214 	 0.003882007 
1.899927 	 0.002079776 
1.928926 	 0.001180112 
1.958215 	 0.0006367797 
1.987797 	 0.0003011398 
2.017675 	 0.0001421691 
2.047852 	 6.844973e-05 
2.07833 	 2.754701e-05 
2.109114 	 8.942609e-06 
2.140205 	 3.220429e-06 
2.171607 	 1.072436e-06 
2.203323 	 3.348494e-07 
2.235356 	 1.14135e-07 
2.26771 	 4.935635e-08 
2.300387 	 2.636248e-08 
2.333391 	 1.517378e-08 
2.366725 	 1.22031e-08 
2.400392 	 1.0629e-08 
2.434396 	 6.001035e-09 
2.46874 	 2.495915e-09 
2.503427 	 1.099012e-09 
2.538461 	 4.712199e-10 
2.573846 	 1.313295e-10 
2.609585 	 1.945312e-11 
2.64568 	 1.833404e-12 
2.682137 	 6.553336e-14 
2.718959 	 1.00269e-15 
2.756148 	 2.623558e-18 
2.79371 	 1.189962e-21 
2.831647 	 1.517111e-25 
2.869963 	 6.48781e-31 
2.908663 	 2.761679e-37 
2.947749 	 1.931408e-46 
2.987227 	 1.580547e-56 
3.027099 	 4.443558e-70 
3.06737 	 1.699972e-85 
3.108044 	 9.703211e-106 
3.149124 	 5.529965e-124 
3.190616 	 3.176129e-141 
3.232522 	 6.010766e-165 
3.274847 	 4.131447e-177 
3.317595 	 4.749525e-195 
3.360771 	 1.232091e-201 
3.404379 	 2.15668e-210 
3.448423 	 7.126151e-216 
3.492907 	 9.908104e-220 
3.537836 	 5.772811e-225 
3.583215 	 9.245728e-228 
3.629047 	 2.919282e-231 
3.675337 	 3.037265e-234 
3.722091 	 8.076863e-237 
3.769311 	 6.838474e-240 
3.817005 	 2.985522e-242 
3.865175 	 4.389362e-245 
3.913826 	 2.946018e-247 
3.962965 	 1.899226e-249 
4.012594 	 4.278446e-252 
4.06272 	 3.421073e-254 
4.113347 	 1.317008e-256 
4.164481 	 1.433217e-258 
4.216126 	 9.88124e-261 
4.268287 	 1.314657e-262 
4.32097 	 1.257983e-264 
4.37418 	 5.329689e-267 
4.427921 	 1.749419e-269 
4.482201 	 1.874809e-272 
4.537023 	 8.056451e-276 
4.592393 	 1.772612e-279 
4.648317 	 2.311364e-283 
4.7048 	 2.701998e-287 
4.761848 	 6.699705e-291 
4.819466 	 5.070813e-294 
4.877661 	 1.424965e-296 
4.936438 	 1.894897e-298 
4.995802 	 6.453941e-300 
5.05576 	 3.844462e-301 
5.116318 	 5.217212e-304 
5.177481 	 7.54828e-306 
5.239256 	 1.81059e-309 
5.301648 	 4.891681e-312 
5.364665 	 4.86805699986e-315 
5.428311 	 5.48215240625e-320 
5.492594 	 0.0 
5.55752 	 0.0 
5.623096 	 0.0 
5.689326 	 0.0 
5.75622 	 0.0 
5.823782 	 0.0 
5.89202 	 0.0 
5.96094 	 0.0 
