0.01 	 2.046289e-07 
0.0201 	 7.018242e-07 
0.030301 	 1.558974e-06 
0.040604 	 2.885106e-06 
0.05101 	 4.75834e-06 
0.06152 	 7.604714e-06 
0.072135 	 1.296476e-05 
0.082857 	 2.318718e-05 
0.093685 	 4.236083e-05 
0.104622 	 7.613788e-05 
0.115668 	 0.0001503468 
0.126825 	 0.0002664091 
0.138093 	 0.0004494654 
0.149474 	 0.0007109654 
0.160969 	 0.001092452 
0.172579 	 0.001646019 
0.184304 	 0.00239685 
0.196147 	 0.003265674 
0.208109 	 0.004405944 
0.22019 	 0.005749347 
0.232392 	 0.007734042 
0.244716 	 0.01058244 
0.257163 	 0.0146903 
0.269735 	 0.01985678 
0.282432 	 0.02525083 
0.295256 	 0.03067618 
0.308209 	 0.03632963 
0.321291 	 0.04448171 
0.334504 	 0.05819833 
0.347849 	 0.07819204 
0.361327 	 0.1072415 
0.374941 	 0.1555142 
0.38869 	 0.2384532 
0.402577 	 0.3753583 
0.416603 	 0.5842456 
0.430769 	 0.8540477 
0.445076 	 1.159801 
0.459527 	 1.463611 
0.474123 	 1.900056 
0.488864 	 2.442713 
0.503752 	 3.092229 
0.51879 	 3.817176 
0.533978 	 4.487769 
0.549318 	 5.053708 
0.564811 	 5.566891 
0.580459 	 5.857222 
0.596263 	 5.780958 
0.612226 	 5.356743 
0.628348 	 4.673521 
0.644632 	 3.782348 
0.661078 	 2.781125 
0.677689 	 1.828472 
0.694466 	 1.091757 
0.71141 	 0.6143169 
0.728525 	 0.3260783 
0.74581 	 0.1645205 
0.763268 	 0.0802727 
0.780901 	 0.03779008 
0.79871 	 0.01743928 
0.816697 	 0.007902394 
0.834864 	 0.003315447 
0.853212 	 0.001306844 
0.871744 	 0.0005030424 
0.890462 	 0.0001742442 
0.909366 	 5.486147e-05 
0.92846 	 1.595139e-05 
0.947745 	 4.006855e-06 
0.967222 	 9.062664e-07 
0.986894 	 1.819001e-07 
1.006763 	 2.922607e-08 
1.026831 	 4.054983e-09 
1.047099 	 5.097718e-10 
1.06757 	 5.988862e-11 
1.088246 	 7.028197e-12 
1.109128 	 8.603339e-13 
1.13022 	 9.547252e-14 
1.151522 	 1.134668e-14 
1.173037 	 1.48053e-15 
1.194768 	 1.818226e-16 
1.216715 	 2.157589e-17 
1.238882 	 2.881383e-18 
1.261271 	 3.72733e-19 
1.283884 	 4.300738e-20 
1.306723 	 5.175291e-21 
1.32979 	 5.67331e-22 
1.353088 	 5.674231e-23 
1.376619 	 5.992423e-24 
1.400385 	 5.629353e-25 
1.424389 	 4.805713e-26 
1.448633 	 4.745211e-27 
1.473119 	 4.282257e-28 
1.49785 	 3.884007e-29 
1.522829 	 4.773364e-30 
1.548057 	 5.843263e-31 
1.573538 	 7.684374e-32 
1.599273 	 1.454081e-32 
1.625266 	 2.87162e-33 
1.651518 	 6.93206e-34 
1.678033 	 2.493626e-34 
1.704814 	 9.651462e-35 
1.731862 	 4.137378e-35 
1.759181 	 2.337051e-35 
1.786772 	 1.473885e-35 
1.81464 	 9.016291e-36 
1.842787 	 6.475218e-36 
1.871214 	 6.674248e-36 
1.899927 	 6.00236e-36 
1.928926 	 5.802856e-36 
1.958215 	 7.343387e-36 
1.987797 	 7.463507e-36 
2.017675 	 7.190408e-36 
2.047852 	 7.95114e-36 
2.07833 	 6.49453e-36 
2.109114 	 5.011778e-36 
2.140205 	 3.593687e-36 
2.171607 	 1.848536e-36 
2.203323 	 9.146975e-37 
2.235356 	 4.679267e-37 
2.26771 	 1.846392e-37 
2.300387 	 6.38704e-38 
2.333391 	 2.360909e-38 
2.366725 	 6.492878e-39 
2.400392 	 1.857732e-39 
2.434396 	 1.241718e-39 
2.46874 	 8.081928e-40 
2.503427 	 6.564056e-40 
2.538461 	 1.041664e-39 
2.573846 	 2.301524e-39 
2.609585 	 7.579551e-39 
2.64568 	 4.274676e-38 
2.682137 	 2.80671e-37 
2.718959 	 1.767579e-36 
2.756148 	 1.343342e-35 
2.79371 	 6.289966e-35 
2.831647 	 1.647264e-34 
2.869963 	 7.353066e-35 
2.908663 	 3.747044e-36 
2.947749 	 1.609344e-39 
2.987227 	 8.316574e-45 
3.027099 	 2.49997e-53 
3.06737 	 4.704367e-66 
3.108044 	 6.719226e-86 
3.149124 	 1.01374e-105 
3.190616 	 6.64649e-127 
3.232522 	 1.448596e-159 
3.274847 	 7.511551e-177 
3.317595 	 2.020862e-204 
3.360771 	 9.882287e-213 
3.404379 	 7.194922e-226 
3.448423 	 1.700017e-230 
3.492907 	 6.204092e-234 
3.537836 	 3.187697e-239 
3.583215 	 3.406252e-242 
3.629047 	 8.999478e-247 
3.675337 	 1.651769e-250 
3.722091 	 1.352392e-254 
3.769311 	 2.54096e-259 
3.817005 	 9.237687e-264 
3.865175 	 8.998699e-269 
3.913826 	 3.657853e-273 
3.962965 	 1.159475e-277 
4.012594 	 1.348663e-282 
4.06272 	 7.804188e-287 
4.113347 	 2.863977e-291 
4.164481 	 8.902418e-295 
4.216126 	 3.498266e-298 
4.268287 	 9.261557e-301 
4.32097 	 3.397918e-303 
4.37418 	 5.193619e-306 
4.427921 	 7.482239e-309 
4.482201 	 2.161254e-312 
4.537023 	 1.36537397921e-316 
4.592393 	 4.21932061548e-321 
4.648317 	 0.0 
4.7048 	 0.0 
4.761848 	 0.0 
4.819466 	 0.0 
4.877661 	 0.0 
4.936438 	 0.0 
4.995802 	 0.0 
5.05576 	 0.0 
5.116318 	 0.0 
5.177481 	 0.0 
5.239256 	 0.0 
5.301648 	 0.0 
5.364665 	 0.0 
5.428311 	 0.0 
5.492594 	 0.0 
5.55752 	 0.0 
5.623096 	 0.0 
5.689326 	 0.0 
5.75622 	 0.0 
5.823782 	 0.0 
5.89202 	 0.0 
5.96094 	 0.0 
