0.01 	 1.010045e-32 
0.0201 	 1.275264e-31 
0.030301 	 6.247244e-31 
0.040604 	 2.065139e-30 
0.05101 	 7.538608e-30 
0.06152 	 2.387182e-29 
0.072135 	 7.908918e-29 
0.082857 	 3.495402e-28 
0.093685 	 1.365835e-27 
0.104622 	 4.048043e-27 
0.115668 	 9.562906e-27 
0.126825 	 1.532339e-26 
0.138093 	 1.603662e-26 
0.149474 	 1.380018e-26 
0.160969 	 1.071972e-26 
0.172579 	 6.976866e-27 
0.184304 	 4.263676e-27 
0.196147 	 3.074284e-27 
0.208109 	 2.280893e-27 
0.22019 	 2.1506e-27 
0.232392 	 2.747248e-27 
0.244716 	 3.78312e-27 
0.257163 	 7.273068e-27 
0.269735 	 1.887236e-26 
0.282432 	 6.565106e-26 
0.295256 	 3.826026e-25 
0.308209 	 3.37737e-24 
0.321291 	 2.509253e-23 
0.334504 	 1.407746e-22 
0.347849 	 5.71482e-22 
0.361327 	 1.356079e-21 
0.374941 	 2.201648e-21 
0.38869 	 2.503394e-21 
0.402577 	 1.736496e-21 
0.416603 	 8.642638e-22 
0.430769 	 3.211573e-22 
0.445076 	 1.022868e-22 
0.459527 	 3.139753e-23 
0.474123 	 8.783924e-24 
0.488864 	 2.292763e-24 
0.503752 	 5.30516e-25 
0.51879 	 9.321198e-26 
0.533978 	 1.287496e-26 
0.549318 	 1.52743e-27 
0.564811 	 1.451874e-28 
0.580459 	 1.217525e-29 
0.596263 	 1.017984e-30 
0.612226 	 7.922937e-32 
0.628348 	 6.356187e-33 
0.644632 	 5.290486e-34 
0.661078 	 4.633107e-35 
0.677689 	 3.193823e-36 
0.694466 	 1.83045e-37 
0.71141 	 1.078981e-38 
0.728525 	 5.878914e-40 
0.74581 	 3.469908e-41 
0.763268 	 2.474946e-42 
0.780901 	 1.762715e-43 
0.79871 	 1.357824e-44 
0.816697 	 1.197981e-45 
0.834864 	 8.961601e-47 
0.853212 	 6.154091e-48 
0.871744 	 4.382659e-49 
0.890462 	 2.389154e-50 
0.909366 	 1.494707e-51 
0.92846 	 1.072542e-52 
0.947745 	 6.828351e-54 
0.967222 	 5.069209e-55 
0.986894 	 4.061917e-56 
1.006763 	 2.782793e-57 
1.026831 	 2.246092e-58 
1.047099 	 1.930065e-59 
1.06757 	 1.413436e-60 
1.088246 	 1.006869e-61 
1.109128 	 8.825742e-63 
1.13022 	 6.282147e-64 
1.151522 	 5.888693e-65 
1.173037 	 7.830825e-66 
1.194768 	 1.12963e-66 
1.216715 	 1.513093e-67 
1.238882 	 2.533234e-68 
1.261271 	 4.144629e-69 
1.283884 	 5.480888e-70 
1.306723 	 8.029006e-71 
1.32979 	 1.042941e-71 
1.353088 	 1.17305e-72 
1.376619 	 1.580866e-73 
1.400385 	 2.231457e-74 
1.424389 	 2.993743e-75 
1.448633 	 6.127228e-76 
1.473119 	 1.392955e-76 
1.49785 	 3.062602e-77 
1.522829 	 9.672556e-78 
1.548057 	 2.921913e-78 
1.573538 	 8.448408e-79 
1.599273 	 4.261818e-79 
1.625266 	 2.364034e-79 
1.651518 	 1.387623e-79 
1.678033 	 1.497787e-79 
1.704814 	 2.441545e-79 
1.731862 	 5.686032e-79 
1.759181 	 2.070546e-78 
1.786772 	 1.100886e-77 
1.81464 	 6.61457e-77 
1.842787 	 7.392381e-76 
1.871214 	 2.047883e-74 
1.899927 	 9.035736e-73 
1.928926 	 5.736361e-71 
1.958215 	 4.225897e-69 
1.987797 	 2.340917e-67 
2.017675 	 1.030433e-65 
2.047852 	 3.869574e-64 
2.07833 	 8.132317e-63 
2.109114 	 1.158102e-61 
2.140205 	 1.030153e-60 
2.171607 	 4.896577e-60 
2.203323 	 1.8535e-59 
2.235356 	 5.42168e-59 
2.26771 	 8.785675e-59 
2.300387 	 7.927194e-59 
2.333391 	 7.246358e-59 
2.366725 	 5.043641e-59 
2.400392 	 4.544151e-59 
2.434396 	 4.253171e-59 
2.46874 	 1.463614e-59 
2.503427 	 5.081612e-60 
2.538461 	 4.984421e-60 
2.573846 	 6.096657e-60 
2.609585 	 8.305986e-60 
2.64568 	 1.655248e-59 
2.682137 	 4.314276e-59 
2.718959 	 1.86902e-58 
2.756148 	 1.731363e-57 
2.79371 	 3.082621e-56 
2.831647 	 6.427462e-55 
2.869963 	 1.607565e-53 
2.908663 	 5.450123e-52 
2.947749 	 2.526741e-50 
2.987227 	 2.483957e-48 
3.027099 	 7.969301e-46 
3.06737 	 7.983144e-43 
3.108044 	 3.074148e-38 
3.149124 	 1.252728e-34 
3.190616 	 1.240812e-30 
3.232522 	 7.574304e-26 
3.274847 	 7.048891e-23 
3.317595 	 1.030198e-19 
3.360771 	 1.408258e-17 
3.404379 	 2.091145e-15 
3.448423 	 1.941856e-13 
3.492907 	 2.238115e-11 
3.537836 	 1.714486e-09 
3.583215 	 1.320888e-07 
3.629047 	 1.011469e-05 
3.675337 	 0.0003075109 
3.722091 	 0.004858017 
3.769311 	 0.04476493 
3.817005 	 0.2636118 
3.865175 	 1.075082 
3.913826 	 2.636907 
3.962965 	 4.506682 
4.012594 	 5.227233 
4.06272 	 3.782158 
4.113347 	 1.834503 
4.164481 	 0.5836854 
4.216126 	 0.1184385 
4.268287 	 0.01308837 
4.32097 	 0.0007090537 
4.37418 	 1.797707e-05 
4.427921 	 2.031289e-07 
4.482201 	 9.08749e-10 
4.537023 	 1.378571e-12 
4.592393 	 7.317125e-16 
4.648317 	 1.416369e-19 
4.7048 	 1.095714e-23 
4.761848 	 7.273728e-28 
4.819466 	 6.849571e-32 
4.877661 	 1.173411e-35 
4.936438 	 5.774006e-39 
4.995802 	 4.653816e-42 
5.05576 	 5.445283e-45 
5.116318 	 2.028833e-49 
5.177481 	 8.180019e-53 
5.239256 	 9.171084e-58 
5.301648 	 9.513115e-62 
5.364665 	 6.233904e-66 
5.428311 	 8.941062e-72 
5.492594 	 1.529047e-76 
5.55752 	 1.011484e-82 
5.623096 	 5.031951e-88 
5.689326 	 1.552684e-94 
5.75622 	 3.85523e-100 
5.823782 	 5.55138e-106 
5.89202 	 1.293611e-112 
5.96094 	 4.52822e-118 
