0.01 	 2.619507e-13 
0.0201 	 2.494105e-13 
0.030301 	 1.36424e-13 
0.040604 	 5.531205e-14 
0.05101 	 2.11984e-14 
0.06152 	 8.922617e-15 
0.072135 	 5.324461e-15 
0.082857 	 4.887891e-15 
0.093685 	 5.48474e-15 
0.104622 	 5.835464e-15 
0.115668 	 8.554085e-15 
0.126825 	 1.124647e-14 
0.138093 	 1.499162e-14 
0.149474 	 2.016802e-14 
0.160969 	 2.562124e-14 
0.172579 	 3.125347e-14 
0.184304 	 3.88211e-14 
0.196147 	 4.80417e-14 
0.208109 	 6.112753e-14 
0.22019 	 8.750137e-14 
0.232392 	 1.31217e-13 
0.244716 	 1.983952e-13 
0.257163 	 3.461685e-13 
0.269735 	 6.678909e-13 
0.282432 	 1.336657e-12 
0.295256 	 2.899186e-12 
0.308209 	 6.531955e-12 
0.321291 	 1.36365e-11 
0.334504 	 2.870879e-11 
0.347849 	 6.070194e-11 
0.361327 	 1.220737e-10 
0.374941 	 2.441534e-10 
0.38869 	 4.969366e-10 
0.402577 	 1.116632e-09 
0.416603 	 3.033966e-09 
0.430769 	 7.975383e-09 
0.445076 	 1.641757e-08 
0.459527 	 2.943149e-08 
0.474123 	 4.857697e-08 
0.488864 	 7.403148e-08 
0.503752 	 1.146713e-07 
0.51879 	 1.70978e-07 
0.533978 	 2.24188e-07 
0.549318 	 2.629033e-07 
0.564811 	 3.526974e-07 
0.580459 	 5.130929e-07 
0.596263 	 8.071013e-07 
0.612226 	 1.368892e-06 
0.628348 	 2.564784e-06 
0.644632 	 5.487074e-06 
0.661078 	 1.39963e-05 
0.677689 	 4.121901e-05 
0.694466 	 0.0001349068 
0.71141 	 0.0004453426 
0.728525 	 0.001164846 
0.74581 	 0.00236226 
0.763268 	 0.004442546 
0.780901 	 0.008306324 
0.79871 	 0.01552844 
0.816697 	 0.02819804 
0.834864 	 0.04680386 
0.853212 	 0.07069529 
0.871744 	 0.09780829 
0.890462 	 0.1235978 
0.909366 	 0.1492355 
0.92846 	 0.1805657 
0.947745 	 0.2393137 
0.967222 	 0.3263107 
0.986894 	 0.4644006 
1.006763 	 0.6804516 
1.026831 	 1.009478 
1.047099 	 1.462535 
1.06757 	 2.033432 
1.088246 	 2.752109 
1.109128 	 3.632947 
1.13022 	 4.779746 
1.151522 	 5.712706 
1.173037 	 5.707535 
1.194768 	 4.95983 
1.216715 	 4.078414 
1.238882 	 3.088127 
1.261271 	 2.174974 
1.283884 	 1.378138 
1.306723 	 0.7691143 
1.32979 	 0.3797776 
1.353088 	 0.1656653 
1.376619 	 0.06532982 
1.400385 	 0.02370103 
1.424389 	 0.007954514 
1.448633 	 0.002654397 
1.473119 	 0.0008749291 
1.49785 	 0.0002993949 
1.522829 	 0.000114652 
1.548057 	 4.569178e-05 
1.573538 	 1.825551e-05 
1.599273 	 7.99962e-06 
1.625266 	 3.780613e-06 
1.651518 	 2.030724e-06 
1.678033 	 1.284053e-06 
1.704814 	 8.225847e-07 
1.731862 	 5.544332e-07 
1.759181 	 4.592059e-07 
1.786772 	 4.623007e-07 
1.81464 	 5.205498e-07 
1.842787 	 5.143313e-07 
1.871214 	 4.697782e-07 
1.899927 	 4.018643e-07 
1.928926 	 3.495648e-07 
1.958215 	 2.972406e-07 
1.987797 	 2.161372e-07 
2.017675 	 1.337328e-07 
2.047852 	 7.193954e-08 
2.07833 	 3.073747e-08 
2.109114 	 1.0771e-08 
2.140205 	 3.570771e-09 
2.171607 	 1.073761e-09 
2.203323 	 3.063651e-10 
2.235356 	 1.099145e-10 
2.26771 	 3.958664e-11 
2.300387 	 1.404348e-11 
2.333391 	 4.557432e-12 
2.366725 	 1.227089e-12 
2.400392 	 2.852004e-13 
2.434396 	 4.528336e-14 
2.46874 	 4.864009e-15 
2.503427 	 3.816381e-16 
2.538461 	 2.328158e-17 
2.573846 	 9.980289e-19 
2.609585 	 1.99654e-20 
2.64568 	 2.50934e-22 
2.682137 	 9.129807e-25 
2.718959 	 2.02991e-27 
2.756148 	 1.011885e-30 
2.79371 	 7.165898e-35 
2.831647 	 1.050233e-39 
2.869963 	 5.037753e-46 
2.908663 	 4.011801e-53 
2.947749 	 5.855557e-63 
2.987227 	 1.302031e-73 
3.027099 	 7.840591e-88 
3.06737 	 3.18585e-104 
3.108044 	 6.926563e-126 
3.149124 	 2.838138e-145 
3.190616 	 2.612686e-163 
3.232522 	 1.428751e-187 
3.274847 	 7.40964e-200 
3.317595 	 4.439762e-218 
3.360771 	 1.410218e-224 
3.404379 	 2.95232e-233 
3.448423 	 1.306039e-238 
3.492907 	 3.590947e-242 
3.537836 	 6.800339e-247 
3.583215 	 3.071393e-249 
3.629047 	 1.971811e-252 
3.675337 	 8.646104e-255 
3.722091 	 8.647197e-257 
3.769311 	 4.146375e-259 
3.817005 	 8.160116e-261 
3.865175 	 7.490463e-263 
3.913826 	 2.583974e-264 
3.962965 	 8.450782e-266 
4.012594 	 1.305102e-267 
4.06272 	 5.712817e-269 
4.113347 	 1.552602e-270 
4.164481 	 1.059684e-271 
4.216126 	 6.684666e-273 
4.268287 	 7.327908e-274 
4.32097 	 5.986392e-275 
4.37418 	 2.535359e-276 
4.427921 	 6.255666e-278 
4.482201 	 4.069012e-280 
4.537023 	 8.304749e-283 
4.592393 	 6.972058e-286 
4.648317 	 2.210693e-289 
4.7048 	 5.688691e-293 
4.761848 	 2.79029e-296 
4.819466 	 4.550825e-299 
4.877661 	 4.831438e-301 
4.936438 	 4.004521e-302 
4.995802 	 9.812955e-303 
5.05576 	 6.020586e-303 
5.116318 	 3.34084e-304 
5.177481 	 1.038368e-304 
5.239256 	 2.038792e-306 
5.301648 	 2.752188e-307 
5.364665 	 1.594031e-308 
5.428311 	 1.694806e-311 
5.492594 	 3.87677900013e-314 
5.55752 	 1.12859909545e-318 
5.623096 	 2.96439387505e-323 
5.689326 	 0.0 
5.75622 	 0.0 
5.823782 	 0.0 
5.89202 	 0.0 
5.96094 	 0.0 
