0.01 	 1.79083e-08 
0.0201 	 7.572294e-08 
0.030301 	 2.186568e-07 
0.040604 	 5.452081e-07 
0.05101 	 1.227296e-06 
0.06152 	 2.430131e-06 
0.072135 	 4.202528e-06 
0.082857 	 6.262181e-06 
0.093685 	 9.144123e-06 
0.104622 	 1.389528e-05 
0.115668 	 2.245121e-05 
0.126825 	 3.431916e-05 
0.138093 	 4.679496e-05 
0.149474 	 6.162459e-05 
0.160969 	 8.13814e-05 
0.172579 	 0.0001013267 
0.184304 	 0.0001166703 
0.196147 	 0.0001199144 
0.208109 	 0.0001104831 
0.22019 	 9.479709e-05 
0.232392 	 8.109346e-05 
0.244716 	 6.68242e-05 
0.257163 	 5.212897e-05 
0.269735 	 3.782136e-05 
0.282432 	 2.684984e-05 
0.295256 	 2.116855e-05 
0.308209 	 2.013531e-05 
0.321291 	 2.669933e-05 
0.334504 	 4.197371e-05 
0.347849 	 6.054215e-05 
0.361327 	 7.354835e-05 
0.374941 	 8.496104e-05 
0.38869 	 8.709038e-05 
0.402577 	 7.911924e-05 
0.416603 	 6.292071e-05 
0.430769 	 4.684605e-05 
0.445076 	 3.600315e-05 
0.459527 	 3.14343e-05 
0.474123 	 2.898556e-05 
0.488864 	 2.59733e-05 
0.503752 	 2.260191e-05 
0.51879 	 1.88674e-05 
0.533978 	 1.575746e-05 
0.549318 	 1.267023e-05 
0.564811 	 8.553181e-06 
0.580459 	 5.349683e-06 
0.596263 	 3.324097e-06 
0.612226 	 1.949152e-06 
0.628348 	 1.043988e-06 
0.644632 	 5.080329e-07 
0.661078 	 2.474196e-07 
0.677689 	 1.117472e-07 
0.694466 	 4.893329e-08 
0.71141 	 2.260647e-08 
0.728525 	 1.046899e-08 
0.74581 	 5.283193e-09 
0.763268 	 3.175743e-09 
0.780901 	 1.946246e-09 
0.79871 	 1.152532e-09 
0.816697 	 8.210707e-10 
0.834864 	 6.568773e-10 
0.853212 	 4.022049e-10 
0.871744 	 1.750882e-10 
0.890462 	 8.897154e-11 
0.909366 	 5.19706e-11 
0.92846 	 3.297709e-11 
0.947745 	 2.074182e-11 
0.967222 	 1.329125e-11 
0.986894 	 8.670175e-12 
1.006763 	 4.908443e-12 
1.026831 	 2.465454e-12 
1.047099 	 1.182101e-12 
1.06757 	 5.366811e-13 
1.088246 	 2.65666e-13 
1.109128 	 1.606001e-13 
1.13022 	 1.04964e-13 
1.151522 	 6.849851e-14 
1.173037 	 4.726747e-14 
1.194768 	 3.639377e-14 
1.216715 	 2.739371e-14 
1.238882 	 2.270528e-14 
1.261271 	 1.907451e-14 
1.283884 	 1.521438e-14 
1.306723 	 1.44415e-14 
1.32979 	 1.560756e-14 
1.353088 	 1.947983e-14 
1.376619 	 3.851296e-14 
1.400385 	 1.143982e-13 
1.424389 	 2.261322e-13 
1.448633 	 2.728787e-13 
1.473119 	 3.047445e-13 
1.49785 	 3.266629e-13 
1.522829 	 3.625953e-13 
1.548057 	 3.784371e-13 
1.573538 	 3.166963e-13 
1.599273 	 3.513908e-13 
1.625266 	 5.475202e-13 
1.651518 	 9.364756e-13 
1.678033 	 1.891569e-12 
1.704814 	 3.78614e-12 
1.731862 	 7.176039e-12 
1.759181 	 1.729444e-11 
1.786772 	 8.184148e-11 
1.81464 	 5.413006e-10 
1.842787 	 2.45778e-09 
1.871214 	 9.048344e-09 
1.899927 	 3.551359e-08 
1.928926 	 1.594199e-07 
1.958215 	 8.500581e-07 
1.987797 	 5.129948e-06 
2.017675 	 3.499951e-05 
2.047852 	 0.000233648 
2.07833 	 0.001320576 
2.109114 	 0.006184424 
2.140205 	 0.02216327 
2.171607 	 0.06048073 
2.203323 	 0.1315657 
2.235356 	 0.2317865 
2.26771 	 0.3653669 
2.300387 	 0.5380574 
2.333391 	 0.730041 
2.366725 	 1.123054 
2.400392 	 1.611692 
2.434396 	 2.161694 
2.46874 	 2.428856 
2.503427 	 2.579641 
2.538461 	 3.212199 
2.573846 	 3.498012 
2.609585 	 3.837316 
2.64568 	 2.976987 
2.682137 	 2.049621 
2.718959 	 0.7744075 
2.756148 	 0.1184769 
2.79371 	 0.01095743 
2.831647 	 0.000347764 
2.869963 	 2.60668e-06 
2.908663 	 3.398079e-09 
2.947749 	 3.218989e-13 
2.987227 	 3.007621e-18 
3.027099 	 2.629647e-25 
3.06737 	 4.046517e-34 
3.108044 	 2.689691e-47 
3.149124 	 5.060619e-59 
3.190616 	 2.358446e-71 
3.232522 	 3.362e-89 
3.274847 	 1.760802e-99 
3.317595 	 9.431734e-115 
3.360771 	 1.189586e-121 
3.404379 	 1.441972e-130 
3.448423 	 1.786963e-137 
3.492907 	 2.947573e-143 
3.537836 	 1.644367e-151 
3.583215 	 7.163304e-158 
3.629047 	 1.208046e-164 
3.675337 	 1.619751e-172 
3.722091 	 5.272758e-179 
3.769311 	 3.126454e-187 
3.817005 	 1.375962e-193 
3.865175 	 1.234112e-201 
3.913826 	 1.304749e-207 
3.962965 	 1.585865e-213 
4.012594 	 3.718059e-221 
4.06272 	 1.171043e-226 
4.113347 	 2.180915e-233 
4.164481 	 4.443963e-238 
4.216126 	 1.424202e-243 
4.268287 	 1.649857e-247 
4.32097 	 2.514918e-251 
4.37418 	 5.238431e-256 
4.427921 	 4.222144e-260 
4.482201 	 8.405632e-265 
4.537023 	 6.033713e-270 
4.592393 	 2.089227e-275 
4.648317 	 3.631893e-281 
4.7048 	 2.797753e-287 
4.761848 	 5.149809e-293 
4.819466 	 2.73958e-298 
4.877661 	 3.298589e-303 
4.936438 	 3.00645e-307 
4.995802 	 1.722298e-310 
5.05576 	 4.10590500002e-313 
5.116318 	 1.21046083231e-319 
5.177481 	 0.0 
5.239256 	 0.0 
5.301648 	 0.0 
5.364665 	 0.0 
5.428311 	 0.0 
5.492594 	 0.0 
5.55752 	 0.0 
5.623096 	 0.0 
5.689326 	 0.0 
5.75622 	 0.0 
5.823782 	 0.0 
5.89202 	 0.0 
5.96094 	 0.0 
