0.01 	 2.009096e-25 
0.0201 	 1.679975e-25 
0.030301 	 1.070994e-25 
0.040604 	 6.607577e-26 
0.05101 	 5.074613e-26 
0.06152 	 5.755454e-26 
0.072135 	 1.084665e-25 
0.082857 	 3.378632e-25 
0.093685 	 1.304152e-24 
0.104622 	 5.219622e-24 
0.115668 	 3.069458e-23 
0.126825 	 1.605167e-22 
0.138093 	 7.945314e-22 
0.149474 	 3.930881e-21 
0.160969 	 1.699424e-20 
0.172579 	 6.62485e-20 
0.184304 	 2.559243e-19 
0.196147 	 8.976977e-19 
0.208109 	 2.868283e-18 
0.22019 	 9.015855e-18 
0.232392 	 2.628052e-17 
0.244716 	 7.146345e-17 
0.257163 	 1.982451e-16 
0.269735 	 5.4287e-16 
0.282432 	 1.399739e-15 
0.295256 	 3.532848e-15 
0.308209 	 8.809642e-15 
0.321291 	 1.954665e-14 
0.334504 	 4.507073e-14 
0.347849 	 1.195688e-13 
0.361327 	 3.355365e-13 
0.374941 	 1.03847e-12 
0.38869 	 3.803131e-12 
0.402577 	 1.63646e-11 
0.416603 	 8.584408e-11 
0.430769 	 4.209913e-10 
0.445076 	 1.474581e-09 
0.459527 	 4.242197e-09 
0.474123 	 1.112066e-08 
0.488864 	 2.71866e-08 
0.503752 	 7.198807e-08 
0.51879 	 2.150116e-07 
0.533978 	 5.461576e-07 
0.549318 	 1.311909e-06 
0.564811 	 3.441119e-06 
0.580459 	 9.115227e-06 
0.596263 	 2.342507e-05 
0.612226 	 5.890054e-05 
0.628348 	 0.0001489608 
0.644632 	 0.00037671 
0.661078 	 0.0009451732 
0.677689 	 0.002289857 
0.694466 	 0.005329448 
0.71141 	 0.0112295 
0.728525 	 0.01970605 
0.74581 	 0.02996455 
0.763268 	 0.04498813 
0.780901 	 0.07332382 
0.79871 	 0.1272427 
0.816697 	 0.2214651 
0.834864 	 0.3621255 
0.853212 	 0.5772201 
0.871744 	 0.8949322 
0.890462 	 1.260914 
0.909366 	 1.711813 
0.92846 	 2.333356 
0.947745 	 3.129682 
0.967222 	 4.017138 
0.986894 	 4.910047 
1.006763 	 5.656193 
1.026831 	 5.964473 
1.047099 	 5.610427 
1.06757 	 4.653257 
1.088246 	 3.419758 
1.109128 	 2.248102 
1.13022 	 1.332281 
1.151522 	 0.7179296 
1.173037 	 0.3671189 
1.194768 	 0.1706784 
1.216715 	 0.06916789 
1.238882 	 0.02509316 
1.261271 	 0.008358321 
1.283884 	 0.00253753 
1.306723 	 0.0007229738 
1.32979 	 0.0001812353 
1.353088 	 3.969097e-05 
1.376619 	 8.493406e-06 
1.400385 	 1.752203e-06 
1.424389 	 3.420222e-07 
1.448633 	 6.766123e-08 
1.473119 	 1.254549e-08 
1.49785 	 2.345969e-09 
1.522829 	 5.148646e-10 
1.548057 	 1.093715e-10 
1.573538 	 2.224806e-11 
1.599273 	 4.887639e-12 
1.625266 	 1.013081e-12 
1.651518 	 2.10722e-13 
1.678033 	 5.085013e-14 
1.704814 	 1.0697e-14 
1.731862 	 2.097482e-15 
1.759181 	 5.035516e-16 
1.786772 	 1.193727e-16 
1.81464 	 2.107946e-17 
1.842787 	 2.889773e-18 
1.871214 	 3.176874e-19 
1.899927 	 2.283006e-20 
1.928926 	 1.4444e-21 
1.958215 	 6.450791e-23 
1.987797 	 1.505883e-24 
2.017675 	 3.551309e-26 
2.047852 	 1.022253e-27 
2.07833 	 2.266218e-29 
2.109114 	 4.524702e-31 
2.140205 	 1.41762e-32 
2.171607 	 5.058903e-34 
2.203323 	 3.220556e-35 
2.235356 	 7.591415e-36 
2.26771 	 2.26015e-36 
2.300387 	 8.348066e-37 
2.333391 	 4.285851e-37 
2.366725 	 2.266287e-37 
2.400392 	 1.108398e-37 
2.434396 	 4.705526e-38 
2.46874 	 1.032306e-38 
2.503427 	 1.626099e-39 
2.538461 	 4.984155e-40 
2.573846 	 1.536881e-40 
2.609585 	 2.942697e-41 
2.64568 	 5.347774e-42 
2.682137 	 5.114754e-43 
2.718959 	 4.442697e-44 
2.756148 	 2.429999e-45 
2.79371 	 6.890064e-47 
2.831647 	 6.706727e-49 
2.869963 	 9.36875e-52 
2.908663 	 7.335374e-55 
2.947749 	 2.875922e-59 
2.987227 	 8.117622e-64 
3.027099 	 6.15117e-70 
3.06737 	 1.023656e-76 
3.108044 	 5.923993e-86 
3.149124 	 1.21134e-93 
3.190616 	 2.052184e-101 
3.232522 	 1.322917e-112 
3.274847 	 1.061482e-118 
3.317595 	 3.22635e-128 
3.360771 	 2.160263e-132 
3.404379 	 5.889997e-138 
3.448423 	 5.105156e-142 
3.492907 	 3.35211e-145 
3.537836 	 1.708285e-149 
3.583215 	 6.223951e-153 
3.629047 	 8.702235e-157 
3.675337 	 5.734746e-161 
3.722091 	 8.241615e-165 
3.769311 	 2.823615e-169 
3.817005 	 4.453826e-173 
3.865175 	 1.105284e-177 
3.913826 	 2.242958e-181 
3.962965 	 4.046605e-185 
4.012594 	 1.157424e-189 
4.06272 	 2.755048e-193 
4.113347 	 2.796733e-197 
4.164481 	 4.394352e-200 
4.216126 	 8.756706e-203 
4.268287 	 2.516751e-204 
4.32097 	 1.782633e-205 
4.37418 	 9.855467e-207 
4.427921 	 1.02266e-207 
4.482201 	 3.193568e-209 
4.537023 	 3.10178e-211 
4.592393 	 5.96498e-214 
4.648317 	 1.389441e-217 
4.7048 	 7.323284e-222 
4.761848 	 2.135493e-226 
4.819466 	 1.000203e-230 
4.877661 	 3.71149e-234 
4.936438 	 1.862245e-236 
4.995802 	 4.137463e-238 
5.05576 	 3.106047e-239 
5.116318 	 4.303884e-242 
5.177481 	 8.080825e-244 
5.239256 	 1.405664e-247 
5.301648 	 5.772276e-250 
5.364665 	 6.205103e-253 
5.428311 	 6.02877e-259 
5.492594 	 5.933647e-264 
5.55752 	 2.078579e-272 
5.623096 	 4.393635e-280 
5.689326 	 2.276577e-291 
5.75622 	 7.077917e-302 
5.823782 	 1.57251000001e-313 
5.89202 	 0.0 
5.96094 	 0.0 
