0.01 	 3.732598e-07 
0.0201 	 1.373189e-06 
0.030301 	 3.17082e-06 
0.040604 	 5.997709e-06 
0.05101 	 9.939229e-06 
0.06152 	 1.476974e-05 
0.072135 	 2.056577e-05 
0.082857 	 2.866014e-05 
0.093685 	 4.381787e-05 
0.104622 	 7.829193e-05 
0.115668 	 0.0002011182 
0.126825 	 0.0005549419 
0.138093 	 0.001606906 
0.149474 	 0.004642328 
0.160969 	 0.01220361 
0.172579 	 0.0295355 
0.184304 	 0.06446713 
0.196147 	 0.1468242 
0.208109 	 0.3097137 
0.22019 	 0.5961997 
0.232392 	 1.043897 
0.244716 	 1.675285 
0.257163 	 2.525495 
0.269735 	 3.562854 
0.282432 	 4.66146 
0.295256 	 5.764356 
0.308209 	 6.703453 
0.321291 	 7.268125 
0.334504 	 7.475511 
0.347849 	 7.284448 
0.361327 	 6.664871 
0.374941 	 5.660682 
0.38869 	 4.497109 
0.402577 	 3.306663 
0.416603 	 2.245381 
0.430769 	 1.431575 
0.445076 	 0.9029621 
0.459527 	 0.5828328 
0.474123 	 0.3718908 
0.488864 	 0.2246684 
0.503752 	 0.128838 
0.51879 	 0.07012833 
0.533978 	 0.03476006 
0.549318 	 0.0156863 
0.564811 	 0.006825923 
0.580459 	 0.003065313 
0.596263 	 0.001473623 
0.612226 	 0.000739278 
0.628348 	 0.0004043415 
0.644632 	 0.000219246 
0.661078 	 0.0001094764 
0.677689 	 4.883548e-05 
0.694466 	 2.034445e-05 
0.71141 	 8.591126e-06 
0.728525 	 3.394508e-06 
0.74581 	 1.256972e-06 
0.763268 	 4.77712e-07 
0.780901 	 1.698328e-07 
0.79871 	 5.710186e-08 
0.816697 	 1.976805e-08 
0.834864 	 6.663297e-09 
0.853212 	 2.209531e-09 
0.871744 	 7.226545e-10 
0.890462 	 1.983659e-10 
0.909366 	 4.807883e-11 
0.92846 	 1.15334e-11 
0.947745 	 2.483889e-12 
0.967222 	 5.171082e-13 
0.986894 	 1.062563e-13 
1.006763 	 1.812494e-14 
1.026831 	 2.727484e-15 
1.047099 	 3.797587e-16 
1.06757 	 4.671252e-17 
1.088246 	 5.909134e-18 
1.109128 	 8.782854e-19 
1.13022 	 1.124079e-19 
1.151522 	 1.323872e-20 
1.173037 	 1.592696e-21 
1.194768 	 1.917679e-22 
1.216715 	 2.145788e-23 
1.238882 	 2.53178e-24 
1.261271 	 2.754146e-25 
1.283884 	 2.12187e-26 
1.306723 	 1.610523e-27 
1.32979 	 1.246039e-28 
1.353088 	 8.934665e-30 
1.376619 	 7.02108e-31 
1.400385 	 4.972022e-32 
1.424389 	 2.669831e-33 
1.448633 	 1.493027e-34 
1.473119 	 6.037624e-36 
1.49785 	 1.559603e-37 
1.522829 	 4.164499e-39 
1.548057 	 8.612274e-41 
1.573538 	 1.190525e-42 
1.599273 	 2.532414e-44 
1.625266 	 7.610438e-46 
1.651518 	 2.285625e-47 
1.678033 	 9.885403e-49 
1.704814 	 7.370439e-50 
1.731862 	 5.601965e-51 
1.759181 	 7.238817e-52 
1.786772 	 1.380137e-52 
1.81464 	 2.713985e-53 
1.842787 	 7.261548e-54 
1.871214 	 3.100783e-54 
1.899927 	 1.668472e-54 
1.928926 	 2.728798e-54 
1.958215 	 1.288652e-53 
1.987797 	 7.004219e-53 
2.017675 	 3.730357e-52 
2.047852 	 2.472423e-51 
2.07833 	 1.455916e-50 
2.109114 	 8.460556e-50 
2.140205 	 4.021052e-49 
2.171607 	 1.32139e-48 
2.203323 	 3.504583e-48 
2.235356 	 6.842622e-48 
2.26771 	 1.00601e-47 
2.300387 	 1.245491e-47 
2.333391 	 1.887467e-47 
2.366725 	 1.393804e-47 
2.400392 	 9.580679e-48 
2.434396 	 7.091365e-47 
2.46874 	 6.839793e-46 
2.503427 	 6.441894e-45 
2.538461 	 1.731743e-43 
2.573846 	 1.170606e-41 
2.609585 	 1.451027e-39 
2.64568 	 3.437304e-37 
2.682137 	 9.646048e-35 
2.718959 	 1.525654e-32 
2.756148 	 8.257628e-31 
2.79371 	 2.809888e-30 
2.831647 	 6.347827e-31 
2.869963 	 7.401552e-34 
2.908663 	 1.006484e-38 
2.947749 	 1.88207e-47 
2.987227 	 1.509489e-58 
3.027099 	 1.058531e-74 
3.06737 	 1.208046e-94 
3.108044 	 3.935239e-122 
3.149124 	 7.663949e-148 
3.190616 	 7.748466e-173 
3.232522 	 3.902471e-209 
3.274847 	 1.060452e-228 
3.317595 	 1.094157e-258 
3.360771 	 9.942797e-270 
3.404379 	 8.372259e-287 
3.448423 	 8.1127e-297 
3.492907 	 2.268193e-305 
3.537836 	 8.97222002387e-316 
3.583215 	 0.0 
3.629047 	 0.0 
3.675337 	 0.0 
3.722091 	 0.0 
3.769311 	 0.0 
3.817005 	 0.0 
3.865175 	 0.0 
3.913826 	 0.0 
3.962965 	 0.0 
4.012594 	 0.0 
4.06272 	 0.0 
4.113347 	 0.0 
4.164481 	 0.0 
4.216126 	 0.0 
4.268287 	 0.0 
4.32097 	 0.0 
4.37418 	 0.0 
4.427921 	 0.0 
4.482201 	 0.0 
4.537023 	 0.0 
4.592393 	 0.0 
4.648317 	 0.0 
4.7048 	 0.0 
4.761848 	 0.0 
4.819466 	 0.0 
4.877661 	 0.0 
4.936438 	 0.0 
4.995802 	 0.0 
5.05576 	 0.0 
5.116318 	 0.0 
5.177481 	 0.0 
5.239256 	 0.0 
5.301648 	 0.0 
5.364665 	 0.0 
5.428311 	 0.0 
5.492594 	 0.0 
5.55752 	 0.0 
5.623096 	 0.0 
5.689326 	 0.0 
5.75622 	 0.0 
5.823782 	 0.0 
5.89202 	 0.0 
5.96094 	 0.0 
