0.01 	 2.875583e-09 
0.0201 	 6.374261e-09 
0.030301 	 9.055941e-09 
0.040604 	 1.109146e-08 
0.05101 	 1.284632e-08 
0.06152 	 1.592078e-08 
0.072135 	 2.467691e-08 
0.082857 	 4.582341e-08 
0.093685 	 9.167225e-08 
0.104622 	 1.790932e-07 
0.115668 	 4.151558e-07 
0.126825 	 8.370555e-07 
0.138093 	 1.602287e-06 
0.149474 	 2.9291e-06 
0.160969 	 4.914068e-06 
0.172579 	 8.016508e-06 
0.184304 	 1.249655e-05 
0.196147 	 1.805113e-05 
0.208109 	 2.366492e-05 
0.22019 	 3.066234e-05 
0.232392 	 4.044207e-05 
0.244716 	 5.278277e-05 
0.257163 	 6.8843e-05 
0.269735 	 8.563941e-05 
0.282432 	 9.59657e-05 
0.295256 	 9.880195e-05 
0.308209 	 9.532043e-05 
0.321291 	 9.581549e-05 
0.334504 	 0.0001073325 
0.347849 	 0.000130433 
0.361327 	 0.0001717763 
0.374941 	 0.0002617793 
0.38869 	 0.0004980826 
0.402577 	 0.001060458 
0.416603 	 0.002480079 
0.430769 	 0.005702079 
0.445076 	 0.01178639 
0.459527 	 0.02251547 
0.474123 	 0.04137153 
0.488864 	 0.07402205 
0.503752 	 0.1293289 
0.51879 	 0.212267 
0.533978 	 0.2997145 
0.549318 	 0.3749701 
0.564811 	 0.5046446 
0.580459 	 0.7150934 
0.596263 	 0.9973589 
0.612226 	 1.375367 
0.628348 	 2.021027 
0.644632 	 2.928444 
0.661078 	 4.039153 
0.677689 	 5.196344 
0.694466 	 6.141157 
0.71141 	 6.575345 
0.728525 	 6.395611 
0.74581 	 5.675572 
0.763268 	 4.616132 
0.780901 	 3.495545 
0.79871 	 2.520111 
0.816697 	 1.728204 
0.834864 	 1.110871 
0.853212 	 0.6764777 
0.871744 	 0.3945603 
0.890462 	 0.2116336 
0.909366 	 0.1046178 
0.92846 	 0.04766101 
0.947745 	 0.01929641 
0.967222 	 0.0070156 
0.986894 	 0.002260185 
1.006763 	 0.0006123213 
1.026831 	 0.0001454956 
1.047099 	 3.115431e-05 
1.06757 	 6.46094e-06 
1.088246 	 1.339434e-06 
1.109128 	 2.777779e-07 
1.13022 	 5.292732e-08 
1.151522 	 1.060559e-08 
1.173037 	 2.392403e-09 
1.194768 	 5.20807e-10 
1.216715 	 1.10533e-10 
1.238882 	 2.541883e-11 
1.261271 	 5.737968e-12 
1.283884 	 1.224734e-12 
1.306723 	 2.70427e-13 
1.32979 	 5.349651e-14 
1.353088 	 9.767991e-15 
1.376619 	 1.84616e-15 
1.400385 	 3.052609e-16 
1.424389 	 4.401589e-17 
1.448633 	 6.523e-18 
1.473119 	 8.264939e-19 
1.49785 	 1.019259e-19 
1.522829 	 1.556052e-20 
1.548057 	 2.166587e-21 
1.573538 	 3.114708e-22 
1.599273 	 5.18123e-23 
1.625266 	 6.971663e-24 
1.651518 	 1.002659e-24 
1.678033 	 1.892542e-25 
1.704814 	 3.310846e-26 
1.731862 	 6.072196e-27 
1.759181 	 1.466503e-27 
1.786772 	 3.679362e-28 
1.81464 	 7.49857e-29 
1.842787 	 1.551076e-29 
1.871214 	 3.888874e-30 
1.899927 	 8.839715e-31 
1.928926 	 2.320646e-31 
1.958215 	 6.189976e-32 
1.987797 	 1.131917e-32 
2.017675 	 2.421959e-33 
2.047852 	 6.382539e-34 
2.07833 	 1.195392e-34 
2.109114 	 1.968474e-35 
2.140205 	 3.80262e-36 
2.171607 	 6.052698e-37 
2.203323 	 1.138404e-37 
2.235356 	 3.12916e-38 
2.26771 	 8.470236e-39 
2.300387 	 2.4958e-39 
2.333391 	 8.983775e-40 
2.366725 	 3.374818e-40 
2.400392 	 1.36657e-40 
2.434396 	 7.163203e-41 
2.46874 	 2.650144e-41 
2.503427 	 1.173242e-41 
2.538461 	 1.143529e-41 
2.573846 	 1.146139e-41 
2.609585 	 1.318461e-41 
2.64568 	 2.194085e-41 
2.682137 	 3.180335e-41 
2.718959 	 3.601713e-41 
2.756148 	 3.392728e-41 
2.79371 	 1.204751e-41 
2.831647 	 1.823852e-42 
2.869963 	 2.375641e-44 
2.908663 	 2.568635e-47 
2.947749 	 6.149103e-53 
2.987227 	 1.936861e-60 
3.027099 	 9.161802e-72 
3.06737 	 2.718914e-87 
3.108044 	 5.336972e-110 
3.149124 	 4.108498e-132 
3.190616 	 7.612371e-155 
3.232522 	 5.167471e-189 
3.274847 	 6.350249e-207 
3.317595 	 1.944205e-235 
3.360771 	 2.092709e-244 
3.404379 	 1.937566e-258 
3.448423 	 8.20855e-264 
3.492907 	 4.532395e-268 
3.537836 	 6.083052e-274 
3.583215 	 3.108688e-277 
3.629047 	 2.82261e-282 
3.675337 	 2.760993e-286 
3.722091 	 1.465737e-290 
3.769311 	 2.136941e-295 
3.817005 	 1.050248e-299 
3.865175 	 1.162921e-304 
3.913826 	 7.927144e-309 
3.962965 	 4.65623199999e-313 
4.012594 	 6.00077805535e-318 
4.06272 	 7.06513873553e-322 
4.113347 	 0.0 
4.164481 	 0.0 
4.216126 	 0.0 
4.268287 	 0.0 
4.32097 	 0.0 
4.37418 	 0.0 
4.427921 	 0.0 
4.482201 	 0.0 
4.537023 	 0.0 
4.592393 	 0.0 
4.648317 	 0.0 
4.7048 	 0.0 
4.761848 	 0.0 
4.819466 	 0.0 
4.877661 	 0.0 
4.936438 	 0.0 
4.995802 	 0.0 
5.05576 	 0.0 
5.116318 	 0.0 
5.177481 	 0.0 
5.239256 	 0.0 
5.301648 	 0.0 
5.364665 	 0.0 
5.428311 	 0.0 
5.492594 	 0.0 
5.55752 	 0.0 
5.623096 	 0.0 
5.689326 	 0.0 
5.75622 	 0.0 
5.823782 	 0.0 
5.89202 	 0.0 
5.96094 	 0.0 
