0.01 	 1.078482e-22 
0.0201 	 2.007152e-22 
0.030301 	 2.276958e-22 
0.040604 	 2.060326e-22 
0.05101 	 1.710649e-22 
0.06152 	 1.561817e-22 
0.072135 	 1.854084e-22 
0.082857 	 2.823676e-22 
0.093685 	 4.843287e-22 
0.104622 	 7.975361e-22 
0.115668 	 1.731525e-21 
0.126825 	 3.564732e-21 
0.138093 	 6.96675e-21 
0.149474 	 1.35534e-20 
0.160969 	 2.489655e-20 
0.172579 	 4.450312e-20 
0.184304 	 8.192282e-20 
0.196147 	 1.553782e-19 
0.208109 	 2.920725e-19 
0.22019 	 5.535617e-19 
0.232392 	 9.925072e-19 
0.244716 	 1.731955e-18 
0.257163 	 3.271761e-18 
0.269735 	 6.551165e-18 
0.282432 	 1.395659e-17 
0.295256 	 3.262352e-17 
0.308209 	 7.864462e-17 
0.321291 	 1.601011e-16 
0.334504 	 3.162582e-16 
0.347849 	 7.114318e-16 
0.361327 	 1.654414e-15 
0.374941 	 3.83519e-15 
0.38869 	 9.180518e-15 
0.402577 	 2.325644e-14 
0.416603 	 6.859253e-14 
0.430769 	 2.08501e-13 
0.445076 	 5.364553e-13 
0.459527 	 1.301563e-12 
0.474123 	 2.933024e-12 
0.488864 	 6.448486e-12 
0.503752 	 1.478522e-11 
0.51879 	 3.379621e-11 
0.533978 	 7.129758e-11 
0.549318 	 1.389827e-10 
0.564811 	 2.676614e-10 
0.580459 	 5.427522e-10 
0.596263 	 1.116422e-09 
0.612226 	 2.254327e-09 
0.628348 	 4.282685e-09 
0.644632 	 8.120512e-09 
0.661078 	 1.529762e-08 
0.677689 	 3.006624e-08 
0.694466 	 6.939506e-08 
0.71141 	 1.687604e-07 
0.728525 	 3.438728e-07 
0.74581 	 5.58986e-07 
0.763268 	 7.736104e-07 
0.780901 	 1.05802e-06 
0.79871 	 1.517898e-06 
0.816697 	 2.231148e-06 
0.834864 	 3.283709e-06 
0.853212 	 5.947191e-06 
0.871744 	 1.236769e-05 
0.890462 	 3.08937e-05 
0.909366 	 8.360967e-05 
0.92846 	 0.0002258684 
0.947745 	 0.0005707096 
0.967222 	 0.001243576 
0.986894 	 0.002306136 
1.006763 	 0.003513825 
1.026831 	 0.00455599 
1.047099 	 0.005525731 
1.06757 	 0.006456417 
1.088246 	 0.007611874 
1.109128 	 0.009735057 
1.13022 	 0.01342803 
1.151522 	 0.02020307 
1.173037 	 0.03336022 
1.194768 	 0.05714791 
1.216715 	 0.1011562 
1.238882 	 0.1859974 
1.261271 	 0.3545678 
1.283884 	 0.6737939 
1.306723 	 1.255564 
1.32979 	 2.185554 
1.353088 	 3.391762 
1.376619 	 4.596027 
1.400385 	 5.356757 
1.424389 	 5.334196 
1.448633 	 4.836501 
1.473119 	 4.022042 
1.49785 	 3.069396 
1.522829 	 2.234105 
1.548057 	 1.533626 
1.573538 	 0.9593145 
1.599273 	 0.5584619 
1.625266 	 0.3040243 
1.651518 	 0.1529075 
1.678033 	 0.07353979 
1.704814 	 0.03234531 
1.731862 	 0.01336866 
1.759181 	 0.00611652 
1.786772 	 0.003123932 
1.81464 	 0.001413441 
1.842787 	 0.0005182235 
1.871214 	 0.0001535835 
1.899927 	 4.090661e-05 
1.928926 	 1.160754e-05 
1.958215 	 2.679094e-06 
1.987797 	 4.3996e-07 
2.017675 	 7.226968e-08 
2.047852 	 1.268812e-08 
2.07833 	 1.928651e-09 
2.109114 	 2.291991e-10 
2.140205 	 2.857313e-11 
2.171607 	 3.579791e-12 
2.203323 	 5.182132e-13 
2.235356 	 1.233959e-13 
2.26771 	 2.924884e-14 
2.300387 	 7.027172e-15 
2.333391 	 1.602572e-15 
2.366725 	 4.004108e-16 
2.400392 	 8.679632e-17 
2.434396 	 1.478789e-17 
2.46874 	 1.208692e-18 
2.503427 	 8.345657e-20 
2.538461 	 1.277475e-20 
2.573846 	 1.68355e-21 
2.609585 	 1.899755e-22 
2.64568 	 1.296216e-23 
2.682137 	 7.487847e-25 
2.718959 	 3.250209e-26 
2.756148 	 8.317729e-28 
2.79371 	 1.558535e-29 
2.831647 	 8.788262e-32 
2.869963 	 1.65784e-34 
2.908663 	 8.386775e-38 
2.947749 	 5.21265e-42 
2.987227 	 6.811203e-47 
3.027099 	 1.818582e-53 
3.06737 	 2.20492e-61 
3.108044 	 1.246314e-72 
3.149124 	 3.471934e-82 
3.190616 	 1.437333e-91 
3.232522 	 6.764863e-103 
3.274847 	 1.092152e-107 
3.317595 	 3.641035e-113 
3.360771 	 1.056596e-114 
3.404379 	 2.276752e-116 
3.448423 	 7.020597e-118 
3.492907 	 2.025434e-118 
3.537836 	 2.189536e-119 
3.583215 	 1.22319e-119 
3.629047 	 3.418643e-120 
3.675337 	 1.448356e-120 
3.722091 	 5.967447e-121 
3.769311 	 1.769451e-121 
3.817005 	 6.357085e-122 
3.865175 	 1.645974e-122 
3.913826 	 4.769129e-123 
3.962965 	 1.227496e-123 
4.012594 	 2.32779e-124 
4.06272 	 4.447915e-125 
4.113347 	 6.80546e-126 
4.164481 	 8.224721e-127 
4.216126 	 9.052486e-128 
4.268287 	 8.570909e-129 
4.32097 	 5.356468e-130 
4.37418 	 2.486763e-131 
4.427921 	 6.947642e-133 
4.482201 	 9.112673e-135 
4.537023 	 6.278625e-137 
4.592393 	 3.015569e-139 
4.648317 	 8.692626e-142 
4.7048 	 2.442066e-144 
4.761848 	 1.221047e-146 
4.819466 	 1.446497e-148 
4.877661 	 6.558961e-150 
4.936438 	 1.229189e-150 
4.995802 	 4.38615e-151 
5.05576 	 2.370897e-151 
5.116318 	 2.945263e-152 
5.177481 	 6.829438e-153 
5.239256 	 2.773032e-154 
5.301648 	 2.034812e-155 
5.364665 	 5.29617e-157 
5.428311 	 1.318049e-159 
5.492594 	 3.196034e-162 
5.55752 	 5.61106e-166 
5.623096 	 6.582992e-170 
5.689326 	 8.74279e-175 
5.75622 	 1.220619e-179 
5.823782 	 8.997404e-185 
5.89202 	 4.043693e-190 
5.96094 	 1.469849e-194 
