0.01 	 6.451619e-133 
0.0201 	 1.707439e-130 
0.030301 	 6.861719e-129 
0.040604 	 1.504903e-127 
0.05101 	 4.998769e-126 
0.06152 	 1.257918e-124 
0.072135 	 4.245399e-123 
0.082857 	 3.553788e-121 
0.093685 	 2.139612e-119 
0.104622 	 1.407531e-117 
0.115668 	 1.366157e-115 
0.126825 	 1.085937e-113 
0.138093 	 7.812869e-112 
0.149474 	 8.890457e-110 
0.160969 	 1.747609e-107 
0.172579 	 6.815491e-105 
0.184304 	 6.499309e-102 
0.196147 	 1.753659e-98 
0.208109 	 9.266239e-95 
0.22019 	 1.519235e-90 
0.232392 	 7.808666e-86 
0.244716 	 3.558152e-81 
0.257163 	 4.890927e-76 
0.269735 	 9.111391e-71 
0.282432 	 2.282657e-65 
0.295256 	 1.704711e-59 
0.308209 	 2.869712e-53 
0.321291 	 3.420197e-47 
0.334504 	 3.766003e-41 
0.347849 	 2.818562e-35 
0.361327 	 3.403103e-30 
0.374941 	 1.050003e-25 
0.38869 	 8.035694e-22 
0.402577 	 1.262402e-18 
0.416603 	 9.716435e-16 
0.430769 	 4.626034e-13 
0.445076 	 2.046593e-10 
0.459527 	 1.030244e-07 
0.474123 	 3.53282e-05 
0.488864 	 0.00621012 
0.503752 	 0.2919757 
0.51879 	 3.740651 
0.533978 	 13.65898 
0.549318 	 17.65888 
0.564811 	 14.53475 
0.580459 	 8.935066 
0.596263 	 4.149165 
0.612226 	 1.30119 
0.628348 	 0.2538394 
0.644632 	 0.0314008 
0.661078 	 0.002554124 
0.677689 	 0.0001531221 
0.694466 	 7.701695e-06 
0.71141 	 4.085109e-07 
0.728525 	 2.249486e-08 
0.74581 	 1.281736e-09 
0.763268 	 7.711327e-11 
0.780901 	 5.144698e-12 
0.79871 	 3.916043e-13 
0.816697 	 4.066483e-14 
0.834864 	 5.581704e-15 
0.853212 	 8.454162e-16 
0.871744 	 1.838797e-16 
0.890462 	 4.075765e-17 
0.909366 	 9.800571e-18 
0.92846 	 2.402155e-18 
0.947745 	 5.971099e-19 
0.967222 	 1.920697e-19 
0.986894 	 6.345505e-20 
1.006763 	 2.202022e-20 
1.026831 	 6.880131e-21 
1.047099 	 1.946535e-21 
1.06757 	 4.651246e-22 
1.088246 	 5.753179e-23 
1.109128 	 3.469467e-24 
1.13022 	 7.656188e-26 
1.151522 	 1.025118e-27 
1.173037 	 1.610335e-29 
1.194768 	 2.504453e-31 
1.216715 	 2.757286e-33 
1.238882 	 2.643466e-35 
1.261271 	 2.171999e-37 
1.283884 	 1.280618e-39 
1.306723 	 6.607119e-42 
1.32979 	 2.460914e-44 
1.353088 	 6.020724e-47 
1.376619 	 1.405139e-49 
1.400385 	 2.645567e-52 
1.424389 	 3.086188e-55 
1.448633 	 3.271021e-58 
1.473119 	 2.530519e-61 
1.49785 	 1.57544e-64 
1.522829 	 1.331286e-67 
1.548057 	 8.056919e-71 
1.573538 	 3.175716e-74 
1.599273 	 1.355999e-77 
1.625266 	 3.205037e-81 
1.651518 	 5.781773e-85 
1.678033 	 1.562604e-88 
1.704814 	 3.426782e-92 
1.731862 	 8.843613e-96 
1.759181 	 4.457748e-99 
1.786772 	 2.661619e-102 
1.81464 	 1.121508e-105 
1.842787 	 5.186548e-109 
1.871214 	 3.074698e-112 
1.899927 	 1.167404e-115 
1.928926 	 6.597078e-119 
1.958215 	 5.510847e-122 
1.987797 	 4.462791e-125 
2.017675 	 1.224277e-127 
2.047852 	 1.25176e-129 
2.07833 	 1.238823e-131 
2.109114 	 2.120452e-133 
2.140205 	 5.80171e-135 
2.171607 	 1.096726e-136 
2.203323 	 3.644684e-138 
2.235356 	 1.569285e-139 
2.26771 	 4.946889e-141 
2.300387 	 1.854505e-142 
2.333391 	 2.144026e-143 
2.366725 	 2.778958e-144 
2.400392 	 1.150021e-144 
2.434396 	 2.716176e-144 
2.46874 	 9.028019e-144 
2.503427 	 2.081338e-142 
2.538461 	 3.039501e-140 
2.573846 	 7.14366e-138 
2.609585 	 7.855609e-135 
2.64568 	 7.085257e-131 
2.682137 	 1.196799e-126 
2.718959 	 6.134653e-122 
2.756148 	 5.870718e-116 
2.79371 	 1.487308e-109 
2.831647 	 8.02321e-104 
2.869963 	 5.252007e-99 
2.908663 	 9.567356e-96 
2.947749 	 3.184767e-94 
2.987227 	 7.510291e-95 
3.027099 	 6.911478e-97 
3.06737 	 6.022137e-99 
3.108044 	 1.12545e-101 
3.149124 	 6.871913e-105 
3.190616 	 3.097633e-110 
3.232522 	 2.268935e-123 
3.274847 	 1.729546e-133 
3.317595 	 1.293425e-154 
3.360771 	 7.047118e-162 
3.404379 	 1.029115e-174 
3.448423 	 1.520939e-176 
3.492907 	 1.932662e-176 
3.537836 	 1.09953e-176 
3.583215 	 5.236819e-174 
3.629047 	 7.879294e-171 
3.675337 	 3.038882e-167 
3.722091 	 1.75922e-163 
3.769311 	 6.97756e-160 
3.817005 	 1.094348e-156 
3.865175 	 1.512746e-154 
3.913826 	 1.399035e-153 
3.962965 	 2.355727e-154 
4.012594 	 3.850625e-157 
4.06272 	 1.088152e-161 
4.113347 	 3.664363e-167 
4.164481 	 2.938829e-172 
4.216126 	 4.415364e-176 
4.268287 	 6.666869e-178 
4.32097 	 6.151654e-178 
4.37418 	 1.363344e-176 
4.427921 	 3.573596e-174 
4.482201 	 2.12294e-171 
4.537023 	 9.085748e-169 
4.592393 	 1.307122e-166 
4.648317 	 1.915782e-165 
4.7048 	 2.037265e-165 
4.761848 	 1.747046e-166 
4.819466 	 2.026431e-168 
4.877661 	 1.548426e-170 
4.936438 	 2.001621e-172 
4.995802 	 1.720603e-174 
5.05576 	 1.203549e-176 
5.116318 	 2.289668e-180 
5.177481 	 3.789961e-184 
5.239256 	 3.773787e-190 
5.301648 	 9.711759e-196 
5.364665 	 2.718022e-202 
5.428311 	 5.046991e-212 
5.492594 	 5.180065e-221 
5.55752 	 2.204229e-233 
5.623096 	 1.164887e-244 
5.689326 	 4.045617e-259 
5.75622 	 7.409446e-272 
5.823782 	 6.450185e-285 
5.89202 	 6.649561e-300 
5.96094 	 1.481575e-311 
