0.01 	 1.038337e-05 
0.0201 	 2.737649e-05 
0.030301 	 4.692311e-05 
0.040604 	 6.752808e-05 
0.05101 	 8.829147e-05 
0.06152 	 0.0001144146 
0.072135 	 0.0001626616 
0.082857 	 0.0002455957 
0.093685 	 0.0003677622 
0.104622 	 0.0005109996 
0.115668 	 0.0007758846 
0.126825 	 0.001069754 
0.138093 	 0.001407689 
0.149474 	 0.001809643 
0.160969 	 0.002239819 
0.172579 	 0.002790461 
0.184304 	 0.003422994 
0.196147 	 0.003906804 
0.208109 	 0.00441481 
0.22019 	 0.005097883 
0.232392 	 0.006178709 
0.244716 	 0.007696064 
0.257163 	 0.009805453 
0.269735 	 0.01198609 
0.282432 	 0.01335223 
0.295256 	 0.01369331 
0.308209 	 0.01327055 
0.321291 	 0.01303592 
0.334504 	 0.01402403 
0.347849 	 0.01642121 
0.361327 	 0.02113978 
0.374941 	 0.0306737 
0.38869 	 0.05017117 
0.402577 	 0.08925253 
0.416603 	 0.1635449 
0.430769 	 0.2832483 
0.445076 	 0.4386436 
0.459527 	 0.6206294 
0.474123 	 0.8289413 
0.488864 	 1.05842 
0.503752 	 1.312803 
0.51879 	 1.592105 
0.533978 	 1.804235 
0.549318 	 1.930236 
0.564811 	 2.0888 
0.580459 	 2.508027 
0.596263 	 2.974854 
0.612226 	 3.499848 
0.628348 	 4.086228 
0.644632 	 4.659487 
0.661078 	 5.06292 
0.677689 	 5.17174 
0.694466 	 4.933728 
0.71141 	 4.360325 
0.728525 	 3.564043 
0.74581 	 2.709924 
0.763268 	 1.929155 
0.780901 	 1.295102 
0.79871 	 0.8265348 
0.816697 	 0.5026049 
0.834864 	 0.2878951 
0.853212 	 0.1547024 
0.871744 	 0.07761743 
0.890462 	 0.03498526 
0.909366 	 0.01430343 
0.92846 	 0.005395362 
0.947745 	 0.001868226 
0.967222 	 0.0006050313 
0.986894 	 0.000178887 
1.006763 	 4.626218e-05 
1.026831 	 1.079211e-05 
1.047099 	 2.33311e-06 
1.06757 	 4.87798e-07 
1.088246 	 1.026781e-07 
1.109128 	 2.191546e-08 
1.13022 	 4.332519e-09 
1.151522 	 8.747627e-10 
1.173037 	 1.912746e-10 
1.194768 	 4.10408e-11 
1.216715 	 8.885808e-12 
1.238882 	 2.074694e-12 
1.261271 	 4.715581e-13 
1.283884 	 9.912108e-14 
1.306723 	 2.118985e-14 
1.32979 	 4.516668e-15 
1.353088 	 9.627999e-16 
1.376619 	 2.115398e-16 
1.400385 	 4.006136e-17 
1.424389 	 6.734745e-18 
1.448633 	 1.180781e-18 
1.473119 	 1.83399e-19 
1.49785 	 2.652624e-20 
1.522829 	 4.38313e-21 
1.548057 	 6.826739e-22 
1.573538 	 1.132835e-22 
1.599273 	 2.129632e-23 
1.625266 	 3.534374e-24 
1.651518 	 6.459009e-25 
1.678033 	 1.546381e-25 
1.704814 	 3.805608e-26 
1.731862 	 9.726777e-27 
1.759181 	 3.192549e-27 
1.786772 	 1.113088e-27 
1.81464 	 3.3357e-28 
1.842787 	 1.127383e-28 
1.871214 	 4.866906e-29 
1.899927 	 2.215197e-29 
1.928926 	 1.318026e-29 
1.958215 	 9.684598e-30 
1.987797 	 6.364153e-30 
2.017675 	 5.295808e-30 
2.047852 	 5.749449e-30 
2.07833 	 5.394804e-30 
2.109114 	 4.768109e-30 
2.140205 	 4.64021e-30 
2.171607 	 3.759998e-30 
2.203323 	 2.822403e-30 
2.235356 	 1.941812e-30 
2.26771 	 1.362186e-30 
2.300387 	 1.069135e-30 
2.333391 	 1.029464e-30 
2.366725 	 1.022557e-30 
2.400392 	 1.230638e-30 
2.434396 	 2.103855e-30 
2.46874 	 3.192082e-30 
2.503427 	 5.79573e-30 
2.538461 	 1.984916e-29 
2.573846 	 1.043683e-28 
2.609585 	 6.446138e-28 
2.64568 	 6.24801e-27 
2.682137 	 6.346597e-26 
2.718959 	 5.200103e-25 
2.756148 	 3.482417e-24 
2.79371 	 1.568122e-23 
2.831647 	 4.083271e-23 
2.869963 	 3.324737e-23 
2.908663 	 4.826831e-24 
2.947749 	 6.46925e-26 
2.987227 	 7.092375e-29 
3.027099 	 1.370966e-33 
3.06737 	 3.817117e-40 
3.108044 	 1.024336e-50 
3.149124 	 6.679958e-60 
3.190616 	 1.189308e-69 
3.232522 	 4.238118e-84 
3.274847 	 2.841542e-91 
3.317595 	 2.263517e-102 
3.360771 	 1.927084e-105 
3.404379 	 4.659324e-110 
3.448423 	 9.062393e-112 
3.492907 	 2.148978e-112 
3.537836 	 5.366767e-114 
3.583215 	 1.385396e-114 
3.629047 	 3.15235e-115 
3.675337 	 1.940672e-115 
3.722091 	 1.163301e-115 
3.769311 	 5.460657e-116 
3.817005 	 3.015598e-116 
3.865175 	 1.239181e-116 
3.913826 	 7.148143e-117 
3.962965 	 3.587534e-117 
4.012594 	 1.563646e-117 
4.06272 	 6.47155e-118 
4.113347 	 2.329387e-118 
4.164481 	 6.921433e-119 
4.216126 	 1.571338e-119 
4.268287 	 3.072055e-120 
4.32097 	 3.125502e-121 
4.37418 	 1.335888e-122 
4.427921 	 2.484045e-124 
4.482201 	 1.705476e-126 
4.537023 	 5.285072e-129 
4.592393 	 6.642018e-132 
4.648317 	 1.226712e-135 
4.7048 	 1.090996e-139 
4.761848 	 8.897154e-144 
4.819466 	 1.226777e-147 
4.877661 	 4.368917e-151 
4.936438 	 3.092049e-154 
4.995802 	 8.554311e-157 
5.05576 	 1.715031e-159 
5.116318 	 3.616317e-164 
5.177481 	 1.297063e-167 
5.239256 	 2.300918e-172 
5.301648 	 1.922644e-176 
5.364665 	 3.838927e-181 
5.428311 	 3.993305e-187 
5.492594 	 6.034315e-192 
5.55752 	 2.818493e-198 
5.623096 	 8.519238e-204 
5.689326 	 1.950692e-210 
5.75622 	 2.903513e-216 
5.823782 	 2.188906e-222 
5.89202 	 3.676969e-229 
5.96094 	 6.64e-235 
