0.01 	 2.543974e-11 
0.0201 	 5.257673e-11 
0.030301 	 6.002184e-11 
0.040604 	 4.834325e-11 
0.05101 	 3.134625e-11 
0.06152 	 1.849003e-11 
0.072135 	 1.28263e-11 
0.082857 	 1.113032e-11 
0.093685 	 1.126018e-11 
0.104622 	 1.149567e-11 
0.115668 	 1.615166e-11 
0.126825 	 2.144671e-11 
0.138093 	 2.84977e-11 
0.149474 	 3.657826e-11 
0.160969 	 4.331122e-11 
0.172579 	 4.977907e-11 
0.184304 	 5.691875e-11 
0.196147 	 6.703813e-11 
0.208109 	 8.043545e-11 
0.22019 	 9.970363e-11 
0.232392 	 1.176185e-10 
0.244716 	 1.291045e-10 
0.257163 	 1.537023e-10 
0.269735 	 1.997482e-10 
0.282432 	 2.86813e-10 
0.295256 	 4.830216e-10 
0.308209 	 8.305376e-10 
0.321291 	 1.125997e-09 
0.334504 	 1.395776e-09 
0.347849 	 1.960063e-09 
0.361327 	 3.035824e-09 
0.374941 	 4.576389e-09 
0.38869 	 6.480241e-09 
0.402577 	 8.550669e-09 
0.416603 	 1.158204e-08 
0.430769 	 1.554814e-08 
0.445076 	 1.932789e-08 
0.459527 	 2.423342e-08 
0.474123 	 2.993666e-08 
0.488864 	 3.587477e-08 
0.503752 	 4.403428e-08 
0.51879 	 5.129414e-08 
0.533978 	 4.869626e-08 
0.549318 	 3.574956e-08 
0.564811 	 2.832905e-08 
0.580459 	 2.591441e-08 
0.596263 	 2.448108e-08 
0.612226 	 2.417312e-08 
0.628348 	 2.682621e-08 
0.644632 	 3.188744e-08 
0.661078 	 4.249838e-08 
0.677689 	 6.3529e-08 
0.694466 	 1.166269e-07 
0.71141 	 2.303153e-07 
0.728525 	 3.84983e-07 
0.74581 	 5.488504e-07 
0.763268 	 7.568942e-07 
0.780901 	 1.131524e-06 
0.79871 	 1.928093e-06 
0.816697 	 3.370384e-06 
0.834864 	 5.366823e-06 
0.853212 	 8.740202e-06 
0.871744 	 1.564591e-05 
0.890462 	 2.766106e-05 
0.909366 	 4.709782e-05 
0.92846 	 8.24989e-05 
0.947745 	 0.0001496786 
0.967222 	 0.0002602252 
0.986894 	 0.000404645 
1.006763 	 0.0006010219 
1.026831 	 0.0008541672 
1.047099 	 0.001193676 
1.06757 	 0.001647325 
1.088246 	 0.002227054 
1.109128 	 0.003077624 
1.13022 	 0.004135828 
1.151522 	 0.005669758 
1.173037 	 0.009181239 
1.194768 	 0.01644645 
1.216715 	 0.02987446 
1.238882 	 0.05364153 
1.261271 	 0.101673 
1.283884 	 0.1976677 
1.306723 	 0.3793141 
1.32979 	 0.7055614 
1.353088 	 1.207959 
1.376619 	 1.896444 
1.400385 	 2.733503 
1.424389 	 3.486465 
1.448633 	 3.953305 
1.473119 	 4.128486 
1.49785 	 4.020217 
1.522829 	 3.778839 
1.548057 	 3.411644 
1.573538 	 2.880633 
1.599273 	 2.301839 
1.625266 	 1.715223 
1.651518 	 1.196169 
1.678033 	 0.7937921 
1.704814 	 0.4968822 
1.731862 	 0.3005808 
1.759181 	 0.1859535 
1.786772 	 0.1126857 
1.81464 	 0.05945928 
1.842787 	 0.0276582 
1.871214 	 0.01174832 
1.899927 	 0.004689652 
1.928926 	 0.001784413 
1.958215 	 0.0005466405 
1.987797 	 0.0001254831 
2.017675 	 2.640233e-05 
2.047852 	 5.102093e-06 
2.07833 	 7.989624e-07 
2.109114 	 1.023248e-07 
2.140205 	 1.386527e-08 
2.171607 	 1.977131e-09 
2.203323 	 3.188976e-10 
2.235356 	 7.541054e-11 
2.26771 	 1.989161e-11 
2.300387 	 5.588948e-12 
2.333391 	 1.469612e-12 
2.366725 	 4.529014e-13 
2.400392 	 1.432526e-13 
2.434396 	 3.070673e-14 
2.46874 	 3.786919e-15 
2.503427 	 3.96061e-16 
2.538461 	 5.189919e-17 
2.573846 	 4.861428e-18 
2.609585 	 3.203645e-19 
2.64568 	 1.426329e-20 
2.682137 	 3.706672e-22 
2.718959 	 6.079048e-24 
2.756148 	 3.145983e-26 
2.79371 	 5.715579e-29 
2.831647 	 3.072257e-32 
2.869963 	 1.60236e-36 
2.908663 	 1.425055e-41 
2.947749 	 2.164201e-48 
2.987227 	 4.659522e-56 
3.027099 	 2.51905e-66 
3.06737 	 1.958231e-78 
3.108044 	 9.504393e-95 
3.149124 	 3.858342e-109 
3.190616 	 8.9915e-123 
3.232522 	 1.617481e-140 
3.274847 	 2.05244e-149 
3.317595 	 3.064584e-162 
3.360771 	 7.509218e-167 
3.404379 	 9.822101e-173 
3.448423 	 1.497285e-176 
3.492907 	 7.907158e-179 
3.537836 	 4.229111e-182 
3.583215 	 1.110267e-183 
3.629047 	 1.109218e-185 
3.675337 	 3.108408e-187 
3.722091 	 1.357591e-188 
3.769311 	 3.479043e-190 
3.817005 	 2.069575e-191 
3.865175 	 7.14844e-193 
3.913826 	 5.026532e-194 
3.962965 	 3.333049e-195 
4.012594 	 1.278317e-196 
4.06272 	 7.804205e-198 
4.113347 	 3.329533e-199 
4.164481 	 1.658197e-200 
4.216126 	 6.587477e-202 
4.268287 	 2.655406e-203 
4.32097 	 6.07247e-205 
4.37418 	 7.335949e-207 
4.427921 	 4.654083e-209 
4.482201 	 9.029436e-212 
4.537023 	 6.529981e-215 
4.592393 	 2.610025e-218 
4.648317 	 5.359944e-222 
4.7048 	 1.082012e-225 
4.761848 	 5.242883e-229 
4.819466 	 8.80088e-232 
4.877661 	 7.832551e-234 
4.936438 	 4.43445e-235 
4.995802 	 7.255914e-236 
5.05576 	 2.465177e-236 
5.116318 	 3.715268e-238 
5.177481 	 4.321739e-239 
5.239256 	 1.666143e-241 
5.301648 	 5.190077e-243 
5.364665 	 5.548e-245 
5.428311 	 9.470206e-249 
5.492594 	 6.772271e-252 
5.55752 	 7.480555e-257 
5.623096 	 2.515553e-261 
5.689326 	 2.392448e-267 
5.75622 	 1.052059e-272 
5.823782 	 2.681449e-278 
5.89202 	 1.335381e-284 
5.96094 	 1.918553e-289 
