0.01 	 9.855379e-10 
0.0201 	 1.802248e-09 
0.030301 	 1.786337e-09 
0.040604 	 1.274179e-09 
0.05101 	 7.522926e-10 
0.06152 	 4.13608e-10 
0.072135 	 2.714922e-10 
0.082857 	 2.304874e-10 
0.093685 	 2.359749e-10 
0.104622 	 2.589054e-10 
0.115668 	 4.284846e-10 
0.126825 	 6.813079e-10 
0.138093 	 1.12241e-09 
0.149474 	 1.803043e-09 
0.160969 	 2.715165e-09 
0.172579 	 3.927592e-09 
0.184304 	 5.626755e-09 
0.196147 	 8.312904e-09 
0.208109 	 1.247666e-08 
0.22019 	 1.853352e-08 
0.232392 	 2.44244e-08 
0.244716 	 2.770302e-08 
0.257163 	 3.154838e-08 
0.269735 	 3.736852e-08 
0.282432 	 4.716179e-08 
0.295256 	 6.825763e-08 
0.308209 	 1.016935e-07 
0.321291 	 1.202236e-07 
0.334504 	 1.326139e-07 
0.347849 	 1.734124e-07 
0.361327 	 2.636306e-07 
0.374941 	 4.032114e-07 
0.38869 	 6.008334e-07 
0.402577 	 8.058438e-07 
0.416603 	 1.06082e-06 
0.430769 	 1.356725e-06 
0.445076 	 1.645528e-06 
0.459527 	 2.071558e-06 
0.474123 	 2.603212e-06 
0.488864 	 3.219431e-06 
0.503752 	 4.112432e-06 
0.51879 	 4.99906e-06 
0.533978 	 4.720543e-06 
0.549318 	 3.127877e-06 
0.564811 	 2.475582e-06 
0.580459 	 2.612583e-06 
0.596263 	 2.853135e-06 
0.612226 	 3.056883e-06 
0.628348 	 3.247069e-06 
0.644632 	 3.709538e-06 
0.661078 	 4.56337e-06 
0.677689 	 6.41263e-06 
0.694466 	 1.032785e-05 
0.71141 	 1.675767e-05 
0.728525 	 2.321569e-05 
0.74581 	 2.818639e-05 
0.763268 	 3.273088e-05 
0.780901 	 4.020462e-05 
0.79871 	 5.476331e-05 
0.816697 	 7.268745e-05 
0.834864 	 8.480122e-05 
0.853212 	 0.0001113751 
0.871744 	 0.0001871203 
0.890462 	 0.0003209684 
0.909366 	 0.0005652634 
0.92846 	 0.001069001 
0.947745 	 0.002105516 
0.967222 	 0.003942711 
0.986894 	 0.00675754 
1.006763 	 0.01051042 
1.026831 	 0.01486975 
1.047099 	 0.02103959 
1.06757 	 0.02736263 
1.088246 	 0.03118957 
1.109128 	 0.03189798 
1.13022 	 0.02602843 
1.151522 	 0.02072066 
1.173037 	 0.02517929 
1.194768 	 0.03746 
1.216715 	 0.05473507 
1.238882 	 0.07557883 
1.261271 	 0.1106801 
1.283884 	 0.168689 
1.306723 	 0.2656919 
1.32979 	 0.4426807 
1.353088 	 0.7328324 
1.376619 	 1.160057 
1.400385 	 1.709579 
1.424389 	 2.320455 
1.448633 	 2.948849 
1.473119 	 3.472312 
1.49785 	 3.794681 
1.522829 	 3.938683 
1.548057 	 3.854046 
1.573538 	 3.783148 
1.599273 	 3.428803 
1.625266 	 2.622662 
1.651518 	 1.836495 
1.678033 	 1.213913 
1.704814 	 0.7576241 
1.731862 	 0.4494325 
1.759181 	 0.2545743 
1.786772 	 0.1152366 
1.81464 	 0.03883124 
1.842787 	 0.01341315 
1.871214 	 0.004757081 
1.899927 	 0.001596344 
1.928926 	 0.0004968368 
1.958215 	 0.0001278295 
1.987797 	 2.52618e-05 
2.017675 	 4.620566e-06 
2.047852 	 7.911002e-07 
2.07833 	 1.115431e-07 
2.109114 	 1.327421e-08 
2.140205 	 1.754902e-09 
2.171607 	 2.544113e-10 
2.203323 	 4.132393e-11 
2.235356 	 9.26271e-12 
2.26771 	 2.686042e-12 
2.300387 	 9.371947e-13 
2.333391 	 3.492365e-13 
2.366725 	 1.797838e-13 
2.400392 	 1.056238e-13 
2.434396 	 3.002884e-14 
2.46874 	 5.462916e-15 
2.503427 	 8.771668e-16 
2.538461 	 1.34847e-16 
2.573846 	 1.516551e-17 
2.609585 	 8.716568e-19 
2.64568 	 3.586302e-20 
2.682137 	 6.228996e-22 
2.718959 	 6.296245e-24 
2.756148 	 1.473239e-26 
2.79371 	 8.535463e-30 
2.831647 	 1.942602e-33 
2.869963 	 3.23013e-38 
2.908663 	 1.30548e-43 
2.947749 	 7.120494e-51 
2.987227 	 1.484105e-58 
3.027099 	 1.21073e-68 
3.06737 	 9.11222e-80 
3.108044 	 2.907112e-94 
3.149124 	 1.187265e-106 
3.190616 	 6.690909e-118 
3.232522 	 3.376184e-133 
3.274847 	 8.366813e-141 
3.317595 	 3.814577e-152 
3.360771 	 3.681821e-156 
3.404379 	 2.288227e-161 
3.448423 	 1.014194e-164 
3.492907 	 8.026593e-167 
3.537836 	 7.174771e-170 
3.583215 	 1.967188e-171 
3.629047 	 2.143708e-173 
3.675337 	 6.751246e-175 
3.722091 	 2.843007e-176 
3.769311 	 7.954981e-178 
3.817005 	 4.31105e-179 
3.865175 	 1.595662e-180 
3.913826 	 9.583452e-182 
3.962965 	 5.325155e-183 
4.012594 	 1.985446e-184 
4.06272 	 1.017923e-185 
4.113347 	 3.860483e-187 
4.164481 	 1.56836e-188 
4.216126 	 5.062792e-190 
4.268287 	 1.543051e-191 
4.32097 	 2.854954e-193 
4.37418 	 2.94894e-195 
4.427921 	 1.722167e-197 
4.482201 	 3.430893e-200 
4.537023 	 2.651011e-203 
4.592393 	 1.385168e-206 
4.648317 	 4.77345e-210 
4.7048 	 1.794352e-213 
4.761848 	 1.522212e-216 
4.819466 	 4.060974e-219 
4.877661 	 4.19209e-221 
4.936438 	 1.994261e-222 
4.995802 	 2.075629e-223 
5.05576 	 3.775947e-224 
5.116318 	 3.973898e-226 
5.177481 	 2.07988e-227 
5.239256 	 4.455037e-230 
5.301648 	 5.435266e-232 
5.364665 	 2.489065e-234 
5.428311 	 2.62221e-238 
5.492594 	 8.164087e-242 
5.55752 	 7.129438e-247 
5.623096 	 1.473409e-251 
5.689326 	 1.47546e-257 
5.75622 	 5.535158e-263 
5.823782 	 1.25783e-268 
5.89202 	 8.457415e-275 
5.96094 	 1.117594e-279 
