0.01 	 1.075979e-05 
0.0201 	 4.218575e-05 
0.030301 	 0.0001130047 
0.040604 	 0.0002466564 
0.05101 	 0.0004053675 
0.06152 	 0.000490431 
0.072135 	 0.0004647468 
0.082857 	 0.0003949516 
0.093685 	 0.000376858 
0.104622 	 0.0003854107 
0.115668 	 0.0004636479 
0.126825 	 0.0005266433 
0.138093 	 0.0005726169 
0.149474 	 0.0006327304 
0.160969 	 0.0007787649 
0.172579 	 0.001303673 
0.184304 	 0.002687501 
0.196147 	 0.003575402 
0.208109 	 0.002672572 
0.22019 	 0.001414347 
0.232392 	 0.0007504168 
0.244716 	 0.0003685181 
0.257163 	 0.0001584873 
0.269735 	 6.040911e-05 
0.282432 	 2.606227e-05 
0.295256 	 1.692149e-05 
0.308209 	 1.388961e-05 
0.321291 	 1.242909e-05 
0.334504 	 1.407488e-05 
0.347849 	 1.765706e-05 
0.361327 	 1.890561e-05 
0.374941 	 1.497651e-05 
0.38869 	 1.087436e-05 
0.402577 	 9.179515e-06 
0.416603 	 7.788476e-06 
0.430769 	 6.522228e-06 
0.445076 	 5.691481e-06 
0.459527 	 5.536317e-06 
0.474123 	 5.811148e-06 
0.488864 	 5.958988e-06 
0.503752 	 6.146028e-06 
0.51879 	 6.620526e-06 
0.533978 	 1.064244e-05 
0.549318 	 2.238921e-05 
0.564811 	 2.625338e-05 
0.580459 	 2.450926e-05 
0.596263 	 2.865226e-05 
0.612226 	 4.100633e-05 
0.628348 	 6.259003e-05 
0.644632 	 5.507996e-05 
0.661078 	 2.469691e-05 
0.677689 	 7.262094e-06 
0.694466 	 2.292795e-06 
0.71141 	 1.092654e-06 
0.728525 	 6.250574e-07 
0.74581 	 3.709437e-07 
0.763268 	 2.428436e-07 
0.780901 	 1.47028e-07 
0.79871 	 6.927278e-08 
0.816697 	 3.239406e-08 
0.834864 	 1.758484e-08 
0.853212 	 6.636122e-09 
0.871744 	 1.384949e-09 
0.890462 	 6.511533e-10 
0.909366 	 5.501726e-10 
0.92846 	 5.067166e-10 
0.947745 	 4.940031e-10 
0.967222 	 5.18561e-10 
0.986894 	 5.296513e-10 
1.006763 	 4.70728e-10 
1.026831 	 3.890492e-10 
1.047099 	 2.851098e-10 
1.06757 	 2.075325e-10 
1.088246 	 2.298149e-10 
1.109128 	 5.534658e-10 
1.13022 	 5.745344e-09 
1.151522 	 9.054213e-08 
1.173037 	 3.100278e-07 
1.194768 	 3.822774e-07 
1.216715 	 3.361778e-07 
1.238882 	 3.0538e-07 
1.261271 	 2.742262e-07 
1.283884 	 2.628557e-07 
1.306723 	 3.227187e-07 
1.32979 	 4.496214e-07 
1.353088 	 7.955055e-07 
1.376619 	 1.387926e-06 
1.400385 	 1.930025e-06 
1.424389 	 1.916188e-06 
1.448633 	 2.133275e-06 
1.473119 	 2.719448e-06 
1.49785 	 2.590921e-06 
1.522829 	 1.89122e-06 
1.548057 	 9.688858e-07 
1.573538 	 1.502087e-07 
1.599273 	 3.329291e-08 
1.625266 	 2.571931e-08 
1.651518 	 2.098027e-08 
1.678033 	 1.977675e-08 
1.704814 	 1.677241e-08 
1.731862 	 1.317238e-08 
1.759181 	 2.096982e-08 
1.786772 	 2.950457e-07 
1.81464 	 1.072277e-05 
1.842787 	 6.131731e-05 
1.871214 	 0.000140034 
1.899927 	 0.000328315 
1.928926 	 0.000700444 
1.958215 	 0.001353564 
1.987797 	 0.003579789 
2.017675 	 0.0138583 
2.047852 	 0.0479325 
2.07833 	 0.149141 
2.109114 	 0.4149566 
2.140205 	 0.9470033 
2.171607 	 1.633472 
2.203323 	 2.425655 
2.235356 	 3.476813 
2.26771 	 4.662162 
2.300387 	 6.597098 
2.333391 	 6.936301 
2.366725 	 2.360696 
2.400392 	 0.4409516 
2.434396 	 0.2882256 
2.46874 	 0.1740621 
2.503427 	 0.04221672 
2.538461 	 0.006955488 
2.573846 	 0.000895025 
2.609585 	 3.437592e-05 
2.64568 	 3.963955e-07 
2.682137 	 5.145592e-10 
2.718959 	 1.478132e-13 
2.756148 	 4.414445e-18 
2.79371 	 6.618791e-24 
2.831647 	 2.782592e-31 
2.869963 	 3.679538e-41 
2.908663 	 1.806731e-51 
2.947749 	 2.926694e-65 
2.987227 	 1.183822e-78 
3.027099 	 3.186536e-96 
3.06737 	 5.926826e-114 
3.108044 	 2.240952e-136 
3.149124 	 1.570161e-156 
3.190616 	 1.212382e-174 
3.232522 	 9.935647e-200 
3.274847 	 2.556729e-213 
3.317595 	 3.15443e-233 
3.360771 	 3.835029e-241 
3.404379 	 5.918073e-252 
3.448423 	 1.071743e-260 
3.492907 	 7.911303e-267 
3.537836 	 1.512139e-275 
3.583215 	 1.518958e-280 
3.629047 	 1.850013e-286 
3.675337 	 1.100533e-292 
3.722091 	 3.043092e-297 
3.769311 	 1.165279e-303 
3.817005 	 4.654709e-308 
3.865175 	 2.18709300004e-314 
3.913826 	 2.09771874108e-318 
3.962965 	 1.97626258336e-322 
4.012594 	 0.0 
4.06272 	 0.0 
4.113347 	 0.0 
4.164481 	 0.0 
4.216126 	 0.0 
4.268287 	 0.0 
4.32097 	 0.0 
4.37418 	 0.0 
4.427921 	 0.0 
4.482201 	 0.0 
4.537023 	 0.0 
4.592393 	 0.0 
4.648317 	 0.0 
4.7048 	 0.0 
4.761848 	 0.0 
4.819466 	 0.0 
4.877661 	 0.0 
4.936438 	 0.0 
4.995802 	 0.0 
5.05576 	 0.0 
5.116318 	 0.0 
5.177481 	 0.0 
5.239256 	 0.0 
5.301648 	 0.0 
5.364665 	 0.0 
5.428311 	 0.0 
5.492594 	 0.0 
5.55752 	 0.0 
5.623096 	 0.0 
5.689326 	 0.0 
5.75622 	 0.0 
5.823782 	 0.0 
5.89202 	 0.0 
5.96094 	 0.0 
