0.01 	 1.063517e-08 
0.0201 	 1.175859e-08 
0.030301 	 7.313897e-09 
0.040604 	 3.278495e-09 
0.05101 	 1.301235e-09 
0.06152 	 5.281877e-10 
0.072135 	 2.925772e-10 
0.082857 	 2.427378e-10 
0.093685 	 2.496631e-10 
0.104622 	 2.446883e-10 
0.115668 	 3.672592e-10 
0.126825 	 4.999876e-10 
0.138093 	 6.793309e-10 
0.149474 	 9.116231e-10 
0.160969 	 1.129125e-09 
0.172579 	 1.337144e-09 
0.184304 	 1.594369e-09 
0.196147 	 1.830158e-09 
0.208109 	 2.04004e-09 
0.22019 	 2.435346e-09 
0.232392 	 3.161287e-09 
0.244716 	 4.395652e-09 
0.257163 	 6.983889e-09 
0.269735 	 1.186812e-08 
0.282432 	 2.036581e-08 
0.295256 	 3.582162e-08 
0.308209 	 5.768646e-08 
0.321291 	 7.053521e-08 
0.334504 	 8.17519e-08 
0.347849 	 1.171055e-07 
0.361327 	 2.057845e-07 
0.374941 	 3.839934e-07 
0.38869 	 7.495002e-07 
0.402577 	 1.480845e-06 
0.416603 	 3.069072e-06 
0.430769 	 5.840944e-06 
0.445076 	 8.699608e-06 
0.459527 	 1.134262e-05 
0.474123 	 1.403328e-05 
0.488864 	 1.669456e-05 
0.503752 	 2.088313e-05 
0.51879 	 2.925251e-05 
0.533978 	 3.557038e-05 
0.549318 	 4.030331e-05 
0.564811 	 4.976911e-05 
0.580459 	 6.777046e-05 
0.596263 	 9.662154e-05 
0.612226 	 0.0001484357 
0.628348 	 0.0002535881 
0.644632 	 0.0005013177 
0.661078 	 0.001107676 
0.677689 	 0.002720718 
0.694466 	 0.007652878 
0.71141 	 0.02191678 
0.728525 	 0.04924346 
0.74581 	 0.08313436 
0.763268 	 0.1194846 
0.780901 	 0.1638462 
0.79871 	 0.2225919 
0.816697 	 0.2767091 
0.834864 	 0.2976173 
0.853212 	 0.3211562 
0.871744 	 0.3962213 
0.890462 	 0.4572348 
0.909366 	 0.5097505 
0.92846 	 0.5795374 
0.947745 	 0.6932796 
0.967222 	 0.8726273 
0.986894 	 1.122177 
1.006763 	 1.424062 
1.026831 	 1.802749 
1.047099 	 2.235556 
1.06757 	 2.678854 
1.088246 	 3.195243 
1.109128 	 3.806008 
1.13022 	 4.708727 
1.151522 	 5.302249 
1.173037 	 4.817913 
1.194768 	 3.772306 
1.216715 	 2.733785 
1.238882 	 1.942048 
1.261271 	 1.298186 
1.283884 	 0.7819845 
1.306723 	 0.4350003 
1.32979 	 0.2264591 
1.353088 	 0.1120806 
1.376619 	 0.05416711 
1.400385 	 0.02487878 
1.424389 	 0.01024696 
1.448633 	 0.004063144 
1.473119 	 0.001561191 
1.49785 	 0.000606118 
1.522829 	 0.0002472979 
1.548057 	 9.801282e-05 
1.573538 	 3.825088e-05 
1.599273 	 1.565683e-05 
1.625266 	 6.315019e-06 
1.651518 	 2.70393e-06 
1.678033 	 1.309615e-06 
1.704814 	 5.996039e-07 
1.731862 	 2.758425e-07 
1.759181 	 1.650944e-07 
1.786772 	 1.418512e-07 
1.81464 	 1.27702e-07 
1.842787 	 7.963723e-08 
1.871214 	 4.100538e-08 
1.899927 	 2.109617e-08 
1.928926 	 1.149642e-08 
1.958215 	 5.685036e-09 
1.987797 	 2.389127e-09 
2.017675 	 1.084902e-09 
2.047852 	 4.815094e-10 
2.07833 	 1.680348e-10 
2.109114 	 4.727648e-11 
2.140205 	 1.415517e-11 
2.171607 	 4.126366e-12 
2.203323 	 1.141295e-12 
2.235356 	 4.214996e-13 
2.26771 	 2.065478e-13 
2.300387 	 1.391596e-13 
2.333391 	 1.006763e-13 
2.366725 	 8.822478e-14 
2.400392 	 6.508661e-14 
2.434396 	 2.798732e-14 
2.46874 	 7.649071e-15 
2.503427 	 1.468281e-15 
2.538461 	 2.659824e-16 
2.573846 	 2.94221e-17 
2.609585 	 1.744113e-18 
2.64568 	 5.49076e-20 
2.682137 	 6.245373e-22 
2.718959 	 3.169138e-24 
2.756148 	 2.980022e-27 
2.79371 	 6.920869e-31 
2.831647 	 3.939636e-35 
2.869963 	 7.98205e-41 
2.908663 	 5.163773e-47 
2.947749 	 1.894233e-55 
2.987227 	 4.11469e-64 
3.027099 	 1.449589e-75 
3.06737 	 6.527532e-88 
3.108044 	 6.878608e-104 
3.149124 	 4.511289e-118 
3.190616 	 3.549009e-131 
3.232522 	 2.312378e-149 
3.274847 	 8.379629e-159 
3.317595 	 5.605751e-173 
3.360771 	 1.930182e-178 
3.404379 	 1.642029e-185 
3.448423 	 1.571538e-190 
3.492907 	 5.928865e-194 
3.537836 	 7.285273e-199 
3.583215 	 8.285483e-202 
3.629047 	 3.113854e-205 
3.675337 	 2.692301e-208 
3.722091 	 7.408441e-211 
3.769311 	 6.681657e-214 
3.817005 	 3.314089e-216 
3.865175 	 5.721031e-219 
3.913826 	 5.029071e-221 
3.962965 	 4.419445e-223 
4.012594 	 1.303043e-225 
4.06272 	 1.527054e-227 
4.113347 	 8.768597e-230 
4.164481 	 1.749189e-231 
4.216126 	 2.537487e-233 
4.268287 	 8.08907e-235 
4.32097 	 1.921667e-236 
4.37418 	 1.919099e-238 
4.427921 	 1.310798e-240 
4.482201 	 2.382551e-243 
4.537023 	 1.453774e-246 
4.592393 	 3.518344e-250 
4.648317 	 4.058199e-254 
4.7048 	 4.032318e-258 
4.761848 	 8.670313e-262 
4.819466 	 6.720011e-265 
4.877661 	 2.833694e-267 
4.936438 	 8.034343e-269 
4.995802 	 6.186349e-270 
5.05576 	 1.083784e-270 
5.116318 	 6.841576e-273 
5.177481 	 3.590353e-274 
5.239256 	 3.871762e-277 
5.301648 	 3.696476e-279 
5.364665 	 1.120157e-281 
5.428311 	 2.505294e-286 
5.492594 	 2.266442e-290 
5.55752 	 1.634541e-296 
5.623096 	 3.414281e-302 
5.689326 	 7.642291e-310 
5.75622 	 5.17293598708e-317 
5.823782 	 0.0 
5.89202 	 0.0 
5.96094 	 0.0 
