0.01 	 3.284043e-11 
0.0201 	 3.607236e-11 
0.030301 	 2.329276e-11 
0.040604 	 1.21449e-11 
0.05101 	 6.416732e-12 
0.06152 	 4.037562e-12 
0.072135 	 3.880382e-12 
0.082857 	 5.511683e-12 
0.093685 	 8.348936e-12 
0.104622 	 1.08549e-11 
0.115668 	 1.897381e-11 
0.126825 	 2.736888e-11 
0.138093 	 3.821807e-11 
0.149474 	 5.148944e-11 
0.160969 	 6.15279e-11 
0.172579 	 7.003449e-11 
0.184304 	 8.093721e-11 
0.196147 	 9.494048e-11 
0.208109 	 1.065204e-10 
0.22019 	 1.363367e-10 
0.232392 	 1.944123e-10 
0.244716 	 2.850089e-10 
0.257163 	 4.357232e-10 
0.269735 	 6.226256e-10 
0.282432 	 7.321756e-10 
0.295256 	 7.19073e-10 
0.308209 	 6.692473e-10 
0.321291 	 6.674343e-10 
0.334504 	 8.451518e-10 
0.347849 	 1.357138e-09 
0.361327 	 2.657029e-09 
0.374941 	 6.582646e-09 
0.38869 	 2.208845e-08 
0.402577 	 9.547236e-08 
0.416603 	 4.925858e-07 
0.430769 	 2.146967e-06 
0.445076 	 6.248358e-06 
0.459527 	 1.341405e-05 
0.474123 	 2.418958e-05 
0.488864 	 4.20164e-05 
0.503752 	 7.433659e-05 
0.51879 	 0.0001281593 
0.533978 	 0.0001772549 
0.549318 	 0.0001921611 
0.564811 	 0.0002737359 
0.580459 	 0.00052059 
0.596263 	 0.001056374 
0.612226 	 0.002275842 
0.628348 	 0.005538866 
0.644632 	 0.01511334 
0.661078 	 0.04139684 
0.677689 	 0.1066625 
0.694466 	 0.2309519 
0.71141 	 0.4044274 
0.728525 	 0.6350076 
0.74581 	 1.004475 
0.763268 	 1.513514 
0.780901 	 2.13837 
0.79871 	 2.874064 
0.816697 	 3.620895 
0.834864 	 4.283544 
0.853212 	 5.272108 
0.871744 	 6.584118 
0.890462 	 6.733849 
0.909366 	 5.928512 
0.92846 	 4.69899 
0.947745 	 3.318677 
0.967222 	 2.09422 
0.986894 	 1.182542 
1.006763 	 0.588359 
1.026831 	 0.2617519 
1.047099 	 0.1054049 
1.06757 	 0.03944249 
1.088246 	 0.01384332 
1.109128 	 0.004439871 
1.13022 	 0.001170534 
1.151522 	 0.0002882958 
1.173037 	 8.382819e-05 
1.194768 	 2.466894e-05 
1.216715 	 7.31633e-06 
1.238882 	 2.268394e-06 
1.261271 	 6.549586e-07 
1.283884 	 1.640916e-07 
1.306723 	 4.073436e-08 
1.32979 	 1.050426e-08 
1.353088 	 2.908744e-09 
1.376619 	 9.020706e-10 
1.400385 	 2.599622e-10 
1.424389 	 6.609664e-11 
1.448633 	 1.739337e-11 
1.473119 	 4.159295e-12 
1.49785 	 1.00786e-12 
1.522829 	 3.027877e-13 
1.548057 	 9.12605e-14 
1.573538 	 3.710648e-14 
1.599273 	 1.537493e-14 
1.625266 	 4.085874e-15 
1.651518 	 1.131123e-15 
1.678033 	 4.001181e-16 
1.704814 	 1.420328e-16 
1.731862 	 5.095355e-17 
1.759181 	 2.144696e-17 
1.786772 	 7.022626e-18 
1.81464 	 1.572045e-18 
1.842787 	 4.739584e-19 
1.871214 	 2.050063e-19 
1.899927 	 8.823387e-20 
1.928926 	 4.383401e-20 
1.958215 	 2.429246e-20 
1.987797 	 1.028582e-20 
2.017675 	 4.634712e-21 
2.047852 	 2.391143e-21 
2.07833 	 9.201132e-22 
2.109114 	 3.026754e-22 
2.140205 	 1.119548e-22 
2.171607 	 3.765126e-23 
2.203323 	 1.230603e-23 
2.235356 	 4.995367e-24 
2.26771 	 2.774217e-24 
2.300387 	 2.256407e-24 
2.333391 	 2.459905e-24 
2.366725 	 4.298539e-24 
2.400392 	 7.283088e-24 
2.434396 	 7.987684e-24 
2.46874 	 5.994187e-24 
2.503427 	 3.98499e-24 
2.538461 	 3.205582e-24 
2.573846 	 1.855367e-24 
2.609585 	 5.889782e-25 
2.64568 	 1.265034e-25 
2.682137 	 7.861945e-27 
2.718959 	 1.787798e-28 
2.756148 	 5.603564e-31 
2.79371 	 1.571046e-34 
2.831647 	 7.524587e-39 
2.869963 	 3.283231e-45 
2.908663 	 1.434694e-52 
2.947749 	 6.147772e-64 
2.987227 	 5.452086e-76 
3.027099 	 9.460826e-93 
3.06737 	 2.808062e-111 
3.108044 	 1.309316e-135 
3.149124 	 1.300264e-157 
3.190616 	 6.429088e-178 
3.232522 	 3.794161e-207 
3.274847 	 4.371063e-222 
3.317595 	 1.185134e-245 
3.360771 	 4.066412e-254 
3.404379 	 2.068906e-266 
3.448423 	 1.538537e-273 
3.492907 	 2.16198e-279 
3.537836 	 1.152937e-286 
3.583215 	 4.173981e-291 
3.629047 	 5.071593e-297 
3.675337 	 5.699645e-302 
3.722091 	 2.962629e-306 
3.769311 	 2.419242e-311 
3.817005 	 3.75831500179e-315 
3.865175 	 7.64863026327e-320 
3.913826 	 3.45845952089e-323 
3.962965 	 0.0 
4.012594 	 0.0 
4.06272 	 0.0 
4.113347 	 0.0 
4.164481 	 0.0 
4.216126 	 0.0 
4.268287 	 0.0 
4.32097 	 0.0 
4.37418 	 0.0 
4.427921 	 0.0 
4.482201 	 0.0 
4.537023 	 0.0 
4.592393 	 0.0 
4.648317 	 0.0 
4.7048 	 0.0 
4.761848 	 0.0 
4.819466 	 0.0 
4.877661 	 0.0 
4.936438 	 0.0 
4.995802 	 0.0 
5.05576 	 0.0 
5.116318 	 0.0 
5.177481 	 0.0 
5.239256 	 0.0 
5.301648 	 0.0 
5.364665 	 0.0 
5.428311 	 0.0 
5.492594 	 0.0 
5.55752 	 0.0 
5.623096 	 0.0 
5.689326 	 0.0 
5.75622 	 0.0 
5.823782 	 0.0 
5.89202 	 0.0 
5.96094 	 0.0 
