0.01 	 2.318465e-08 
0.0201 	 3.703428e-08 
0.030301 	 3.746748e-08 
0.040604 	 3.264287e-08 
0.05101 	 2.790347e-08 
0.06152 	 2.832761e-08 
0.072135 	 3.605257e-08 
0.082857 	 5.826176e-08 
0.093685 	 1.026819e-07 
0.104622 	 1.791045e-07 
0.115668 	 3.703594e-07 
0.126825 	 6.670568e-07 
0.138093 	 1.17198e-06 
0.149474 	 1.983657e-06 
0.160969 	 3.050625e-06 
0.172579 	 4.448357e-06 
0.184304 	 6.043152e-06 
0.196147 	 7.77241e-06 
0.208109 	 9.826605e-06 
0.22019 	 1.327097e-05 
0.232392 	 1.89972e-05 
0.244716 	 2.75912e-05 
0.257163 	 4.127176e-05 
0.269735 	 5.987793e-05 
0.282432 	 7.862219e-05 
0.295256 	 9.557998e-05 
0.308209 	 0.0001134669 
0.321291 	 0.0001414673 
0.334504 	 0.0001959415 
0.347849 	 0.0002817199 
0.361327 	 0.0004106835 
0.374941 	 0.0006541903 
0.38869 	 0.00117063 
0.402577 	 0.002336652 
0.416603 	 0.005008891 
0.430769 	 0.010049 
0.445076 	 0.0180548 
0.459527 	 0.02938355 
0.474123 	 0.04574588 
0.488864 	 0.07136112 
0.503752 	 0.1120749 
0.51879 	 0.1720209 
0.533978 	 0.2374053 
0.549318 	 0.2931969 
0.564811 	 0.3757902 
0.580459 	 0.5062888 
0.596263 	 0.6876299 
0.612226 	 0.960796 
0.628348 	 1.426104 
0.644632 	 2.13459 
0.661078 	 2.983645 
0.677689 	 3.782414 
0.694466 	 4.635096 
0.71141 	 5.244109 
0.728525 	 5.543534 
0.74581 	 5.561297 
0.763268 	 5.248201 
0.780901 	 4.587354 
0.79871 	 3.704982 
0.816697 	 2.873924 
0.834864 	 2.219881 
0.853212 	 1.662046 
0.871744 	 1.156432 
0.890462 	 0.746738 
0.909366 	 0.4392917 
0.92846 	 0.2330927 
0.947745 	 0.1109198 
0.967222 	 0.04759575 
0.986894 	 0.01792852 
1.006763 	 0.005780657 
1.026831 	 0.001618393 
1.047099 	 0.0004084049 
1.06757 	 0.000103248 
1.088246 	 2.711426e-05 
1.109128 	 7.269277e-06 
1.13022 	 2.012262e-06 
1.151522 	 6.23273e-07 
1.173037 	 1.974343e-07 
1.194768 	 5.40022e-08 
1.216715 	 1.359554e-08 
1.238882 	 3.816859e-09 
1.261271 	 1.1763e-09 
1.283884 	 3.938899e-10 
1.306723 	 1.421062e-10 
1.32979 	 4.822417e-11 
1.353088 	 1.577032e-11 
1.376619 	 5.152131e-12 
1.400385 	 1.409708e-12 
1.424389 	 3.252966e-13 
1.448633 	 6.931453e-14 
1.473119 	 1.153474e-14 
1.49785 	 1.693717e-15 
1.522829 	 2.541276e-16 
1.548057 	 2.966582e-17 
1.573538 	 3.020443e-18 
1.599273 	 3.170136e-19 
1.625266 	 2.686036e-20 
1.651518 	 2.123522e-21 
1.678033 	 1.983574e-22 
1.704814 	 2.023598e-23 
1.731862 	 2.278052e-24 
1.759181 	 3.269718e-25 
1.786772 	 5.367301e-26 
1.81464 	 9.845549e-27 
1.842787 	 2.541693e-27 
1.871214 	 1.05623e-27 
1.899927 	 5.09568e-28 
1.928926 	 3.514232e-28 
1.958215 	 3.19476e-28 
1.987797 	 2.539259e-28 
2.017675 	 1.829121e-28 
2.047852 	 1.353067e-28 
2.07833 	 7.63405e-29 
2.109114 	 3.74764e-29 
2.140205 	 1.727658e-29 
2.171607 	 6.573792e-30 
2.203323 	 2.548556e-30 
2.235356 	 1.209186e-30 
2.26771 	 5.347499e-31 
2.300387 	 2.046154e-31 
2.333391 	 9.087163e-32 
2.366725 	 4.462512e-32 
2.400392 	 2.391603e-32 
2.434396 	 1.314936e-32 
2.46874 	 5.832403e-33 
2.503427 	 2.724284e-33 
2.538461 	 1.941736e-33 
2.573846 	 1.794529e-33 
2.609585 	 1.302797e-33 
2.64568 	 1.335206e-33 
2.682137 	 8.866676e-34 
2.718959 	 4.55951e-34 
2.756148 	 1.382811e-34 
2.79371 	 1.158537e-35 
2.831647 	 3.899277e-37 
2.869963 	 8.878348e-40 
2.908663 	 2.458653e-43 
2.947749 	 2.826767e-49 
2.987227 	 1.304375e-56 
3.027099 	 4.253583e-67 
3.06737 	 1.625667e-80 
3.108044 	 1.159225e-99 
3.149124 	 2.417931e-117 
3.190616 	 3.388051e-135 
3.232522 	 1.332871e-161 
3.274847 	 2.631891e-175 
3.317595 	 6.441657e-197 
3.360771 	 4.161562e-204 
3.404379 	 9.455412e-215 
3.448423 	 6.345758e-220 
3.492907 	 1.039297e-223 
3.537836 	 2.761257e-229 
3.583215 	 7.642526e-233 
3.629047 	 2.024479e-237 
3.675337 	 1.936889e-241 
3.722091 	 2.397939e-245 
3.769311 	 8.319361e-250 
3.817005 	 1.389028e-253 
3.865175 	 5.879297e-258 
3.913826 	 1.952729e-261 
3.962965 	 6.299885e-265 
4.012594 	 5.684166e-269 
4.06272 	 4.404378e-272 
4.113347 	 2.176691e-275 
4.164481 	 2.026494e-277 
4.216126 	 2.867584e-279 
4.268287 	 4.714222e-280 
4.32097 	 1.534241e-280 
4.37418 	 2.507024e-281 
4.427921 	 4.194818e-282 
4.482201 	 1.083406e-283 
4.537023 	 3.939872e-286 
4.592393 	 2.244387e-289 
4.648317 	 1.224511e-293 
4.7048 	 1.291347e-298 
4.761848 	 5.690312e-304 
4.819466 	 3.548242e-309 
4.877661 	 6.51679299982e-314 
4.936438 	 5.76617098342e-318 
4.995802 	 1.42784971648e-321 
5.05576 	 0.0 
5.116318 	 0.0 
5.177481 	 0.0 
5.239256 	 0.0 
5.301648 	 0.0 
5.364665 	 0.0 
5.428311 	 0.0 
5.492594 	 0.0 
5.55752 	 0.0 
5.623096 	 0.0 
5.689326 	 0.0 
5.75622 	 0.0 
5.823782 	 0.0 
5.89202 	 0.0 
5.96094 	 0.0 
