0.01 	 1.888469e-07 
0.0201 	 5.429264e-07 
0.030301 	 9.485576e-07 
0.040604 	 1.399727e-06 
0.05101 	 1.936441e-06 
0.06152 	 2.793318e-06 
0.072135 	 4.686697e-06 
0.082857 	 8.818757e-06 
0.093685 	 1.71919e-05 
0.104622 	 3.255788e-05 
0.115668 	 6.517675e-05 
0.126825 	 0.0001139843 
0.138093 	 0.0001857569 
0.149474 	 0.0002811447 
0.160969 	 0.0003887805 
0.172579 	 0.0005086235 
0.184304 	 0.000628196 
0.196147 	 0.0007210612 
0.208109 	 0.0007639805 
0.22019 	 0.0008147107 
0.232392 	 0.0009130375 
0.244716 	 0.001028323 
0.257163 	 0.001165106 
0.269735 	 0.001270431 
0.282432 	 0.001288072 
0.295256 	 0.001277615 
0.308209 	 0.0012727 
0.321291 	 0.001353461 
0.334504 	 0.001608545 
0.347849 	 0.002074378 
0.361327 	 0.002844089 
0.374941 	 0.004307559 
0.38869 	 0.007311525 
0.402577 	 0.014351 
0.416603 	 0.02977272 
0.430769 	 0.06002181 
0.445076 	 0.1091597 
0.459527 	 0.1833022 
0.474123 	 0.2941815 
0.488864 	 0.4553661 
0.503752 	 0.6809526 
0.51879 	 0.9785081 
0.533978 	 1.285827 
0.549318 	 1.571733 
0.564811 	 1.93017 
0.580459 	 2.536182 
0.596263 	 3.245937 
0.612226 	 4.061893 
0.628348 	 4.958842 
0.644632 	 5.800317 
0.661078 	 6.327563 
0.677689 	 6.312633 
0.694466 	 5.690354 
0.71141 	 4.68377 
0.728525 	 3.524352 
0.74581 	 2.416608 
0.763268 	 1.519122 
0.780901 	 0.905002 
0.79871 	 0.5245414 
0.816697 	 0.2988637 
0.834864 	 0.1639386 
0.853212 	 0.08670275 
0.871744 	 0.04593019 
0.890462 	 0.02377738 
0.909366 	 0.01185703 
0.92846 	 0.005546545 
0.947745 	 0.002285419 
0.967222 	 0.0008325796 
0.986894 	 0.000268842 
1.006763 	 7.134737e-05 
1.026831 	 1.614342e-05 
1.047099 	 3.291043e-06 
1.06757 	 6.592278e-07 
1.088246 	 1.356621e-07 
1.109128 	 2.942726e-08 
1.13022 	 6.005949e-09 
1.151522 	 1.343169e-09 
1.173037 	 3.615837e-10 
1.194768 	 1.0423e-10 
1.216715 	 3.095886e-11 
1.238882 	 1.030271e-11 
1.261271 	 3.520698e-12 
1.283884 	 1.163763e-12 
1.306723 	 3.915322e-13 
1.32979 	 1.125112e-13 
1.353088 	 2.789532e-14 
1.376619 	 6.807883e-15 
1.400385 	 1.476542e-15 
1.424389 	 2.790392e-16 
1.448633 	 5.221346e-17 
1.473119 	 8.387746e-18 
1.49785 	 1.353489e-18 
1.522829 	 2.74377e-19 
1.548057 	 5.135405e-20 
1.573538 	 9.21997e-21 
1.599273 	 1.86562e-21 
1.625266 	 3.311446e-22 
1.651518 	 6.235939e-23 
1.678033 	 1.505586e-23 
1.704814 	 3.269698e-24 
1.731862 	 7.285005e-25 
1.759181 	 2.171852e-25 
1.786772 	 7.631159e-26 
1.81464 	 2.346321e-26 
1.842787 	 6.889588e-27 
1.871214 	 2.202051e-27 
1.899927 	 6.521447e-28 
1.928926 	 2.322727e-28 
1.958215 	 8.418131e-29 
1.987797 	 2.082038e-29 
2.017675 	 5.924202e-30 
2.047852 	 2.005304e-30 
2.07833 	 4.73102e-31 
2.109114 	 9.521642e-32 
2.140205 	 2.062861e-32 
2.171607 	 3.639067e-33 
2.203323 	 7.761355e-34 
2.235356 	 2.436227e-34 
2.26771 	 6.833248e-35 
2.300387 	 1.771666e-35 
2.333391 	 5.164954e-36 
2.366725 	 1.513571e-36 
2.400392 	 5.174754e-37 
2.434396 	 1.814139e-37 
2.46874 	 3.85442e-38 
2.503427 	 9.186189e-39 
2.538461 	 4.559683e-39 
2.573846 	 2.52771e-39 
2.609585 	 1.417979e-39 
2.64568 	 1.183101e-39 
2.682137 	 8.50534e-40 
2.718959 	 5.41956e-40 
2.756148 	 3.13879e-40 
2.79371 	 6.855901e-41 
2.831647 	 7.05214e-42 
2.869963 	 7.639384e-44 
2.908663 	 1.317954e-46 
2.947749 	 5.059611e-52 
2.987227 	 1.798588e-59 
3.027099 	 6.044105e-71 
3.06737 	 2.410517e-87 
3.108044 	 6.524679e-112 
3.149124 	 1.111563e-136 
3.190616 	 6.250224e-163 
3.232522 	 4.371188e-203 
3.274847 	 7.846858e-225 
3.317595 	 1.391366e-259 
3.360771 	 5.978206e-271 
3.404379 	 5.702923e-289 
3.448423 	 6.704959e-296 
3.492907 	 8.517542e-302 
3.537836 	 2.342305e-309 
3.583215 	 5.95046599986e-314 
3.629047 	 5.12840140383e-321 
3.675337 	 0.0 
3.722091 	 0.0 
3.769311 	 0.0 
3.817005 	 0.0 
3.865175 	 0.0 
3.913826 	 0.0 
3.962965 	 0.0 
4.012594 	 0.0 
4.06272 	 0.0 
4.113347 	 0.0 
4.164481 	 0.0 
4.216126 	 0.0 
4.268287 	 0.0 
4.32097 	 0.0 
4.37418 	 0.0 
4.427921 	 0.0 
4.482201 	 0.0 
4.537023 	 0.0 
4.592393 	 0.0 
4.648317 	 0.0 
4.7048 	 0.0 
4.761848 	 0.0 
4.819466 	 0.0 
4.877661 	 0.0 
4.936438 	 0.0 
4.995802 	 0.0 
5.05576 	 0.0 
5.116318 	 0.0 
5.177481 	 0.0 
5.239256 	 0.0 
5.301648 	 0.0 
5.364665 	 0.0 
5.428311 	 0.0 
5.492594 	 0.0 
5.55752 	 0.0 
5.623096 	 0.0 
5.689326 	 0.0 
5.75622 	 0.0 
5.823782 	 0.0 
5.89202 	 0.0 
5.96094 	 0.0 
