0.01 	 5.588282e-18 
0.0201 	 1.405607e-16 
0.030301 	 8.928401e-16 
0.040604 	 2.973667e-15 
0.05101 	 9.919418e-15 
0.06152 	 2.467486e-14 
0.072135 	 4.963012e-14 
0.082857 	 1.016093e-13 
0.093685 	 1.811991e-13 
0.104622 	 2.908084e-13 
0.115668 	 5.227101e-13 
0.126825 	 9.47586e-13 
0.138093 	 1.537757e-12 
0.149474 	 2.738169e-12 
0.160969 	 6.084159e-12 
0.172579 	 1.232268e-11 
0.184304 	 2.152313e-11 
0.196147 	 3.212688e-11 
0.208109 	 3.72672e-11 
0.22019 	 4.440369e-11 
0.232392 	 6.35477e-11 
0.244716 	 9.453362e-11 
0.257163 	 1.611008e-10 
0.269735 	 3.206822e-10 
0.282432 	 7.855789e-10 
0.295256 	 2.429844e-09 
0.308209 	 9.752913e-09 
0.321291 	 4.13261e-08 
0.334504 	 1.781167e-07 
0.347849 	 8.343967e-07 
0.361327 	 2.85241e-06 
0.374941 	 5.420009e-06 
0.38869 	 5.986005e-06 
0.402577 	 4.170518e-06 
0.416603 	 2.149145e-06 
0.430769 	 9.063515e-07 
0.445076 	 3.510278e-07 
0.459527 	 1.27733e-07 
0.474123 	 4.409597e-08 
0.488864 	 1.519685e-08 
0.503752 	 4.903352e-09 
0.51879 	 1.401967e-09 
0.533978 	 3.815987e-10 
0.549318 	 9.325451e-11 
0.564811 	 1.879547e-11 
0.580459 	 3.518931e-12 
0.596263 	 6.87419e-13 
0.612226 	 1.202817e-13 
0.628348 	 1.943013e-14 
0.644632 	 3.006511e-15 
0.661078 	 4.623361e-16 
0.677689 	 6.271079e-17 
0.694466 	 7.831482e-18 
0.71141 	 1.003466e-18 
0.728525 	 1.154678e-19 
0.74581 	 1.312726e-20 
0.763268 	 1.643536e-21 
0.780901 	 2.016697e-22 
0.79871 	 2.74159e-23 
0.816697 	 4.16351e-24 
0.834864 	 5.542989e-25 
0.853212 	 7.563476e-26 
0.871744 	 1.192541e-26 
0.890462 	 1.56743e-27 
0.909366 	 2.154458e-28 
0.92846 	 3.210569e-29 
0.947745 	 4.126431e-30 
0.967222 	 6.065899e-31 
0.986894 	 1.08281e-31 
1.006763 	 1.699038e-32 
1.026831 	 2.710643e-33 
1.047099 	 4.501217e-34 
1.06757 	 6.556294e-35 
1.088246 	 1.024077e-35 
1.109128 	 2.216356e-36 
1.13022 	 4.334168e-37 
1.151522 	 1.013879e-37 
1.173037 	 3.295967e-38 
1.194768 	 1.275382e-38 
1.216715 	 4.224323e-39 
1.238882 	 1.610784e-39 
1.261271 	 7.60937e-40 
1.283884 	 3.372583e-40 
1.306723 	 1.792921e-40 
1.32979 	 1.061332e-40 
1.353088 	 5.589589e-41 
1.376619 	 3.336082e-41 
1.400385 	 2.199147e-41 
1.424389 	 1.289171e-41 
1.448633 	 9.386302e-42 
1.473119 	 7.752308e-42 
1.49785 	 6.59329e-42 
1.522829 	 8.000306e-42 
1.548057 	 1.09963e-41 
1.573538 	 1.522927e-41 
1.599273 	 2.709126e-41 
1.625266 	 5.30565e-41 
1.651518 	 1.131994e-40 
1.678033 	 3.298857e-40 
1.704814 	 9.863639e-40 
1.731862 	 2.980554e-39 
1.759181 	 1.139693e-38 
1.786772 	 6.371722e-38 
1.81464 	 3.471505e-37 
1.842787 	 1.931903e-36 
1.871214 	 1.155617e-35 
1.899927 	 7.841608e-35 
1.928926 	 7.117165e-34 
1.958215 	 9.554904e-33 
1.987797 	 1.538395e-31 
2.017675 	 3.193206e-30 
2.047852 	 8.7231e-29 
2.07833 	 2.613975e-27 
2.109114 	 9.792313e-26 
2.140205 	 3.47562e-24 
2.171607 	 9.778433e-23 
2.203323 	 2.612646e-21 
2.235356 	 3.660118e-20 
2.26771 	 3.743571e-19 
2.300387 	 2.586674e-18 
2.333391 	 1.714311e-17 
2.366725 	 7.37846e-17 
2.400392 	 3.117397e-16 
2.434396 	 1.107429e-15 
2.46874 	 2.204018e-15 
2.503427 	 3.358725e-15 
2.538461 	 6.082532e-15 
2.573846 	 1.179803e-14 
2.609585 	 2.418878e-14 
2.64568 	 5.537539e-14 
2.682137 	 1.458726e-13 
2.718959 	 5.277051e-13 
2.756148 	 2.822854e-12 
2.79371 	 1.942761e-11 
2.831647 	 1.426023e-10 
2.869963 	 9.225149e-10 
2.908663 	 5.933034e-09 
2.947749 	 4.409505e-08 
2.987227 	 4.562915e-07 
3.027099 	 6.656083e-06 
3.06737 	 0.0001256671 
3.108044 	 0.01000264 
3.149124 	 0.2083835 
3.190616 	 3.207125 
3.232522 	 16.25416 
3.274847 	 4.059862 
3.317595 	 1.247179e-05 
3.360771 	 1.701027e-08 
3.404379 	 2.536816e-13 
3.448423 	 5.107682e-14 
3.492907 	 1.866481e-14 
3.537836 	 6.37151e-15 
3.583215 	 6.31383e-15 
3.629047 	 6.050922e-15 
3.675337 	 6.01315e-15 
3.722091 	 5.904886e-15 
3.769311 	 5.562325e-15 
3.817005 	 5.051133e-15 
3.865175 	 4.343776e-15 
3.913826 	 3.408501e-15 
3.962965 	 2.389285e-15 
4.012594 	 1.393536e-15 
4.06272 	 6.260505e-16 
4.113347 	 2.02554e-16 
4.164481 	 4.230749e-17 
4.216126 	 5.308404e-18 
4.268287 	 3.817988e-19 
4.32097 	 1.362654e-20 
4.37418 	 2.09804e-22 
4.427921 	 1.422826e-24 
4.482201 	 3.803299e-27 
4.537023 	 3.585472e-30 
4.592393 	 1.581774e-33 
4.648317 	 3.653451e-37 
4.7048 	 5.170508e-41 
4.761848 	 9.257275e-45 
4.819466 	 2.949575e-48 
4.877661 	 2.066449e-51 
4.936438 	 4.873399e-54 
4.995802 	 2.901558e-56 
5.05576 	 2.934329e-58 
5.116318 	 1.323325e-61 
5.177481 	 4.972273e-64 
5.239256 	 6.605024e-68 
5.301648 	 6.493417e-71 
5.364665 	 3.298841e-74 
5.428311 	 5.915951e-79 
5.492594 	 9.170828e-83 
5.55752 	 6.468726e-88 
5.623096 	 2.950035e-92 
5.689326 	 1.018757e-97 
5.75622 	 2.297413e-102 
5.823782 	 3.660614e-107 
5.89202 	 1.285711e-112 
5.96094 	 7.270836e-117 
