0.01 	 9.361613e-15 
0.0201 	 7.562348e-15 
0.030301 	 3.705748e-15 
0.040604 	 1.47452e-15 
0.05101 	 6.50212e-16 
0.06152 	 3.671511e-16 
0.072135 	 3.307562e-16 
0.082857 	 4.891471e-16 
0.093685 	 8.368341e-16 
0.104622 	 1.239401e-15 
0.115668 	 2.479804e-15 
0.126825 	 4.139899e-15 
0.138093 	 6.677544e-15 
0.149474 	 1.064149e-14 
0.160969 	 1.55375e-14 
0.172579 	 2.12508e-14 
0.184304 	 2.922379e-14 
0.196147 	 3.862152e-14 
0.208109 	 4.840774e-14 
0.22019 	 6.540004e-14 
0.232392 	 9.354544e-14 
0.244716 	 1.324906e-13 
0.257163 	 1.931213e-13 
0.269735 	 2.727202e-13 
0.282432 	 3.326034e-13 
0.295256 	 3.599226e-13 
0.308209 	 3.731108e-13 
0.321291 	 4.065198e-13 
0.334504 	 6.264954e-13 
0.347849 	 1.214445e-12 
0.361327 	 2.868829e-12 
0.374941 	 8.392433e-12 
0.38869 	 3.301177e-11 
0.402577 	 1.699904e-10 
0.416603 	 1.112911e-09 
0.430769 	 6.718296e-09 
0.445076 	 2.883339e-08 
0.459527 	 9.715145e-08 
0.474123 	 2.932494e-07 
0.488864 	 8.35096e-07 
0.503752 	 2.397119e-06 
0.51879 	 6.577509e-06 
0.533978 	 1.516949e-05 
0.549318 	 2.986579e-05 
0.564811 	 6.247719e-05 
0.580459 	 0.0001321059 
0.596263 	 0.00025642 
0.612226 	 0.0004766306 
0.628348 	 0.0009634974 
0.644632 	 0.002189693 
0.661078 	 0.0054355 
0.677689 	 0.01422332 
0.694466 	 0.03522861 
0.71141 	 0.07917622 
0.728525 	 0.1619709 
0.74581 	 0.3104327 
0.763268 	 0.5566733 
0.780901 	 0.9256781 
0.79871 	 1.425414 
0.816697 	 1.994958 
0.834864 	 2.550101 
0.853212 	 3.299368 
0.871744 	 4.339823 
0.890462 	 5.039417 
0.909366 	 5.404843 
0.92846 	 5.506663 
0.947745 	 5.100673 
0.967222 	 4.595294 
0.986894 	 3.830136 
1.006763 	 2.882678 
1.026831 	 1.934269 
1.047099 	 1.162205 
1.06757 	 0.6382862 
1.088246 	 0.3253925 
1.109128 	 0.1534038 
1.13022 	 0.06602799 
1.151522 	 0.02794092 
1.173037 	 0.01239346 
1.194768 	 0.005339602 
1.216715 	 0.002214023 
1.238882 	 0.0009349174 
1.261271 	 0.0003887397 
1.283884 	 0.0001557515 
1.306723 	 6.27581e-05 
1.32979 	 2.407257e-05 
1.353088 	 8.785325e-06 
1.376619 	 3.2659e-06 
1.400385 	 1.175722e-06 
1.424389 	 3.858228e-07 
1.448633 	 1.220651e-07 
1.473119 	 3.596825e-08 
1.49785 	 1.077749e-08 
1.522829 	 3.648664e-09 
1.548057 	 1.196444e-09 
1.573538 	 4.130044e-10 
1.599273 	 1.529716e-10 
1.625266 	 5.010038e-11 
1.651518 	 1.708231e-11 
1.678033 	 6.739746e-12 
1.704814 	 2.431178e-12 
1.731862 	 8.452471e-13 
1.759181 	 3.432019e-13 
1.786772 	 1.399776e-13 
1.81464 	 4.739701e-14 
1.842787 	 1.450172e-14 
1.871214 	 4.359897e-15 
1.899927 	 1.168609e-15 
1.928926 	 3.099216e-16 
1.958215 	 6.93728e-17 
1.987797 	 1.076999e-17 
2.017675 	 1.728604e-18 
2.047852 	 2.893576e-19 
2.07833 	 3.75728e-20 
2.109114 	 4.257695e-21 
2.140205 	 5.775386e-22 
2.171607 	 8.404881e-23 
2.203323 	 1.61446e-23 
2.235356 	 5.66973e-24 
2.26771 	 2.415757e-24 
2.300387 	 1.181129e-24 
2.333391 	 6.731614e-25 
2.366725 	 4.481375e-25 
2.400392 	 3.408049e-25 
2.434396 	 1.329828e-25 
2.46874 	 2.738827e-26 
2.503427 	 4.561484e-27 
2.538461 	 9.344069e-28 
2.573846 	 1.64988e-28 
2.609585 	 1.392532e-29 
2.64568 	 9.283659e-31 
2.682137 	 1.940483e-32 
2.718959 	 2.693649e-34 
2.756148 	 9.688898e-37 
2.79371 	 6.019369e-40 
2.831647 	 9.452169e-44 
2.869963 	 5.169054e-49 
2.908663 	 6.012512e-55 
2.947749 	 1.704408e-63 
2.987227 	 1.653304e-72 
3.027099 	 9.762956e-85 
3.06737 	 1.534898e-98 
3.108044 	 6.607155e-117 
3.149124 	 3.984069e-133 
3.190616 	 2.22808e-148 
3.232522 	 7.300963e-170 
3.274847 	 1.274431e-180 
3.317595 	 3.805122e-197 
3.360771 	 6.508142e-203 
3.404379 	 8.370162e-211 
3.448423 	 1.246765e-215 
3.492907 	 8.205613e-219 
3.537836 	 3.549044e-223 
3.583215 	 1.527058e-225 
3.629047 	 1.206876e-228 
3.675337 	 6.177293e-231 
3.722091 	 5.905177e-233 
3.769311 	 3.287879e-235 
3.817005 	 7.014684e-237 
3.865175 	 7.989254e-239 
3.913826 	 3.344434e-240 
3.962965 	 1.539328e-241 
4.012594 	 4.261485e-243 
4.06272 	 3.283479e-244 
4.113347 	 2.303859e-245 
4.164481 	 5.892911e-246 
4.216126 	 2.010353e-246 
4.268287 	 1.934571e-246 
4.32097 	 2.118737e-246 
4.37418 	 1.382119e-246 
4.427921 	 5.850261e-247 
4.482201 	 6.106677e-248 
4.537023 	 1.366555e-249 
4.592393 	 6.088551e-252 
4.648317 	 4.430891e-255 
4.7048 	 9.144924e-259 
4.761848 	 1.137432e-262 
4.819466 	 2.218457e-266 
4.877661 	 1.724029e-269 
4.936438 	 7.254863e-272 
4.995802 	 6.630706e-274 
5.05576 	 9.901746e-276 
5.116318 	 5.761044e-279 
5.177481 	 1.279629e-281 
5.239256 	 5.922334e-286 
5.301648 	 1.615467e-289 
5.364665 	 1.174249e-293 
5.428311 	 5.291283e-300 
5.492594 	 8.136867e-306 
5.55752 	 8.12028899997e-314 
5.623096 	 2.6136072665e-321 
5.689326 	 0.0 
5.75622 	 0.0 
5.823782 	 0.0 
5.89202 	 0.0 
5.96094 	 0.0 
