0.01 	 2.479084e-06 
0.0201 	 4.312621e-06 
0.030301 	 5.09884e-06 
0.040604 	 5.252172e-06 
0.05101 	 5.159797e-06 
0.06152 	 5.11031e-06 
0.072135 	 5.958241e-06 
0.082857 	 8.150991e-06 
0.093685 	 1.189318e-05 
0.104622 	 1.858484e-05 
0.115668 	 4.006886e-05 
0.126825 	 7.695498e-05 
0.138093 	 0.0001484531 
0.149474 	 0.0002872283 
0.160969 	 0.0005470365 
0.172579 	 0.001208336 
0.184304 	 0.002819596 
0.196147 	 0.005163621 
0.208109 	 0.008094311 
0.22019 	 0.01357751 
0.232392 	 0.02553514 
0.244716 	 0.05176136 
0.257163 	 0.1166588 
0.269735 	 0.246838 
0.282432 	 0.3931443 
0.295256 	 0.4538179 
0.308209 	 0.4181626 
0.321291 	 0.3901333 
0.334504 	 0.3889415 
0.347849 	 0.3554513 
0.361327 	 0.2716406 
0.374941 	 0.1954334 
0.38869 	 0.1691151 
0.402577 	 0.2019423 
0.416603 	 0.2796018 
0.430769 	 0.3243789 
0.445076 	 0.2867554 
0.459527 	 0.2246665 
0.474123 	 0.1634771 
0.488864 	 0.1114564 
0.503752 	 0.08348645 
0.51879 	 0.061954 
0.533978 	 0.0314083 
0.549318 	 0.01000809 
0.564811 	 0.004331715 
0.580459 	 0.003286407 
0.596263 	 0.004102829 
0.612226 	 0.009054956 
0.628348 	 0.04151145 
0.644632 	 0.235888 
0.661078 	 0.9289679 
0.677689 	 2.830664 
0.694466 	 6.417317 
0.71141 	 10.0047 
0.728525 	 11.27403 
0.74581 	 10.12991 
0.763268 	 7.365233 
0.780901 	 3.462605 
0.79871 	 0.8991447 
0.816697 	 0.2009387 
0.834864 	 0.06610012 
0.853212 	 0.02909658 
0.871744 	 0.01296819 
0.890462 	 0.005331483 
0.909366 	 0.002097003 
0.92846 	 0.0008051076 
0.947745 	 0.0002996582 
0.967222 	 0.0001079512 
0.986894 	 4.050513e-05 
1.006763 	 1.567513e-05 
1.026831 	 5.513116e-06 
1.047099 	 1.651715e-06 
1.06757 	 4.578864e-07 
1.088246 	 1.42217e-07 
1.109128 	 7.118678e-08 
1.13022 	 8.345623e-08 
1.151522 	 1.3592e-07 
1.173037 	 1.701205e-07 
1.194768 	 1.473466e-07 
1.216715 	 1.051593e-07 
1.238882 	 6.130506e-08 
1.261271 	 2.795237e-08 
1.283884 	 9.821785e-09 
1.306723 	 3.312361e-09 
1.32979 	 1.264154e-09 
1.353088 	 5.794888e-10 
1.376619 	 3.093456e-10 
1.400385 	 1.407513e-10 
1.424389 	 6.103391e-11 
1.448633 	 3.900661e-11 
1.473119 	 3.11833e-11 
1.49785 	 2.75716e-11 
1.522829 	 2.881966e-11 
1.548057 	 2.764966e-11 
1.573538 	 3.440509e-11 
1.599273 	 3.966908e-11 
1.625266 	 2.873597e-11 
1.651518 	 2.10572e-11 
1.678033 	 1.920543e-11 
1.704814 	 1.704358e-11 
1.731862 	 1.386061e-11 
1.759181 	 1.220808e-11 
1.786772 	 7.542145e-12 
1.81464 	 2.763729e-12 
1.842787 	 1.520499e-12 
1.871214 	 1.245023e-12 
1.899927 	 1.106303e-12 
1.928926 	 1.791224e-12 
1.958215 	 5.213161e-12 
1.987797 	 1.348658e-11 
2.017675 	 3.227733e-11 
2.047852 	 8.477871e-11 
2.07833 	 1.666213e-10 
2.109114 	 2.677543e-10 
2.140205 	 3.760916e-10 
2.171607 	 4.548558e-10 
2.203323 	 5.770037e-10 
2.235356 	 7.824999e-10 
2.26771 	 1.037461e-09 
2.300387 	 1.352791e-09 
2.333391 	 2.390708e-09 
2.366725 	 8.519552e-09 
2.400392 	 3.036344e-08 
2.434396 	 4.669507e-08 
2.46874 	 5.686409e-08 
2.503427 	 5.998251e-08 
2.538461 	 3.970503e-08 
2.573846 	 1.481203e-08 
2.609585 	 1.375391e-09 
2.64568 	 5.100724e-11 
2.682137 	 2.189116e-13 
2.718959 	 1.622134e-16 
2.756148 	 3.522485e-21 
2.79371 	 3.574549e-27 
2.831647 	 6.393493e-34 
2.869963 	 6.634529e-43 
2.908663 	 2.225392e-52 
2.947749 	 3.179384e-66 
2.987227 	 1.484324e-79 
3.027099 	 4.697871e-98 
3.06737 	 1.077173e-116 
3.108044 	 5.675154e-141 
3.149124 	 1.806177e-162 
3.190616 	 9.280014e-182 
3.232522 	 6.940376e-210 
3.274847 	 2.560629e-224 
3.317595 	 4.631928e-247 
3.360771 	 1.151665e-255 
3.404379 	 2.278473e-268 
3.448423 	 4.468006e-277 
3.492907 	 7.33454e-284 
3.537836 	 4.030908e-292 
3.583215 	 2.240998e-297 
3.629047 	 1.896734e-304 
3.675337 	 8.174204e-311 
3.722091 	 4.63982700121e-316 
3.769311 	 1.2351641146e-322 
3.817005 	 0.0 
3.865175 	 0.0 
3.913826 	 0.0 
3.962965 	 0.0 
4.012594 	 0.0 
4.06272 	 0.0 
4.113347 	 0.0 
4.164481 	 0.0 
4.216126 	 0.0 
4.268287 	 0.0 
4.32097 	 0.0 
4.37418 	 0.0 
4.427921 	 0.0 
4.482201 	 0.0 
4.537023 	 0.0 
4.592393 	 0.0 
4.648317 	 0.0 
4.7048 	 0.0 
4.761848 	 0.0 
4.819466 	 0.0 
4.877661 	 0.0 
4.936438 	 0.0 
4.995802 	 0.0 
5.05576 	 0.0 
5.116318 	 0.0 
5.177481 	 0.0 
5.239256 	 0.0 
5.301648 	 0.0 
5.364665 	 0.0 
5.428311 	 0.0 
5.492594 	 0.0 
5.55752 	 0.0 
5.623096 	 0.0 
5.689326 	 0.0 
5.75622 	 0.0 
5.823782 	 0.0 
5.89202 	 0.0 
5.96094 	 0.0 
