0.01 	 1.234713e-11 
0.0201 	 1.847559e-11 
0.030301 	 1.460236e-11 
0.040604 	 7.653749e-12 
0.05101 	 3.132216e-12 
0.06152 	 1.138519e-12 
0.072135 	 5.215714e-13 
0.082857 	 3.41624e-13 
0.093685 	 2.6188e-13 
0.104622 	 1.830556e-13 
0.115668 	 1.935426e-13 
0.126825 	 1.858962e-13 
0.138093 	 1.770846e-13 
0.149474 	 1.708289e-13 
0.160969 	 1.53504e-13 
0.172579 	 1.363225e-13 
0.184304 	 1.277334e-13 
0.196147 	 1.199714e-13 
0.208109 	 1.140098e-13 
0.22019 	 1.192434e-13 
0.232392 	 1.249881e-13 
0.244716 	 1.360355e-13 
0.257163 	 1.790587e-13 
0.269735 	 2.637451e-13 
0.282432 	 4.438064e-13 
0.295256 	 9.226629e-13 
0.308209 	 1.963092e-12 
0.321291 	 3.071401e-12 
0.334504 	 4.416582e-12 
0.347849 	 7.53008e-12 
0.361327 	 1.496495e-11 
0.374941 	 2.953216e-11 
0.38869 	 5.445562e-11 
0.402577 	 9.380377e-11 
0.416603 	 1.723386e-10 
0.430769 	 3.229815e-10 
0.445076 	 5.157574e-10 
0.459527 	 7.923149e-10 
0.474123 	 1.224736e-09 
0.488864 	 1.767599e-09 
0.503752 	 2.66234e-09 
0.51879 	 4.080898e-09 
0.533978 	 5.37147e-09 
0.549318 	 6.000938e-09 
0.564811 	 7.233874e-09 
0.580459 	 9.810639e-09 
0.596263 	 1.400033e-08 
0.612226 	 2.113429e-08 
0.628348 	 3.423208e-08 
0.644632 	 7.111422e-08 
0.661078 	 1.65267e-07 
0.677689 	 4.406084e-07 
0.694466 	 1.531342e-06 
0.71141 	 6.087781e-06 
0.728525 	 1.881925e-05 
0.74581 	 4.219665e-05 
0.763268 	 8.193706e-05 
0.780901 	 0.0001597434 
0.79871 	 0.0003296901 
0.816697 	 0.0006584097 
0.834864 	 0.001139209 
0.853212 	 0.002057144 
0.871744 	 0.004165422 
0.890462 	 0.008517365 
0.909366 	 0.01689876 
0.92846 	 0.03375553 
0.947745 	 0.06810658 
0.967222 	 0.1282755 
0.986894 	 0.218932 
1.006763 	 0.3263574 
1.026831 	 0.4798387 
1.047099 	 0.6674156 
1.06757 	 0.9021445 
1.088246 	 1.211321 
1.109128 	 1.657764 
1.13022 	 2.347595 
1.151522 	 3.057422 
1.173037 	 3.529832 
1.194768 	 3.709127 
1.216715 	 3.730496 
1.238882 	 3.819267 
1.261271 	 3.822001 
1.283884 	 3.621863 
1.306723 	 3.302102 
1.32979 	 2.793777 
1.353088 	 2.147743 
1.376619 	 1.492034 
1.400385 	 0.9278326 
1.424389 	 0.5160775 
1.448633 	 0.2768891 
1.473119 	 0.1407578 
1.49785 	 0.06738603 
1.522829 	 0.03137829 
1.548057 	 0.01367975 
1.573538 	 0.005604475 
1.599273 	 0.002373448 
1.625266 	 0.001015794 
1.651518 	 0.0004349981 
1.678033 	 0.0001989504 
1.704814 	 8.995264e-05 
1.731862 	 4.109073e-05 
1.759181 	 2.391271e-05 
1.786772 	 1.985673e-05 
1.81464 	 1.721742e-05 
1.842787 	 1.109612e-05 
1.871214 	 6.057775e-06 
1.899927 	 3.419602e-06 
1.928926 	 2.10276e-06 
1.958215 	 1.175836e-06 
1.987797 	 5.739884e-07 
2.017675 	 2.9724e-07 
2.047852 	 1.469001e-07 
2.07833 	 5.898045e-08 
2.109114 	 1.857241e-08 
2.140205 	 5.707809e-09 
2.171607 	 1.659209e-09 
2.203323 	 4.064701e-10 
2.235356 	 1.184118e-10 
2.26771 	 4.10376e-11 
2.300387 	 1.825178e-11 
2.333391 	 7.981444e-12 
2.366725 	 4.63355e-12 
2.400392 	 2.154065e-12 
2.434396 	 6.310767e-13 
2.46874 	 1.04446e-13 
2.503427 	 1.134247e-14 
2.538461 	 1.286348e-15 
2.573846 	 7.392186e-17 
2.609585 	 3.052884e-18 
2.64568 	 5.362593e-20 
2.682137 	 4.918415e-22 
2.718959 	 1.860821e-24 
2.756148 	 1.267722e-27 
2.79371 	 3.496651e-31 
2.831647 	 2.110627e-35 
2.869963 	 8.174123e-41 
2.908663 	 7.811666e-47 
2.947749 	 1.09193e-54 
2.987227 	 6.53235e-63 
3.027099 	 1.155005e-73 
3.06737 	 2.442099e-85 
3.108044 	 2.565768e-100 
3.149124 	 2.061429e-113 
3.190616 	 3.520778e-125 
3.232522 	 9.92945e-141 
3.274847 	 9.516418e-149 
3.317595 	 2.031242e-160 
3.360771 	 6.302842e-165 
3.404379 	 1.936747e-170 
3.448423 	 1.038802e-174 
3.492907 	 3.074732e-177 
3.537836 	 4.1857e-181 
3.583215 	 4.167326e-183 
3.629047 	 1.83681e-185 
3.675337 	 1.459811e-187 
3.722091 	 3.699768e-189 
3.769311 	 3.331714e-191 
3.817005 	 1.259947e-192 
3.865175 	 1.875034e-194 
3.913826 	 9.849128e-196 
3.962965 	 4.923425e-197 
4.012594 	 1.029104e-198 
4.06272 	 5.53232e-200 
4.113347 	 1.480209e-201 
4.164481 	 7.396024e-203 
4.216126 	 2.447394e-204 
4.268287 	 1.116932e-205 
4.32097 	 3.225636e-207 
4.37418 	 4.501957e-209 
4.427921 	 4.210637e-211 
4.482201 	 1.284751e-213 
4.537023 	 1.678989e-216 
4.592393 	 1.499153e-219 
4.648317 	 8.683446e-223 
4.7048 	 6.251999e-226 
4.761848 	 1.070411e-228 
4.819466 	 6.441449e-231 
4.877661 	 1.820289e-232 
4.936438 	 2.520422e-233 
4.995802 	 8.211835e-234 
5.05576 	 4.720405e-234 
5.116318 	 2.711478e-235 
5.177481 	 5.614903e-236 
5.239256 	 8.653768e-238 
5.301648 	 4.857604e-239 
5.364665 	 9.66481e-241 
5.428311 	 5.907435e-244 
5.492594 	 5.078043e-247 
5.55752 	 1.21414e-251 
5.623096 	 2.769637e-256 
5.689326 	 2.152246e-262 
5.75622 	 1.952275e-268 
5.823782 	 4.466916e-275 
5.89202 	 1.787639e-282 
5.96094 	 6.125204e-289 
