0.01 	 7.56285e-12 
0.0201 	 3.4826e-11 
0.030301 	 1.090512e-10 
0.040604 	 2.966742e-10 
0.05101 	 6.952849e-10 
0.06152 	 1.332906e-09 
0.072135 	 2.161757e-09 
0.082857 	 3.113305e-09 
0.093685 	 4.459092e-09 
0.104622 	 6.629764e-09 
0.115668 	 1.020283e-08 
0.126825 	 1.546241e-08 
0.138093 	 2.223206e-08 
0.149474 	 3.190216e-08 
0.160969 	 4.909265e-08 
0.172579 	 8.601385e-08 
0.184304 	 1.70796e-07 
0.196147 	 2.823251e-07 
0.208109 	 3.514252e-07 
0.22019 	 3.7446e-07 
0.232392 	 3.942905e-07 
0.244716 	 4.079143e-07 
0.257163 	 4.200457e-07 
0.269735 	 4.305749e-07 
0.282432 	 4.548691e-07 
0.295256 	 5.295955e-07 
0.308209 	 6.555809e-07 
0.321291 	 7.984623e-07 
0.334504 	 9.627315e-07 
0.347849 	 1.111008e-06 
0.361327 	 1.15091e-06 
0.374941 	 1.05687e-06 
0.38869 	 9.525169e-07 
0.402577 	 8.838053e-07 
0.416603 	 7.887093e-07 
0.430769 	 6.949251e-07 
0.445076 	 6.464283e-07 
0.459527 	 6.576948e-07 
0.474123 	 6.855775e-07 
0.488864 	 7.294622e-07 
0.503752 	 7.709147e-07 
0.51879 	 8.231181e-07 
0.533978 	 8.929856e-07 
0.549318 	 9.31322e-07 
0.564811 	 8.693307e-07 
0.580459 	 8.375827e-07 
0.596263 	 8.845728e-07 
0.612226 	 1.023543e-06 
0.628348 	 1.31758e-06 
0.644632 	 1.55848e-06 
0.661078 	 1.444983e-06 
0.677689 	 1.15177e-06 
0.694466 	 9.262689e-07 
0.71141 	 8.034303e-07 
0.728525 	 6.873918e-07 
0.74581 	 5.754966e-07 
0.763268 	 4.80553e-07 
0.780901 	 3.663262e-07 
0.79871 	 2.480489e-07 
0.816697 	 1.73534e-07 
0.834864 	 1.332008e-07 
0.853212 	 1.020829e-07 
0.871744 	 7.301481e-08 
0.890462 	 5.595134e-08 
0.909366 	 4.543667e-08 
0.92846 	 3.931616e-08 
0.947745 	 3.582253e-08 
0.967222 	 3.510072e-08 
0.986894 	 3.555585e-08 
1.006763 	 3.373976e-08 
1.026831 	 2.968766e-08 
1.047099 	 2.453818e-08 
1.06757 	 1.919474e-08 
1.088246 	 1.654952e-08 
1.109128 	 1.772379e-08 
1.13022 	 2.521647e-08 
1.151522 	 4.097585e-08 
1.173037 	 5.168404e-08 
1.194768 	 5.396226e-08 
1.216715 	 5.213797e-08 
1.238882 	 5.362845e-08 
1.261271 	 5.976539e-08 
1.283884 	 6.93113e-08 
1.306723 	 8.604363e-08 
1.32979 	 1.153828e-07 
1.353088 	 1.629701e-07 
1.376619 	 2.331269e-07 
1.400385 	 3.228669e-07 
1.424389 	 4.011663e-07 
1.448633 	 4.99973e-07 
1.473119 	 6.246609e-07 
1.49785 	 7.513539e-07 
1.522829 	 9.309336e-07 
1.548057 	 1.111832e-06 
1.573538 	 1.130206e-06 
1.599273 	 1.169718e-06 
1.625266 	 1.307226e-06 
1.651518 	 1.505927e-06 
1.678033 	 1.836941e-06 
1.704814 	 2.08758e-06 
1.731862 	 2.236303e-06 
1.759181 	 2.938756e-06 
1.786772 	 6.030441e-06 
1.81464 	 1.54587e-05 
1.842787 	 3.039293e-05 
1.871214 	 4.977005e-05 
1.899927 	 9.193001e-05 
1.928926 	 0.0002195478 
1.958215 	 0.0006262647 
1.987797 	 0.002016425 
2.017675 	 0.007280266 
2.047852 	 0.02533537 
2.07833 	 0.07934177 
2.109114 	 0.2228724 
2.140205 	 0.5139512 
2.171607 	 0.980468 
2.203323 	 1.593342 
2.235356 	 2.189776 
2.26771 	 2.726182 
2.300387 	 3.094996 
2.333391 	 3.208825 
2.366725 	 3.297837 
2.400392 	 3.271131 
2.434396 	 2.845483 
2.46874 	 2.05358 
2.503427 	 1.305667 
2.538461 	 0.8870465 
2.573846 	 0.5958708 
2.609585 	 0.4000142 
2.64568 	 0.2579779 
2.682137 	 0.1810816 
2.718959 	 0.1174237 
2.756148 	 0.05196704 
2.79371 	 0.01615132 
2.831647 	 0.002810024 
2.869963 	 0.0001939647 
2.908663 	 3.84185e-06 
2.947749 	 1.453876e-08 
2.987227 	 8.859921e-12 
3.027099 	 2.399285e-16 
3.06737 	 3.15989e-22 
3.108044 	 3.358273e-31 
3.149124 	 5.905105e-39 
3.190616 	 2.657933e-47 
3.232522 	 1.046797e-58 
3.274847 	 9.729261e-65 
3.317595 	 7.166924e-73 
3.360771 	 5.228456e-76 
3.404379 	 7.48234e-80 
3.448423 	 4.071581e-82 
3.492907 	 8.601813e-84 
3.537836 	 6.585617e-86 
3.583215 	 2.682134e-87 
3.629047 	 9.269564e-89 
3.675337 	 4.219541e-90 
3.722091 	 2.236318e-91 
3.769311 	 8.956646e-93 
3.817005 	 4.451843e-94 
3.865175 	 1.716303e-95 
3.913826 	 7.960718e-97 
3.962965 	 3.036388e-98 
4.012594 	 8.474728e-100 
4.06272 	 2.434334e-101 
4.113347 	 5.320228e-103 
4.164481 	 1.087002e-104 
4.216126 	 1.667284e-106 
4.268287 	 2.22767e-108 
4.32097 	 1.998807e-110 
4.37418 	 1.026638e-112 
4.427921 	 3.441177e-115 
4.482201 	 5.905709e-118 
4.537023 	 4.651503e-121 
4.592393 	 2.834698e-124 
4.648317 	 1.274787e-127 
4.7048 	 4.824044e-131 
4.761848 	 3.497824e-134 
4.819466 	 5.71285e-137 
4.877661 	 2.049647e-139 
4.936438 	 2.30965e-141 
4.995802 	 5.920444e-143 
5.05576 	 2.44491e-144 
5.116318 	 4.478681e-147 
5.177481 	 7.7695e-149 
5.239256 	 5.713827e-152 
5.301648 	 4.521375e-154 
5.364665 	 2.369334e-156 
5.428311 	 5.900827e-160 
5.492594 	 1.42255e-162 
5.55752 	 2.097162e-166 
5.623096 	 2.422561e-169 
5.689326 	 3.018636e-173 
5.75622 	 2.766468e-176 
5.823782 	 2.373304e-179 
5.89202 	 4.535574e-183 
5.96094 	 8.090271e-186 
