0.01 	 3.726631e-10 
0.0201 	 1.406248e-09 
0.030301 	 3.631763e-09 
0.040604 	 8.327079e-09 
0.05101 	 1.779127e-08 
0.06152 	 3.38273e-08 
0.072135 	 5.755877e-08 
0.082857 	 8.862272e-08 
0.093685 	 1.330729e-07 
0.104622 	 1.981962e-07 
0.115668 	 2.829411e-07 
0.126825 	 3.848896e-07 
0.138093 	 4.82919e-07 
0.149474 	 5.931439e-07 
0.160969 	 7.45325e-07 
0.172579 	 9.943068e-07 
0.184304 	 1.420083e-06 
0.196147 	 1.635062e-06 
0.208109 	 1.362679e-06 
0.22019 	 9.731915e-07 
0.232392 	 7.416885e-07 
0.244716 	 5.775961e-07 
0.257163 	 4.413402e-07 
0.269735 	 3.244558e-07 
0.282432 	 2.367933e-07 
0.295256 	 1.896744e-07 
0.308209 	 1.638735e-07 
0.321291 	 1.47476e-07 
0.334504 	 1.425991e-07 
0.347849 	 1.38319e-07 
0.361327 	 1.219912e-07 
0.374941 	 9.678246e-08 
0.38869 	 7.851223e-08 
0.402577 	 6.761116e-08 
0.416603 	 5.531936e-08 
0.430769 	 4.294305e-08 
0.445076 	 3.328147e-08 
0.459527 	 2.712128e-08 
0.474123 	 2.279224e-08 
0.488864 	 1.930547e-08 
0.503752 	 1.601709e-08 
0.51879 	 1.332571e-08 
0.533978 	 1.224359e-08 
0.549318 	 1.20485e-08 
0.564811 	 9.365456e-09 
0.580459 	 6.559471e-09 
0.596263 	 5.167835e-09 
0.612226 	 4.577847e-09 
0.628348 	 4.597813e-09 
0.644632 	 3.92091e-09 
0.661078 	 2.343681e-09 
0.677689 	 1.040697e-09 
0.694466 	 4.365333e-10 
0.71141 	 2.093606e-10 
0.728525 	 1.07487e-10 
0.74581 	 6.046784e-11 
0.763268 	 3.682291e-11 
0.780901 	 2.015384e-11 
0.79871 	 9.498785e-12 
0.816697 	 4.679886e-12 
0.834864 	 2.543898e-12 
0.853212 	 1.341098e-12 
0.871744 	 6.244055e-13 
0.890462 	 3.232477e-13 
0.909366 	 1.786176e-13 
0.92846 	 1.008415e-13 
0.947745 	 5.530489e-14 
0.967222 	 3.205715e-14 
0.986894 	 1.932021e-14 
1.006763 	 1.018468e-14 
1.026831 	 4.970035e-15 
1.047099 	 2.342387e-15 
1.06757 	 1.078801e-15 
1.088246 	 6.25896e-16 
1.109128 	 5.545762e-16 
1.13022 	 9.370723e-16 
1.151522 	 1.948061e-15 
1.173037 	 2.026285e-15 
1.194768 	 1.254969e-15 
1.216715 	 7.092761e-16 
1.238882 	 5.013153e-16 
1.261271 	 4.031624e-16 
1.283884 	 3.058816e-16 
1.306723 	 2.606079e-16 
1.32979 	 2.632483e-16 
1.353088 	 2.973007e-16 
1.376619 	 3.596866e-16 
1.400385 	 3.935038e-16 
1.424389 	 3.440867e-16 
1.448633 	 3.135151e-16 
1.473119 	 2.752777e-16 
1.49785 	 2.084111e-16 
1.522829 	 1.658898e-16 
1.548057 	 1.216605e-16 
1.573538 	 6.139975e-17 
1.599273 	 3.352656e-17 
1.625266 	 2.070139e-17 
1.651518 	 1.281169e-17 
1.678033 	 9.371019e-18 
1.704814 	 6.680848e-18 
1.731862 	 4.647506e-18 
1.759181 	 5.045939e-18 
1.786772 	 1.4791e-17 
1.81464 	 6.90065e-17 
1.842787 	 1.859989e-16 
1.871214 	 3.824722e-16 
1.899927 	 1.080037e-15 
1.928926 	 5.065496e-15 
1.958215 	 3.56495e-14 
1.987797 	 3.367699e-13 
2.017675 	 4.09299e-12 
2.047852 	 5.556771e-11 
2.07833 	 6.78777e-10 
2.109114 	 7.424275e-09 
2.140205 	 6.49431e-08 
2.171607 	 4.005423e-07 
2.203323 	 1.901679e-06 
2.235356 	 6.31969e-06 
2.26771 	 1.697737e-05 
2.300387 	 3.899671e-05 
2.333391 	 8.955488e-05 
2.366725 	 0.0002232273 
2.400392 	 0.0006028085 
2.434396 	 0.00165508 
2.46874 	 0.004412545 
2.503427 	 0.01478997 
2.538461 	 0.05521474 
2.573846 	 0.188343 
2.609585 	 0.6267855 
2.64568 	 1.862693 
2.682137 	 4.754807 
2.718959 	 8.003842 
2.756148 	 7.625984 
2.79371 	 3.20596 
2.831647 	 0.6043893 
2.869963 	 0.02654855 
2.908663 	 0.0001311309 
2.947749 	 9.601136e-09 
2.987227 	 1.467364e-14 
3.027099 	 4.772538e-23 
3.06737 	 3.415326e-34 
3.108044 	 1.171176e-50 
3.149124 	 7.18718e-66 
3.190616 	 1.358394e-81 
3.232522 	 7.621912e-104 
3.274847 	 4.316976e-116 
3.317595 	 6.625092e-134 
3.360771 	 1.140699e-140 
3.404379 	 1.741618e-149 
3.448423 	 1.755479e-154 
3.492907 	 3.30358e-158 
3.537836 	 2.280198e-163 
3.583215 	 1.430434e-166 
3.629047 	 3.601474e-170 
3.675337 	 1.482695e-173 
3.722091 	 1.038691e-176 
3.769311 	 2.471461e-180 
3.817005 	 1.806099e-183 
3.865175 	 5.674237e-187 
3.913826 	 5.14572e-190 
3.962965 	 4.066153e-193 
4.012594 	 1.388286e-196 
4.06272 	 1.225193e-199 
4.113347 	 6.286669e-203 
4.164481 	 8.573425e-206 
4.216126 	 7.983168e-209 
4.268287 	 1.483759e-211 
4.32097 	 2.374981e-214 
4.37418 	 1.737683e-217 
4.427921 	 1.254765e-220 
4.482201 	 4.222569e-224 
4.537023 	 5.534142e-228 
4.592393 	 4.872233e-232 
4.648317 	 2.610348e-236 
4.7048 	 8.205205e-241 
4.761848 	 4.893586e-245 
4.819466 	 6.347857e-249 
4.877661 	 1.548295e-252 
4.936438 	 1.411591e-255 
4.995802 	 3.536227e-258 
5.05576 	 1.746598e-260 
5.116318 	 3.787174e-265 
5.177481 	 4.37707e-268 
5.239256 	 1.942131e-273 
5.301648 	 5.46757e-277 
5.364665 	 8.083727e-281 
5.428311 	 4.437899e-287 
5.492594 	 1.320105e-291 
5.55752 	 2.492672e-298 
5.623096 	 1.367288e-303 
5.689326 	 1.110206e-310 
5.75622 	 2.60196297914e-316 
5.823782 	 3.1126135688e-322 
5.89202 	 0.0 
5.96094 	 0.0 
