0.01 	 3.030149e-05 
0.0201 	 9.04763e-05 
0.030301 	 0.0001742668 
0.040604 	 0.0002842734 
0.05101 	 0.0004189158 
0.06152 	 0.0006010032 
0.072135 	 0.0008958174 
0.082857 	 0.001351822 
0.093685 	 0.002045505 
0.104622 	 0.002990417 
0.115668 	 0.004485233 
0.126825 	 0.006138659 
0.138093 	 0.008087486 
0.149474 	 0.01040767 
0.160969 	 0.01298881 
0.172579 	 0.0157238 
0.184304 	 0.01789949 
0.196147 	 0.01949054 
0.208109 	 0.02127791 
0.22019 	 0.02359911 
0.232392 	 0.02782159 
0.244716 	 0.03378113 
0.257163 	 0.04195651 
0.269735 	 0.05192121 
0.282432 	 0.06254989 
0.295256 	 0.07259287 
0.308209 	 0.08325059 
0.321291 	 0.09921992 
0.334504 	 0.1292021 
0.347849 	 0.1821335 
0.361327 	 0.2710912 
0.374941 	 0.4219562 
0.38869 	 0.6635761 
0.402577 	 0.9785164 
0.416603 	 1.488752 
0.430769 	 2.133628 
0.445076 	 2.856547 
0.459527 	 3.615706 
0.474123 	 4.458841 
0.488864 	 5.420559 
0.503752 	 6.391796 
0.51879 	 7.093875 
0.533978 	 7.19689 
0.549318 	 6.545638 
0.564811 	 5.401273 
0.580459 	 4.069639 
0.596263 	 2.772695 
0.612226 	 1.731177 
0.628348 	 0.9918315 
0.644632 	 0.5200152 
0.661078 	 0.2505375 
0.677689 	 0.1079659 
0.694466 	 0.04110928 
0.71141 	 0.0144293 
0.728525 	 0.00478696 
0.74581 	 0.001505757 
0.763268 	 0.000453289 
0.780901 	 0.0001310414 
0.79871 	 3.673971e-05 
0.816697 	 9.753845e-06 
0.834864 	 2.294682e-06 
0.853212 	 4.828509e-07 
0.871744 	 9.295113e-08 
0.890462 	 1.548602e-08 
0.909366 	 2.341247e-09 
0.92846 	 3.266219e-10 
0.947745 	 4.156731e-11 
0.967222 	 5.115331e-12 
0.986894 	 5.936217e-13 
1.006763 	 5.948845e-14 
1.026831 	 5.514636e-15 
1.047099 	 4.8269e-16 
1.06757 	 4.040707e-17 
1.088246 	 3.456839e-18 
1.109128 	 3.183839e-19 
1.13022 	 2.478113e-20 
1.151522 	 1.863316e-21 
1.173037 	 1.74478e-22 
1.194768 	 1.845323e-23 
1.216715 	 1.98036e-24 
1.238882 	 2.027606e-25 
1.261271 	 2.02533e-26 
1.283884 	 1.741342e-27 
1.306723 	 1.43366e-28 
1.32979 	 1.183851e-29 
1.353088 	 9.021454e-31 
1.376619 	 7.04674e-32 
1.400385 	 4.737418e-33 
1.424389 	 2.698552e-34 
1.448633 	 1.483952e-35 
1.473119 	 6.327816e-37 
1.49785 	 2.002089e-38 
1.522829 	 7.134857e-40 
1.548057 	 2.346799e-41 
1.573538 	 6.084964e-43 
1.599273 	 2.189718e-44 
1.625266 	 9.713904e-46 
1.651518 	 4.476015e-47 
1.678033 	 3.128924e-48 
1.704814 	 3.212134e-49 
1.731862 	 3.627348e-50 
1.759181 	 5.908352e-51 
1.786772 	 1.328848e-51 
1.81464 	 3.222931e-52 
1.842787 	 1.129194e-52 
1.871214 	 6.670943e-53 
1.899927 	 4.675463e-53 
1.928926 	 7.518472e-53 
1.958215 	 2.563561e-52 
1.987797 	 9.525772e-52 
2.017675 	 3.217262e-51 
2.047852 	 1.337927e-50 
2.07833 	 4.715079e-50 
2.109114 	 1.480672e-49 
2.140205 	 4.552753e-49 
2.171607 	 9.982088e-49 
2.203323 	 1.872574e-48 
2.235356 	 2.647772e-48 
2.26771 	 2.948436e-48 
2.300387 	 2.533494e-48 
2.333391 	 2.514687e-48 
2.366725 	 1.570858e-48 
2.400392 	 1.036872e-48 
2.434396 	 2.392618e-48 
2.46874 	 7.388187e-48 
2.503427 	 3.493558e-47 
2.538461 	 3.329973e-46 
2.573846 	 7.461595e-45 
2.609585 	 2.162339e-43 
2.64568 	 1.59829e-41 
2.682137 	 1.458018e-39 
2.718959 	 1.438714e-37 
2.756148 	 2.503529e-35 
2.79371 	 2.643643e-33 
2.831647 	 1.813611e-31 
2.869963 	 2.438851e-30 
2.908663 	 3.708311e-30 
2.947749 	 4.721053e-32 
2.987227 	 3.672511e-36 
3.027099 	 2.125966e-43 
3.06737 	 2.60179e-54 
3.108044 	 3.206918e-71 
3.149124 	 2.903485e-87 
3.190616 	 3.982818e-104 
3.232522 	 5.16986e-129 
3.274847 	 4.837443e-142 
3.317595 	 6.680295e-162 
3.360771 	 6.217147e-168 
3.404379 	 2.244481e-177 
3.448423 	 8.732426e-182 
3.492907 	 4.066269e-184 
3.537836 	 5.509587e-188 
3.583215 	 4.693952e-190 
3.629047 	 9.188527e-193 
3.675337 	 1.056868e-194 
3.722091 	 8.788842e-197 
3.769311 	 2.477124e-199 
3.817005 	 9.250746e-202 
3.865175 	 1.430798e-204 
3.913826 	 7.225972e-207 
3.962965 	 3.290174e-209 
4.012594 	 1.09551e-211 
4.06272 	 5.358643e-214 
4.113347 	 2.284621e-216 
4.164481 	 1.056523e-218 
4.216126 	 3.925896e-221 
4.268287 	 2.831038e-223 
4.32097 	 1.277654e-225 
4.37418 	 2.154424e-228 
4.427921 	 2.149567e-231 
4.482201 	 1.131884e-234 
4.537023 	 6.64847e-238 
4.592393 	 2.14927e-241 
4.648317 	 2.68355e-246 
4.7048 	 1.61585e-251 
4.761848 	 1.008733e-256 
4.819466 	 1.067548e-261 
4.877661 	 2.662324e-266 
4.936438 	 1.105401e-270 
4.995802 	 4.452305e-274 
5.05576 	 1.280151e-277 
5.116318 	 9.826504e-285 
5.177481 	 5.378181e-289 
5.239256 	 2.5294e-295 
5.301648 	 2.898411e-300 
5.364665 	 4.504697e-306 
5.428311 	 6.88117799996e-314 
5.492594 	 2.78257771738e-319 
5.55752 	 0.0 
5.623096 	 0.0 
5.689326 	 0.0 
5.75622 	 0.0 
5.823782 	 0.0 
5.89202 	 0.0 
5.96094 	 0.0 
