0.01 	 3.056457e-62 
0.0201 	 1.186936e-60 
0.030301 	 1.603554e-59 
0.040604 	 1.372462e-58 
0.05101 	 8.38519e-58 
0.06152 	 5.032918e-57 
0.072135 	 3.37349e-56 
0.082857 	 2.640449e-55 
0.093685 	 1.92174e-54 
0.104622 	 1.315021e-53 
0.115668 	 9.199138e-53 
0.126825 	 6.25166e-52 
0.138093 	 4.183885e-51 
0.149474 	 2.910287e-50 
0.160969 	 1.769372e-49 
0.172579 	 1.056496e-48 
0.184304 	 6.373332e-48 
0.196147 	 3.67381e-47 
0.208109 	 1.968262e-46 
0.22019 	 1.071227e-45 
0.232392 	 5.28294e-45 
0.244716 	 2.242178e-44 
0.257163 	 9.774284e-44 
0.269735 	 4.105839e-43 
0.282432 	 1.433912e-42 
0.295256 	 5.113921e-42 
0.308209 	 1.788017e-41 
0.321291 	 5.46259e-41 
0.334504 	 2.010146e-40 
0.347849 	 9.193301e-40 
0.361327 	 4.058809e-39 
0.374941 	 2.399713e-38 
0.38869 	 1.936359e-37 
0.402577 	 2.069996e-36 
0.416603 	 3.774754e-35 
0.430769 	 7.127688e-34 
0.445076 	 8.74687e-33 
0.459527 	 1.063321e-31 
0.474123 	 1.458099e-30 
0.488864 	 2.247056e-29 
0.503752 	 5.238017e-28 
0.51879 	 1.322919e-26 
0.533978 	 3.113792e-25 
0.549318 	 8.602441e-24 
0.564811 	 2.62022e-22 
0.580459 	 8.6677e-21 
0.596263 	 2.971748e-19 
0.612226 	 8.532649e-18 
0.628348 	 2.020901e-16 
0.644632 	 4.309201e-15 
0.661078 	 9.255975e-14 
0.677689 	 1.983426e-12 
0.694466 	 4.514559e-11 
0.71141 	 9.82213e-10 
0.728525 	 1.798325e-08 
0.74581 	 2.980767e-07 
0.763268 	 4.654287e-06 
0.780901 	 6.876975e-05 
0.79871 	 0.0008933144 
0.816697 	 0.009086553 
0.834864 	 0.06332749 
0.853212 	 0.2739895 
0.871744 	 0.7559943 
0.890462 	 1.546909 
0.909366 	 2.43971 
0.92846 	 3.29227 
0.947745 	 3.956914 
0.967222 	 4.368744 
0.986894 	 4.592103 
1.006763 	 5.058227 
1.026831 	 5.242047 
1.047099 	 4.982927 
1.06757 	 4.21505 
1.088246 	 3.201408 
1.109128 	 2.247151 
1.13022 	 1.51483 
1.151522 	 0.9856659 
1.173037 	 0.6192254 
1.194768 	 0.3475102 
1.216715 	 0.1557723 
1.238882 	 0.05398853 
1.261271 	 0.01541524 
1.283884 	 0.003673191 
1.306723 	 0.0007740335 
1.32979 	 0.000142074 
1.353088 	 2.155466e-05 
1.376619 	 2.882972e-06 
1.400385 	 3.395107e-07 
1.424389 	 3.352406e-08 
1.448633 	 2.991263e-09 
1.473119 	 2.094773e-10 
1.49785 	 1.284232e-11 
1.522829 	 7.883398e-13 
1.548057 	 3.827056e-14 
1.573538 	 1.422278e-15 
1.599273 	 4.568969e-17 
1.625266 	 1.137111e-18 
1.651518 	 2.503906e-20 
1.678033 	 5.914755e-22 
1.704814 	 1.10302e-23 
1.731862 	 2.109281e-25 
1.759181 	 5.975154e-27 
1.786772 	 1.974073e-28 
1.81464 	 5.53e-30 
1.842787 	 1.239576e-31 
1.871214 	 2.272414e-33 
1.899927 	 2.649751e-35 
1.928926 	 2.821279e-37 
1.958215 	 2.277196e-39 
1.987797 	 1.084025e-41 
2.017675 	 8.199196e-44 
2.047852 	 1.083122e-45 
2.07833 	 1.027639e-47 
2.109114 	 7.050212e-50 
2.140205 	 5.408664e-52 
2.171607 	 3.288281e-54 
2.203323 	 2.730017e-56 
2.235356 	 6.782438e-58 
2.26771 	 1.732587e-59 
2.300387 	 6.09717e-61 
2.333391 	 3.275164e-62 
2.366725 	 1.689834e-63 
2.400392 	 9.514034e-65 
2.434396 	 5.41877e-66 
2.46874 	 1.838574e-67 
2.503427 	 6.721319e-69 
2.538461 	 4.966231e-70 
2.573846 	 3.721839e-71 
2.609585 	 2.072476e-72 
2.64568 	 1.379465e-73 
2.682137 	 4.279352e-75 
2.718959 	 1.419158e-76 
2.756148 	 4.643747e-78 
2.79371 	 6.713769e-80 
2.831647 	 4.714877e-82 
2.869963 	 1.406166e-84 
2.908663 	 2.034104e-87 
2.947749 	 2.881173e-91 
2.987227 	 1.279685e-95 
3.027099 	 1.680765e-101 
3.06737 	 5.064157e-109 
3.108044 	 2.598625e-120 
3.149124 	 2.504845e-130 
3.190616 	 2.142168e-141 
3.232522 	 1.247218e-156 
3.274847 	 1.528072e-163 
3.317595 	 2.872967e-172 
3.360771 	 1.573808e-174 
3.404379 	 1.077391e-177 
3.448423 	 2.954548e-179 
3.492907 	 1.435944e-179 
3.537836 	 3.769841e-180 
3.583215 	 7.161509e-180 
3.629047 	 7.133273e-180 
3.675337 	 1.164739e-179 
3.722091 	 1.661736e-179 
3.769311 	 1.940089e-179 
3.817005 	 2.681502e-179 
3.865175 	 2.275594e-179 
3.913826 	 2.404451e-179 
3.962965 	 2.287859e-179 
4.012594 	 1.635811e-179 
4.06272 	 1.330343e-179 
4.113347 	 1.139736e-179 
4.164481 	 1.228581e-179 
4.216126 	 2.248275e-179 
4.268287 	 7.684236e-179 
4.32097 	 3.650324e-178 
4.37418 	 2.660357e-177 
4.427921 	 2.149813e-176 
4.482201 	 1.337624e-175 
4.537023 	 5.07686e-175 
4.592393 	 1.090129e-174 
4.648317 	 5.063251e-175 
4.7048 	 6.399799e-176 
4.761848 	 3.021218e-177 
4.819466 	 7.70975e-179 
4.877661 	 5.684389e-180 
4.936438 	 2.420344e-180 
4.995802 	 2.037674e-180 
5.05576 	 3.713092e-180 
5.116318 	 2.030431e-180 
5.177481 	 1.639135e-180 
5.239256 	 2.534202e-181 
5.301648 	 1.012849e-181 
5.364665 	 1.378105e-182 
5.428311 	 3.098535e-185 
5.492594 	 5.446692e-188 
5.55752 	 3.258956e-193 
5.623096 	 4.632628e-199 
5.689326 	 6.359498e-208 
5.75622 	 1.703492e-217 
5.823782 	 1.017251e-228 
5.89202 	 2.921291e-242 
5.96094 	 2.222233e-254 
