1 	 0 
2 	 0 
3 	 0 
4 	 0 
5 	 0 
6 	 0 
7 	 0 
8 	 0 
9 	 0 
10 	 0 
11 	 0 
12 	 0 
13 	 0 
14 	 0 
15 	 0 
16 	 1 
17 	 2 
18 	 0 
19 	 0 
20 	 0 
21 	 0 
22 	 0 
23 	 0 
24 	 0 
25 	 0 
26 	 3 
27 	 4 
28 	 0 
29 	 5 
30 	 0 
31 	 6 
32 	 0 
33 	 0 
34 	 0 
35 	 7 
36 	 0 
37 	 0 
38 	 8 
39 	 0 
40 	 0 
41 	 9 
42 	 10 
43 	 0 
44 	 11 
45 	 12 
46 	 0 
47 	 0 
48 	 0 
49 	 0 
50 	 13 
51 	 0 
52 	 0 
53 	 0 
54 	 0 
55 	 14 
56 	 15 
57 	 0 
58 	 16 
59 	 17 
60 	 18 
61 	 0 
62 	 0 
63 	 0 
64 	 0 
65 	 0 
66 	 19 
67 	 20 
68 	 0 
69 	 0 
70 	 0 
71 	 0 
72 	 0 
73 	 0 
74 	 0 
75 	 0 
76 	 21 
77 	 22 
78 	 23 
79 	 24 
80 	 25 
81 	 0 
82 	 0 
83 	 0 
84 	 26 
85 	 27 
86 	 0 
87 	 28 
88 	 0 
89 	 0 
90 	 0 
91 	 29 
92 	 0 
93 	 30 
94 	 31 
95 	 32 
96 	 0 
97 	 33 
98 	 0 
99 	 34 
100 	 0 
101 	 0 
102 	 35 
103 	 36 
104 	 37 
105 	 0 
106 	 38 
107 	 39 
108 	 40 
109 	 0 
110 	 41 
111 	 0 
112 	 0 
113 	 0 
114 	 0 
115 	 0 
116 	 0 
117 	 0 
118 	 42 
119 	 43 
120 	 0 
121 	 0 
122 	 44 
123 	 0 
124 	 0 
125 	 45 
126 	 0 
127 	 0 
128 	 0 
129 	 46 
130 	 0 
131 	 0 
132 	 0 
133 	 0 
134 	 0 
135 	 0 
136 	 47 
137 	 48 
138 	 49 
139 	 0 
140 	 50 
141 	 0 
142 	 51 
143 	 0 
144 	 0 
145 	 0 
146 	 52 
147 	 53 
148 	 0 
149 	 0 
150 	 54 
151 	 0 
152 	 0 
153 	 0 
154 	 55 
155 	 0 
156 	 0 
157 	 0 
158 	 0 
159 	 0 
160 	 0 
161 	 56 
162 	 0 
163 	 0 
164 	 0 
165 	 0 
166 	 0 
167 	 0 
168 	 57 
169 	 0 
170 	 58 
171 	 0 
172 	 59 
173 	 60 
174 	 0 
175 	 61 
176 	 62 
177 	 0 
178 	 0 
179 	 0 
180 	 0 
181 	 0 
182 	 0 
183 	 0 
184 	 0 
185 	 0 
186 	 0 
187 	 0 
188 	 0 
189 	 0 
190 	 0 
191 	 0 
192 	 0 
193 	 0 
194 	 0 
195 	 0 
196 	 0 
197 	 0 
198 	 0 
199 	 0 
200 	 63 
201 	 0 
202 	 0 
203 	 0 
204 	 64 
205 	 65 
206 	 66 
207 	 67 
208 	 0 
209 	 0 
210 	 0 
211 	 68 
212 	 69 
213 	 0 
214 	 0 
215 	 0 
216 	 0 
217 	 0 
218 	 0 
219 	 0 
220 	 0 
221 	 70 
222 	 0 
223 	 0 
224 	 71 
225 	 0 
226 	 0 
227 	 0 
228 	 0 
229 	 0 
230 	 72 
231 	 73 
232 	 74 
233 	 0 
234 	 0 
235 	 75 
236 	 0 
237 	 76 
238 	 0 
239 	 77 
240 	 0 
241 	 78 
242 	 0 
243 	 79 
244 	 80 
245 	 0 
246 	 0 
247 	 81 
248 	 0 
249 	 0 
250 	 0 
251 	 0 
252 	 82 
253 	 0 
254 	 0 
255 	 83 
256 	 0 
257 	 84 
258 	 0 
259 	 85 
260 	 86 
261 	 87 
262 	 0 
263 	 0 
264 	 88 
265 	 89 
266 	 0 
267 	 90 
268 	 0 
269 	 0 
270 	 0 
271 	 0 
272 	 0 
273 	 0 
274 	 0 
275 	 0 
276 	 0 
277 	 91 
278 	 92 
279 	 93 
280 	 94 
281 	 0 
282 	 0 
283 	 95 
284 	 0 
285 	 96 
286 	 0 
287 	 97 
288 	 0 
289 	 0 
290 	 0 
291 	 98 
292 	 0 
293 	 99 
294 	 100 
295 	 101 
296 	 0 
297 	 0 
298 	 0 
299 	 0 
300 	 0 
301 	 0 
302 	 102 
303 	 103 
304 	 104 
305 	 0 
306 	 105 
307 	 0 
308 	 0 
309 	 0 
310 	 0 
311 	 0 
312 	 0 
313 	 0 
314 	 0 
315 	 0 
316 	 0 
317 	 0 
318 	 106 
319 	 0 
320 	 0 
321 	 0 
322 	 0 
323 	 107 
324 	 0 
325 	 108 
326 	 109 
327 	 0 
328 	 110 
329 	 111 
330 	 0 
331 	 112 
332 	 113 
333 	 114 
334 	 0 
335 	 115 
336 	 116 
337 	 117 
338 	 118 
339 	 0 
340 	 0 
341 	 119 
342 	 0 
343 	 0 
344 	 0 
345 	 0 
346 	 120 
347 	 0 
348 	 121 
349 	 122 
350 	 0 
351 	 123 
352 	 124 
353 	 125 
354 	 0 
355 	 126 
356 	 127 
357 	 128 
358 	 0 
359 	 129 
360 	 130 
361 	 131 
362 	 0 
363 	 0 
364 	 0 
365 	 0 
366 	 0 
367 	 132 
368 	 0 
369 	 133 
370 	 0 
371 	 0 
372 	 134 
373 	 0 
374 	 135 
375 	 136 
376 	 137 
377 	 0 
378 	 138 
379 	 139 
380 	 140 
381 	 141 
382 	 0 
383 	 142 
384 	 143 
385 	 0 
386 	 0 
387 	 144 
388 	 145 
389 	 146 
390 	 0 
391 	 0 
392 	 147 
393 	 0 
394 	 0 
395 	 148 
396 	 149 
397 	 150 
398 	 0 
399 	 151 
400 	 152 
401 	 153 
402 	 154 
403 	 155 
404 	 156 
405 	 157 
406 	 158 
407 	 159 
408 	 0 
409 	 0 
410 	 160 
411 	 161 
412 	 0 
413 	 0 
414 	 0 
415 	 162 
416 	 0 
417 	 163 
418 	 0 
419 	 0 
420 	 0 
421 	 0 
422 	 0 
423 	 0 
424 	 164 
425 	 165 
426 	 0 
427 	 166 
428 	 0 
429 	 0 
430 	 0 
431 	 0 
432 	 0 
433 	 167 
434 	 0 
435 	 168 
436 	 0 
437 	 169 
438 	 170 
439 	 0 
440 	 171 
441 	 0 
442 	 0 
443 	 0 
444 	 0 
445 	 172 
446 	 173 
447 	 174 
448 	 175 
449 	 0 
450 	 176 
451 	 177 
452 	 178 
453 	 179 
454 	 180 
455 	 0 
456 	 181 
457 	 182 
458 	 0 
459 	 183 
460 	 184 
461 	 0 
462 	 0 
463 	 0 
464 	 0 
465 	 185 
466 	 0 
467 	 0 
468 	 186 
469 	 187 
470 	 0 
471 	 188 
472 	 189 
473 	 0 
474 	 190 
475 	 191 
476 	 192 
477 	 0 
478 	 193 
479 	 0 
480 	 0 
481 	 0 
482 	 194 
483 	 195 
484 	 196 
485 	 197 
486 	 198 
487 	 0 
488 	 0 
489 	 199 
490 	 200 
491 	 0 
492 	 201 
493 	 0 
494 	 0 
495 	 0 
496 	 202 
497 	 203 
498 	 0 
499 	 204 
500 	 0 
501 	 205 
502 	 0 
503 	 0 
504 	 0 
505 	 206 
506 	 0 
507 	 207 
508 	 0 
509 	 208 
510 	 209 
511 	 0 
512 	 210 
513 	 0 
514 	 211 
515 	 0 
516 	 212 
517 	 213 
518 	 0 
519 	 214 
520 	 215 
521 	 0 
522 	 0 
523 	 216 
524 	 0 
525 	 217 
526 	 0 
527 	 0 
528 	 0 
529 	 0 
530 	 0 
531 	 0 
532 	 0 
533 	 218 
534 	 0 
535 	 0 
536 	 0 
537 	 219 
538 	 220 
539 	 221 
540 	 0 
541 	 0 
542 	 222 
543 	 223 
544 	 224 
545 	 225 
546 	 226 
547 	 227 
548 	 0 
549 	 0 
550 	 0 
551 	 0 
552 	 228 
553 	 229 
554 	 230 
555 	 231 
556 	 0 
557 	 0 
558 	 232 
559 	 233 
560 	 234 
561 	 235 
562 	 236 
563 	 237 
564 	 238 
565 	 0 
566 	 0 
567 	 239 
568 	 0 
569 	 0 
570 	 240 
571 	 0 
572 	 0 
573 	 241 
574 	 0 
575 	 242 
576 	 0 
577 	 0 
578 	 243 
579 	 244 
580 	 245 
581 	 0 
582 	 0 
583 	 246 
584 	 0 
585 	 247 
586 	 0 
587 	 248 
588 	 0 
589 	 249 
590 	 250 
591 	 251 
592 	 0 
593 	 252 
594 	 0 
595 	 0 
596 	 0 
597 	 0 
598 	 253 
599 	 0 
600 	 0 
601 	 0 
602 	 0 
603 	 254 
604 	 255 
605 	 0 
606 	 256 
607 	 257 
608 	 0 
609 	 0 
610 	 258 
611 	 0 
612 	 259 
613 	 0 
614 	 0 
615 	 260 
616 	 261 
617 	 262 
618 	 0 
619 	 263 
620 	 264 
621 	 265 
622 	 0 
623 	 266 
624 	 0 
625 	 267 
626 	 268 
627 	 0 
628 	 0 
629 	 269 
630 	 270 
631 	 271 
632 	 0 
633 	 0 
634 	 272 
635 	 273 
636 	 0 
637 	 274 
638 	 275 
639 	 276 
640 	 277 
641 	 0 
642 	 278 
643 	 0 
644 	 0 
645 	 279 
646 	 280 
647 	 281 
648 	 0 
649 	 282 
650 	 283 
651 	 0 
652 	 0 
653 	 284 
654 	 285 
655 	 0 
656 	 286 
657 	 287 
658 	 0 
659 	 288 
660 	 0 
661 	 289 
662 	 290 
663 	 291 
664 	 292 
665 	 0 
666 	 293 
667 	 294 
668 	 295 
669 	 296 
670 	 0 
671 	 297 
672 	 298 
673 	 299 
674 	 300 
675 	 0 
676 	 0 
677 	 301 
678 	 302 
679 	 0 
680 	 303 
681 	 0 
682 	 0 
683 	 0 
684 	 304 
685 	 0 
686 	 305 
687 	 0 
688 	 306 
689 	 307 
690 	 0 
691 	 308 
692 	 309 
693 	 0 
694 	 0 
695 	 0 
696 	 310 
697 	 311 
698 	 312 
699 	 313 
700 	 314 
701 	 315 
702 	 0 
703 	 316 
704 	 0 
705 	 317 
706 	 0 
707 	 0 
708 	 318 
709 	 319 
710 	 320 
711 	 321 
712 	 322 
713 	 323 
714 	 0 
715 	 0 
716 	 0 
717 	 324 
718 	 0 
719 	 0 
720 	 0 
721 	 325 
722 	 326 
723 	 0 
724 	 327 
725 	 328 
726 	 329 
727 	 330 
728 	 0 
729 	 331 
730 	 332 
731 	 0 
732 	 0 
733 	 0 
734 	 0 
735 	 333 
736 	 0 
737 	 0 
738 	 0 
739 	 0 
740 	 334 
741 	 0 
742 	 335 
743 	 0 
744 	 336 
745 	 337 
746 	 338 
747 	 0 
748 	 0 
749 	 339 
750 	 0 
751 	 0 
752 	 0 
753 	 340 
754 	 0 
755 	 0 
756 	 0 
757 	 0 
758 	 341 
759 	 342 
760 	 0 
761 	 343 
762 	 0 
763 	 344 
764 	 345 
765 	 346 
766 	 347 
767 	 348 
768 	 349 
769 	 350 
770 	 0 
771 	 0 
772 	 0 
773 	 351 
774 	 0 
775 	 0 
776 	 0 
777 	 0 
778 	 352 
779 	 353 
780 	 354 
781 	 355 
782 	 356 
783 	 0 
784 	 357 
785 	 0 
786 	 0 
787 	 0 
788 	 358 
789 	 359 
790 	 360 
791 	 361 
792 	 362 
793 	 363 
794 	 364 
795 	 0 
796 	 365 
797 	 366 
798 	 0 
799 	 367 
800 	 0 
801 	 368 
802 	 369 
803 	 370 
804 	 0 
805 	 0 
806 	 0 
807 	 371 
808 	 372 
809 	 0 
810 	 0 
811 	 373 
812 	 374 
813 	 375 
814 	 0 
815 	 376 
816 	 0 
817 	 377 
818 	 378 
819 	 379 
820 	 0 
821 	 0 
822 	 380 
823 	 0 
824 	 0 
825 	 381 
826 	 0 
827 	 382 
828 	 383 
829 	 0 
830 	 384 
831 	 385 
832 	 0 
833 	 386 
834 	 387 
835 	 388 
836 	 0 
837 	 0 
838 	 0 
839 	 0 
840 	 389 
841 	 390 
842 	 391 
843 	 0 
844 	 0 
845 	 392 
846 	 393 
847 	 394 
848 	 395 
849 	 0 
850 	 396 
851 	 0 
852 	 397 
853 	 398 
854 	 0 
855 	 0 
856 	 0 
857 	 399 
858 	 0 
859 	 400 
860 	 401 
861 	 402 
862 	 403 
863 	 0 
864 	 404 
865 	 405 
866 	 406 
867 	 407 
868 	 0 
869 	 0 
870 	 408 
871 	 0 
872 	 0 
873 	 0 
874 	 409 
875 	 0 
876 	 0 
877 	 0 
878 	 410 
879 	 411 
880 	 412 
881 	 0 
882 	 413 
883 	 414 
884 	 415 
885 	 416 
886 	 0 
887 	 0 
888 	 0 
889 	 417 
890 	 0 
891 	 0 
892 	 418 
893 	 0 
894 	 0 
895 	 419 
896 	 0 
897 	 0 
898 	 0 
899 	 0 
900 	 420 
901 	 0 
902 	 421 
903 	 0 
904 	 422 
905 	 0 
906 	 423 
907 	 424 
908 	 0 
909 	 0 
910 	 425 
911 	 426 
912 	 0 
913 	 427 
914 	 0 
915 	 0 
916 	 0 
917 	 0 
918 	 428 
919 	 429 
920 	 0 
921 	 0 
922 	 0 
923 	 430 
924 	 431 
925 	 0 
926 	 0 
927 	 432 
928 	 0 
929 	 433 
930 	 0 
931 	 0 
932 	 0 
933 	 434 
934 	 0 
935 	 435 
936 	 0 
937 	 0 
938 	 0 
939 	 436 
940 	 437 
941 	 438 
942 	 0 
943 	 439 
944 	 440 
945 	 0 
946 	 0 
947 	 0 
948 	 0 
949 	 0 
950 	 0 
951 	 441 
952 	 442 
953 	 0 
954 	 0 
955 	 0 
956 	 0 
957 	 0 
958 	 443 
959 	 444 
960 	 445 
961 	 446 
962 	 447 
963 	 448 
964 	 0 
965 	 0 
966 	 449 
967 	 0 
968 	 450 
969 	 0 
970 	 0 
971 	 0 
972 	 451 
973 	 0 
974 	 0 
975 	 0 
976 	 0 
977 	 0 
978 	 0 
979 	 452 
980 	 0 
981 	 0 
982 	 0 
983 	 0 
984 	 0 
985 	 0 
986 	 0 
987 	 453 
988 	 0 
989 	 454 
990 	 455 
991 	 0 
992 	 456 
993 	 457 
994 	 0 
995 	 0 
996 	 0 
997 	 0 
998 	 458 
999 	 0 
1000 	 0 
1001 	 0 
1002 	 0 
1003 	 0 
1004 	 0 
1005 	 0 
1006 	 459 
1007 	 0 
1008 	 0 
1009 	 0 
1010 	 460 
1011 	 461 
1012 	 0 
1013 	 462 
1014 	 463 
1015 	 0 
1016 	 464 
1017 	 465 
1018 	 466 
1019 	 467 
1020 	 468 
1021 	 469 
1022 	 0 
1023 	 470 
1024 	 471 
1025 	 472 
1026 	 473 
1027 	 0 
1028 	 0 
1029 	 474 
1030 	 0 
1031 	 475 
1032 	 0 
1033 	 476 
1034 	 0 
1035 	 0 
1036 	 477 
1037 	 0 
1038 	 0 
1039 	 478 
1040 	 0 
1041 	 479 
1042 	 480 
1043 	 0 
1044 	 0 
1045 	 0 
1046 	 0 
1047 	 0 
1048 	 481 
1049 	 482 
1050 	 0 
1051 	 0 
1052 	 483 
1053 	 484 
1054 	 0 
1055 	 485 
1056 	 0 
1057 	 0 
1058 	 0 
1059 	 486 
1060 	 487 
1061 	 0 
1062 	 0 
1063 	 488 
1064 	 0 
1065 	 0 
1066 	 489 
1067 	 0 
1068 	 0 
1069 	 490 
1070 	 491 
1071 	 0 
1072 	 0 
1073 	 492 
1074 	 493 
1075 	 0 
1076 	 0 
1077 	 494 
1078 	 495 
1079 	 496 
1080 	 0 
1081 	 0 
1082 	 497 
1083 	 0 
1084 	 0 
1085 	 0 
1086 	 0 
1087 	 0 
1088 	 0 
1089 	 498 
1090 	 499 
1091 	 0 
1092 	 0 
1093 	 500 
1094 	 0 
1095 	 0 
1096 	 0 
1097 	 0 
1098 	 501 
1099 	 502 
1100 	 0 
1101 	 503 
1102 	 0 
1103 	 0 
1104 	 0 
1105 	 504 
1106 	 0 
1107 	 0 
1108 	 0 
1109 	 0 
1110 	 505 
1111 	 506 
1112 	 507 
1113 	 508 
1114 	 0 
1115 	 0 
1116 	 0 
1117 	 509 
1118 	 510 
1119 	 0 
1120 	 511 
1121 	 0 
1122 	 0 
1123 	 0 
1124 	 512 
1125 	 0 
1126 	 0 
1127 	 513 
1128 	 514 
1129 	 0 
1130 	 0 
1131 	 515 
1132 	 0 
1133 	 0 
1134 	 0 
1135 	 0 
1136 	 516 
1137 	 517 
1138 	 0 
1139 	 0 
1140 	 0 
1141 	 0 
1142 	 0 
1143 	 0 
1144 	 0 
1145 	 0 
1146 	 518 
1147 	 0 
1148 	 0 
1149 	 519 
1150 	 0 
1151 	 520 
1152 	 0 
1153 	 521 
1154 	 0 
1155 	 0 
1156 	 522 
1157 	 523 
1158 	 524 
1159 	 525 
1160 	 526 
1161 	 0 
1162 	 0 
1163 	 0 
1164 	 0 
1165 	 0 
1166 	 527 
1167 	 528 
1168 	 0 
1169 	 0 
1170 	 0 
1171 	 0 
1172 	 0 
1173 	 529 
1174 	 0 
1175 	 530 
1176 	 531 
1177 	 0 
1178 	 0 
1179 	 0 
1180 	 0 
1181 	 0 
1182 	 532 
1183 	 533 
1184 	 0 
1185 	 534 
1186 	 0 
1187 	 0 
1188 	 535 
1189 	 536 
1190 	 0 
1191 	 537 
1192 	 538 
1193 	 0 
1194 	 0 
1195 	 0 
1196 	 539 
1197 	 0 
1198 	 0 
1199 	 540 
1200 	 0 
1201 	 0 
1202 	 0 
1203 	 0 
1204 	 0 
1205 	 541 
1206 	 0 
1207 	 542 
1208 	 0 
1209 	 543 
1210 	 0 
1211 	 544 
1212 	 0 
1213 	 0 
1214 	 0 
1215 	 0 
1216 	 0 
1217 	 545 
1218 	 546 
1219 	 547 
1220 	 548 
1221 	 0 
1222 	 549 
1223 	 0 
1224 	 0 
1225 	 0 
1226 	 0 
1227 	 0 
1228 	 550 
1229 	 551 
1230 	 0 
1231 	 0 
1232 	 0 
1233 	 0 
1234 	 0 
1235 	 0 
1236 	 552 
1237 	 0 
1238 	 0 
1239 	 553 
1240 	 0 
1241 	 0 
1242 	 0 
1243 	 0 
1244 	 554 
1245 	 0 
1246 	 555 
1247 	 556 
1248 	 557 
1249 	 558 
1250 	 0 
1251 	 0 
1252 	 0 
1253 	 0 
1254 	 0 
1255 	 0 
1256 	 0 
1257 	 559 
1258 	 0 
1259 	 0 
1260 	 0 
1261 	 0 
1262 	 0 
1263 	 0 
1264 	 0 
1265 	 0 
1266 	 0 
1267 	 0 
1268 	 560 
1269 	 0 
1270 	 561 
1271 	 562 
1272 	 0 
1273 	 0 
1274 	 0 
1275 	 563 
1276 	 0 
1277 	 564 
1278 	 0 
1279 	 0 
1280 	 0 
1281 	 0 
1282 	 565 
1283 	 566 
1284 	 567 
1285 	 568 
1286 	 0 
1287 	 0 
1288 	 569 
1289 	 0 
1290 	 0 
1291 	 570 
1292 	 571 
1293 	 0 
1294 	 572 
1295 	 0 
1296 	 0 
1297 	 573 
1298 	 0 
1299 	 0 
1300 	 0 
1301 	 0 
1302 	 0 
1303 	 0 
1304 	 0 
1305 	 0 
1306 	 0 
1307 	 0 
1308 	 0 
1309 	 574 
1310 	 0 
1311 	 0 
1312 	 575 
1313 	 576 
1314 	 577 
1315 	 0 
1316 	 578 
1317 	 0 
1318 	 0 
1319 	 579 
1320 	 0 
1321 	 0 
1322 	 580 
1323 	 581 
1324 	 0 
1325 	 582 
1326 	 0 
1327 	 583 
1328 	 0 
1329 	 0 
1330 	 0 
1331 	 0 
1332 	 584 
1333 	 585 
1334 	 0 
1335 	 0 
1336 	 0 
1337 	 0 
1338 	 0 