1 	 2.97600732799 	 1.97942496462 	 0.121846863667 
2 	 6.96344364526 	 0.705111103757 	 0.0566611945524 
3 	 10.003121197 	 0.966107989251 	 0.0394204984017 
4 	 3.6851447052 	 2.68944199314 	 0.0760647245439 
5 	 6.67787548432 	 0.508792087403 	 0.0589423029905 
6 	 5.43734910921 	 0.440554493095 	 0.0734893122132 
7 	 6.92509244672 	 0.641333415511 	 0.0564666998504 
8 	 7.20842827745 	 1.4238086635 	 0.053757728306 
9 	 5.56415016352 	 1.05686914336 	 0.0699012641377 
10 	 9.99556993995 	 2.84179403898 	 0.0393037565844 
11 	 5.28415915548 	 0.987111077916 	 0.0744804075942 
12 	 10.355933866 	 0.664087909445 	 0.037185870382 
13 	 4.72871079554 	 0.882533198063 	 0.0861171334095 
14 	 4.86932867302 	 0.635069111049 	 0.0820390817517 
15 	 5.55619581604 	 0.410008653643 	 0.0724643684675 
16 	 5.0771291119 	 0.900883133786 	 0.078350959254 
17 	 36.0825054538 	 0.600408498098 	 0.0110092967689 
18 	 5.60689159569 	 0.434914130039 	 0.0702457255135 
19 	 6.51051059273 	 0.672983289895 	 0.0596458293123 
20 	 4.90155891185 	 0.883740305449 	 0.0829023315554 
21 	 6.59156032227 	 0.472536027531 	 0.0593012466237 
22 	 5.42354344267 	 0.363949048943 	 0.0717656034566 
23 	 3.79372819124 	 0.378424872945 	 0.106637943579 
24 	 8.60432599662 	 0.572768266129 	 0.0454855036624 
25 	 8.66498022702 	 0.666814139515 	 0.0453059055077 
26 	 5.76345616155 	 1.42176706067 	 0.0652225601904 
27 	 17.7877271418 	 0.553708328401 	 0.0223991027898 
28 	 3.56623888344 	 0.323419682993 	 0.118109786381 
29 	 6.4768519423 	 0.721439374989 	 0.0600126669685 
30 	 5.24825468508 	 0.775792566441 	 0.0766825608843 
31 	 6.55570040055 	 0.382636522258 	 0.0628948454477 
32 	 5.15011455801 	 1.25847685232 	 0.0771599437705 
33 	 16.7211147353 	 0.387139519343 	 0.0222389612775 
34 	 5.28115560344 	 1.01177425323 	 0.0766898712805 
35 	 6.03449586703 	 0.942229049127 	 0.0658387971864 
36 	 6.23024136505 	 0.832050388211 	 0.0642071843988 
37 	 10.360559568 	 2.85437817481 	 0.0380922255055 
38 	 3.95255488318 	 1.30508461541 	 0.0966509035028 
39 	 8.34867349729 	 0.182778416145 	 0.0376180490373 
40 	 11.6271696478 	 0.127996508123 	 0.0326893115044 
41 	 5.65029111526 	 0.850334923408 	 0.0705407741469 
42 	 5.59694924979 	 0.477054045574 	 0.0701645605698 
43 	 4.27782062981 	 0.862385839606 	 0.0959945018051 
44 	 5.31166594564 	 0.511286293941 	 0.0722783644511 
45 	 6.32709539335 	 0.636834965184 	 0.0617892986153 
46 	 6.32027601797 	 0.458329494354 	 0.0618679198078 
47 	 4.45140450879 	 0.906847790781 	 0.0904951602553 
48 	 6.55835665778 	 0.922005900765 	 0.0612020171763 
49 	 31.4273484019 	 0.441630041821 	 0.0126562992333 
50 	 5.14861971959 	 2.05437142848 	 0.0744483884535 
51 	 4.23977592804 	 0.940573767616 	 0.0937349136713 
52 	 4.64316252427 	 0.913626549698 	 0.0870823817273 
53 	 9.59726718754 	 0.579114535491 	 0.0400580581178 
54 	 16.2438197881 	 0.0646942955434 	 0.0249591731241 
55 	 5.39964157671 	 0.921588728682 	 0.0737853300671 
56 	 7.90160615328 	 0.579761245757 	 0.0496961650204 
57 	 5.48807084653 	 0.575249345261 	 0.0734590548698 
58 	 5.19031235822 	 0.925420382114 	 0.0764713910606 
59 	 37.362936811 	 0.524586824862 	 0.0104563480453 
60 	 6.42896429735 	 0.596363721691 	 0.0622401029446 
61 	 5.20174803424 	 1.17618639094 	 0.0755753312349 
62 	 7.67724587125 	 0.679669671683 	 0.0502600098159 
63 	 12.0440858613 	 0.128380988654 	 0.0325895864996 
64 	 6.90748540104 	 0.488240838691 	 0.0564966350623 
65 	 42.2074908811 	 0.505996466422 	 0.00931485622557 
66 	 4.97981383807 	 0.419003169786 	 0.0811113351082 
67 	 6.91765650924 	 2.65822949751 	 0.0566210872393 
68 	 5.50842463552 	 0.978895968837 	 0.071461345341 
69 	 8.54597060357 	 0.556269700151 	 0.045754301927 
70 	 4.87764832588 	 0.431080221451 	 0.0647683895808 
71 	 6.07756606391 	 0.622495282129 	 0.0654480245187 
72 	 5.54584856067 	 0.768033544703 	 0.0710240377585 
73 	 5.16908763414 	 0.413525332955 	 0.0778757345467 
74 	 4.60930492119 	 1.56195591814 	 0.0854540256409 
75 	 4.96112508987 	 0.990170814742 	 0.074153563784 
76 	 5.07056450772 	 0.67567617054 	 0.0730984291228 
77 	 7.38069768147 	 0.718113067747 	 0.0521572299132 
78 	 6.44986019198 	 0.935608135383 	 0.0605584202295 
79 	 5.44956110298 	 0.400898926198 	 0.0740991261888 
80 	 6.31864677352 	 0.78184236523 	 0.0638077499505 
81 	 5.48581218111 	 0.444486126154 	 0.0717968554069 
82 	 6.58649027036 	 0.652787435074 	 0.0590835149136 
83 	 5.43748520184 	 0.759985858736 	 0.072460248325 
84 	 7.41340113708 	 0.762741894149 	 0.0532997395179 
85 	 42.0706255677 	 0.508121492125 	 0.00932689590095 
86 	 6.96705853268 	 1.07191076008 	 0.0558949692625 
87 	 3.39722184089 	 2.00933995927 	 0.106475280447 
88 	 5.36855131784 	 1.02717165076 	 0.0723048843831 
89 	 6.45573154981 	 0.777709476236 	 0.0623434144956 
90 	 5.38565215043 	 0.415424782274 	 0.0745546604594 
91 	 4.9445046032 	 0.842303716871 	 0.080609014714 
92 	 5.82306240102 	 0.472816489325 	 0.0668691495582 
93 	 6.27919861778 	 0.653596521971 	 0.0625354815682 
94 	 4.97633116392 	 0.837575669584 	 0.0816344238776 
95 	 4.50629755039 	 1.01152561031 	 0.0869136668948 
96 	 4.85823039577 	 0.886020049866 	 0.083586638995 
97 	 27.0788835982 	 0.545105652692 	 0.0146541498148 
98 	 6.2127443334 	 0.662249554485 	 0.0621459597974 
99 	 5.33331771706 	 0.429324116077 	 0.0734495378724 
100 	 4.79097769889 	 1.2650245179 	 0.083153978038 
101 	 5.96446952683 	 0.752414995468 	 0.0657143066144 
102 	 13.324752345 	 0.512194412156 	 0.0308280166697 
103 	 7.14489289865 	 0.680665445292 	 0.0545707406945 
104 	 5.48029143475 	 0.721823661161 	 0.0717574107054 
105 	 21.4939742005 	 0.522543178361 	 0.017928925696 
106 	 4.12368824414 	 1.0977039054 	 0.0948679454681 
107 	 5.42902340568 	 1.15425041268 	 0.0737613009402 
108 	 6.31426830779 	 0.945552692014 	 0.06084086394 
109 	 5.4750433738 	 0.432120684603 	 0.0724185653886 
110 	 5.85726653219 	 0.456517728299 	 0.0666053107664 
111 	 4.96078853712 	 0.743503662861 	 0.0794662991881 
112 	 4.84022030015 	 0.842859641978 	 0.0839391560479 
113 	 5.30064645738 	 0.798521519892 	 0.0755463169736 
114 	 5.84664505003 	 1.14956344902 	 0.0685393026063 
115 	 5.32641994567 	 0.880344360558 	 0.0755492894986 
116 	 11.7240063254 	 0.133992217861 	 0.0318588243389 
117 	 36.6415906215 	 0.323525015187 	 0.00987482031829 
118 	 5.18332675061 	 0.718901422721 	 0.0750569962719 
119 	 4.97316924535 	 0.822758542917 	 0.0821444862897 
120 	 5.28207548243 	 0.419703431902 	 0.0756753741482 
121 	 4.45356788 	 1.27222546063 	 0.0888967714224 
122 	 35.8238573816 	 0.567974571046 	 0.0110934829671 
123 	 6.89086204565 	 0.551638276254 	 0.0575997291321 
124 	 6.45058671251 	 0.621325042215 	 0.0615631512193 
125 	 6.22848865119 	 0.471757597756 	 0.0625794156872 
126 	 5.87725201976 	 0.163205170421 	 0.0458734944192 
127 	 12.2154270559 	 0.640558465446 	 0.0317601951155 
128 	 15.8560314269 	 0.0620521749952 	 0.0256431961413 
129 	 11.1186453331 	 0.515649519338 	 0.0353973606668 
130 	 7.95136548966 	 0.599562583893 	 0.0486503685458 
131 	 11.3050788644 	 0.135858193154 	 0.0326993024012 
132 	 6.00860842433 	 0.994903019451 	 0.0648648180484 
133 	 5.68835967472 	 0.372419296249 	 0.0641087374893 
134 	 5.0616354359 	 1.30160832255 	 0.0769981409685 
135 	 33.032483796 	 0.585796955982 	 0.0121123299344 
136 	 6.38067581219 	 0.637215757686 	 0.0612776314246 
137 	 5.77405704543 	 0.726902024717 	 0.0667883050499 
138 	 4.61115135965 	 1.23369862233 	 0.0876119436437 
139 	 6.01700090469 	 0.494741090165 	 0.0649118073599 
140 	 8.67797107061 	 0.17750557537 	 0.0373769811252 
141 	 8.75381594146 	 2.6982163632 	 0.0425165630837 
142 	 32.9172285716 	 0.576065682649 	 0.012131934269 
143 	 33.8182041465 	 0.484162846798 	 0.0112106019959 
144 	 5.25146723644 	 0.866163752094 	 0.0763914123623 
145 	 5.93466818786 	 0.592756175557 	 0.0672854382845 
146 	 11.3610623884 	 0.125651516032 	 0.0345784555415 
147 	 5.05249750031 	 0.581802601326 	 0.0797941071164 
148 	 6.07759238793 	 0.583095617993 	 0.0653565900712 
149 	 7.30433659973 	 0.651573180865 	 0.0539928093409 
150 	 4.4066901633 	 0.949330536525 	 0.090817320683 
151 	 32.1802713836 	 0.617602088391 	 0.0121282749468 
152 	 5.71864297911 	 1.00693729832 	 0.0662954062867 
153 	 6.39198294396 	 0.51604807372 	 0.0618287258653 
154 	 5.08106540403 	 0.792958801201 	 0.0796443504626 
155 	 4.53844610533 	 1.31641018679 	 0.0869127998909 
156 	 5.96737057505 	 0.546809308727 	 0.0668219640119 
157 	 4.86867408158 	 0.755496194616 	 0.0810539241266 
158 	 4.61244114173 	 0.934365887851 	 0.0865968747308 
159 	 5.94997987101 	 0.909813252415 	 0.0664504670141 
160 	 6.1950467577 	 0.586766675909 	 0.064150235275 
161 	 5.42302933256 	 1.073374655 	 0.0726540284649 
162 	 6.28738619723 	 0.704455917342 	 0.0612574467011 
163 	 3.85334063293 	 0.287501469514 	 0.109116656034 
164 	 5.34046803915 	 1.41979271186 	 0.0695510497288 
165 	 6.22862979835 	 0.741361797415 	 0.0624718898927 
166 	 6.60715504834 	 0.67539940335 	 0.0584412215505 
167 	 4.98809664574 	 0.935611541608 	 0.0802941839201 
168 	 4.91036718046 	 1.20104333608 	 0.0806406936799 
169 	 5.54612272168 	 0.667711900933 	 0.0697209184276 
170 	 6.33512373924 	 0.651734802469 	 0.0615738186223 
171 	 3.56745288856 	 0.20124383603 	 0.0520643958329 
172 	 5.46011858363 	 0.675487831139 	 0.0723489725222 
173 	 5.91672953978 	 1.07297169955 	 0.0647936873592 
174 	 5.13098281834 	 1.23634838623 	 0.0775273476494 
175 	 4.49725440619 	 1.81408687465 	 0.0877389776297 
176 	 6.77113692603 	 0.700555218961 	 0.056491797662 
177 	 11.8625972267 	 2.85532433951 	 0.0331717838718 
178 	 7.44435879139 	 0.161791370595 	 0.0400073880512 
179 	 5.76544138317 	 1.13259475156 	 0.0680590690704 
180 	 7.08454842554 	 0.492274378257 	 0.0551252577078 
181 	 5.00687726744 	 0.880354424385 	 0.080404893178 
182 	 4.92940925283 	 1.02238629444 	 0.0789268341615 
183 	 4.72467261101 	 0.918541154831 	 0.0844740169544 
184 	 5.14083728273 	 0.396087024304 	 0.0776188268774 
185 	 5.46418668583 	 0.160587555124 	 0.0448905999215 
186 	 6.10972793749 	 0.50361783552 	 0.0642495873807 
187 	 5.34703716155 	 0.737146745755 	 0.0728687854647 
188 	 5.61967691671 	 0.379082381765 	 0.0720332854182 
189 	 5.44795536383 	 0.793953034517 	 0.073605453356 
190 	 3.63424903588 	 0.290829100851 	 0.115896503887 
191 	 4.31569769786 	 0.53725921219 	 0.103592084731 
192 	 6.62633683657 	 0.604020618308 	 0.0597758495542 
193 	 5.22930418116 	 0.593852418037 	 0.0764541430438 
194 	 4.89076081136 	 2.20794398179 	 0.0805444713648 
195 	 4.97844977738 	 0.342727896016 	 0.0822756799342 
196 	 3.81265446265 	 1.39108197009 	 0.100635938351 
197 	 13.9944537163 	 0.627901593554 	 0.0279202172027 
198 	 7.02204880695 	 1.83685501434 	 0.0355384436068 
199 	 6.68585620733 	 0.538892629655 	 0.0595584535858 
200 	 5.23285329818 	 0.374447878195 	 0.0750064833862 
201 	 5.79799919261 	 0.690053425042 	 0.0665365433312 
202 	 6.56340198941 	 1.01453636089 	 0.0601940878145 
203 	 36.2720598468 	 0.345424833443 	 0.0105750008123 
204 	 5.80761713635 	 1.02791882319 	 0.0666408301068 
205 	 6.9260925896 	 0.601016427048 	 0.0571340566229 
206 	 10.5895360414 	 0.591296055647 	 0.0369586811699 
207 	 5.26605607761 	 1.15438072387 	 0.0746904439996 
208 	 5.97265076703 	 0.761108271384 	 0.0661379266242 
209 	 6.14789414843 	 0.371285646478 	 0.0659727660729 
210 	 12.7445430456 	 0.237723095383 	 0.0316151339351 
211 	 6.22956144354 	 0.711819245769 	 0.061790680861 
212 	 4.42223721108 	 1.27744952562 	 0.0896182431522 
213 	 2.6764837817 	 0.412214007378 	 0.15318516228 
214 	 5.34779690817 	 0.674176301026 	 0.073001767079 
215 	 6.10987329669 	 0.716064786793 	 0.0629994561788 
216 	 4.3376136974 	 2.06835823553 	 0.0864017095817 
217 	 5.58046819091 	 1.16312728309 	 0.068876145769 
218 	 6.78260388017 	 0.645621996427 	 0.0572345950278 
219 	 4.08789886528 	 1.67377361187 	 0.0980713719334 
220 	 5.15639791915 	 0.408221714063 	 0.0764719644651 
221 	 1.95071821099 	 2.33556980989 	 0.202792024966 
222 	 9.33464664396 	 2.72559499147 	 0.042357105999 
223 	 5.5706774674 	 0.42054745717 	 0.072055319206 
224 	 5.08973392349 	 0.885236115369 	 0.0789421762547 
225 	 5.78315391202 	 0.374816553053 	 0.0685565210145 
226 	 6.26570025817 	 0.561124551165 	 0.0637969296537 
227 	 7.97292455579 	 0.701893233037 	 0.0495902721267 
228 	 33.2416445546 	 0.569291310434 	 0.0118288417165 
229 	 5.52604560218 	 0.891571879942 	 0.0719046508857 
230 	 3.77564584348 	 1.27740127442 	 0.105049526294 
231 	 7.31153692018 	 0.671496771264 	 0.0529667940577 
232 	 6.37248107189 	 0.677199681656 	 0.0608785833671 
233 	 5.99012509573 	 0.738186100589 	 0.0656924088754 
234 	 6.08861992186 	 1.12987960869 	 0.0645501437268 
235 	 2.63112718568 	 1.68328790027 	 0.155725411931 
236 	 3.37691223034 	 1.7926452148 	 0.118146104987 
237 	 6.15534144743 	 0.35913712314 	 0.0653166348128 
238 	 6.21128886232 	 0.47564227802 	 0.0624956924835 
239 	 4.70164178923 	 2.0026296364 	 0.0832434213704 
240 	 5.38787876552 	 1.33637718006 	 0.0726725138677 
241 	 6.94784151568 	 0.648507021194 	 0.0559101501928 
242 	 8.87453836232 	 0.206859530168 	 0.0405145830363 
243 	 5.50409121059 	 1.0279612419 	 0.0709719645611 
244 	 6.05573031436 	 0.546159765319 	 0.0654827742221 
245 	 4.54854708531 	 1.18638412435 	 0.0875018901025 
246 	 5.7312803308 	 1.25774237134 	 0.0696544668534 
247 	 18.1977717478 	 0.0354806639488 	 0.0245808443013 
248 	 5.10050410804 	 1.03666625882 	 0.0766520984417 
249 	 13.558334716 	 0.0745060760449 	 0.0300466217693 
250 	 7.79795380112 	 0.642429711716 	 0.0499528128946 
251 	 6.33308245401 	 0.614356762055 	 0.0625090255815 
252 	 5.17063489695 	 0.609614006031 	 0.0774494096504 
253 	 7.78427285957 	 0.585300313779 	 0.0502788298428 
254 	 5.72824114749 	 0.729895162451 	 0.067743947038 
255 	 28.8343381375 	 0.444815499109 	 0.0134274890694 
256 	 6.11004375099 	 0.889433500756 	 0.0643162760121 
257 	 10.1414542772 	 0.538973469037 	 0.038446922864 
258 	 6.06527837347 	 0.720698175777 	 0.0636841397628 
259 	 4.95987974548 	 0.987455425893 	 0.0791090149326 
260 	 7.57558959208 	 0.637883802845 	 0.0531431745189 
261 	 11.0067013361 	 0.146169592448 	 0.034420059664 
262 	 7.69752830669 	 0.555164980574 	 0.0508958550354 
263 	 5.72054308496 	 1.36066303706 	 0.0669936130888 
264 	 5.28121890207 	 0.756988906669 	 0.0742164818216 
265 	 2.29828819665 	 1.77694983843 	 0.174387226224 
266 	 4.22163348471 	 1.71091886927 	 0.0950541532385 
267 	 5.14229164207 	 0.271259832649 	 0.0786849438672 
268 	 6.39568732223 	 0.760166409758 	 0.0618265100387 
269 	 5.6047427603 	 1.66747008575 	 0.0728413110305 
270 	 4.96297673476 	 0.777449753436 	 0.0808876587645 
271 	 4.86721497166 	 0.428061491725 	 0.0824646214028 
272 	 5.51023294292 	 0.685390915943 	 0.0699554532526 
273 	 13.7103512652 	 0.694515284782 	 0.0287675495403 
274 	 7.75609514039 	 0.549066071804 	 0.0505205807165 
275 	 4.14112541074 	 1.65851612563 	 0.0967715981967 
276 	 5.37666899218 	 0.456598462418 	 0.0756602702789 
277 	 5.09819400432 	 2.08925585619 	 0.0750928963176 
278 	 10.444728293 	 0.329576467512 	 0.0347199299806 
279 	 6.68953903444 	 1.05318600231 	 0.0578826808963 
280 	 6.35889706821 	 0.694304021599 	 0.060667158663 
281 	 5.17470066055 	 2.24092459376 	 0.0708395850178 
282 	 3.58550595718 	 2.2537704996 	 0.112713703087 
283 	 3.58550595718 	 2.2537704996 	 0.112713703087 
284 	 4.92819845963 	 0.328789912467 	 0.0837682805756 
285 	 3.14739999981 	 1.21689250521 	 0.131767027962 
286 	 5.94852016435 	 0.55378393736 	 0.0663669882898 
287 	 6.01113489243 	 0.817602868009 	 0.0664290609099 
288 	 4.93123579783 	 0.927693222858 	 0.0788228520274 
289 	 4.58536808169 	 1.4762056787 	 0.0870922469246 
290 	 7.91532682252 	 0.983881124473 	 0.0499598341961 
291 	 6.68288771767 	 1.04742995506 	 0.0590356528509 
292 	 6.13346490493 	 0.550667956382 	 0.0647714687824 
293 	 6.32109822445 	 0.667613113234 	 0.0632884182582 
294 	 5.29428402956 	 1.26645163299 	 0.0747081792344 
295 	 25.4957769425 	 0.483522372176 	 0.015495923574 
296 	 5.01367795036 	 0.751205180913 	 0.078173816012 
297 	 9.81363949184 	 1.12231211155 	 0.0404162992163 
298 	 5.64024202735 	 1.46450696356 	 0.0689833429724 
299 	 34.4221211838 	 0.502459044598 	 0.0114329796905 
300 	 5.8890100855 	 1.21687172331 	 0.0677103135908 
301 	 7.26083661157 	 0.530003522441 	 0.0539027955238 
302 	 5.75637963103 	 0.916664990426 	 0.0682720253312 
303 	 5.48988014659 	 0.469172013732 	 0.0710659212394 
304 	 5.48988014659 	 0.469172013732 	 0.0710659212394 
305 	 8.10727463997 	 1.03962755573 	 0.0489411532444 
306 	 5.36693374591 	 0.794697887054 	 0.0748824600797 
307 	 6.15942561311 	 1.3544653041 	 0.0618605144155 
308 	 6.40097678245 	 0.601758637618 	 0.0618717208634 
309 	 5.45985109051 	 0.741017415335 	 0.0710211437509 
310 	 6.34584761761 	 1.6166416993 	 0.0531677183772 
311 	 5.78953973545 	 1.02746381889 	 0.0655900962996 
312 	 7.83758102604 	 0.237721087694 	 0.0467976207778 
313 	 7.60668374513 	 0.769433455746 	 0.052216120269 
314 	 6.95187465574 	 1.15774222312 	 0.0549868838562 
315 	 5.76019465312 	 0.365249112676 	 0.0699027845431 
316 	 11.0343764189 	 0.654450793003 	 0.0361316747523 
317 	 5.5817477936 	 1.04620273546 	 0.0693233921658 
318 	 7.23059173339 	 0.57864179398 	 0.0546445057187 
319 	 4.39152319228 	 1.21693377043 	 0.0917354759607 
320 	 5.20403164237 	 0.836987367593 	 0.0779170685989 
321 	 7.23920711003 	 0.610266604198 	 0.0544662120282 
322 	 6.79773213404 	 0.326840399739 	 0.0573675065746 
323 	 8.31300987629 	 0.637576179041 	 0.048225739818 
324 	 8.36592040046 	 0.666954015164 	 0.0481554716092 
325 	 3.36592134584 	 1.29396055095 	 0.113461791374 
326 	 6.36719304867 	 0.690253636076 	 0.0609197536489 
327 	 8.68874112314 	 0.589417399143 	 0.0459510121279 
328 	 39.1895583112 	 0.333824222438 	 0.00987820887995 
329 	 3.24420564489 	 1.89894537155 	 0.114595208726 
330 	 4.35806157993 	 1.07620897788 	 0.0889183542047 
331 	 5.9335069368 	 1.08320677238 	 0.0664692669498 
332 	 18.0276220749 	 0.0369574663173 	 0.0248953714972 
333 	 6.88442294259 	 0.679186302277 	 0.05583290813 
334 	 6.81604583359 	 0.594076161521 	 0.0581382083698 
335 	 6.71952240607 	 1.16431896806 	 0.059059503858 
336 	 17.6589178113 	 2.98751507678 	 0.0224763584616 
337 	 1.68393966813 	 1.84562302532 	 0.248150072932 
338 	 3.572203748 	 1.80278630417 	 0.111547878643 
339 	 5.25917615173 	 0.416935620974 	 0.0757942933237 
340 	 6.2755840385 	 0.482353402306 	 0.0622443136543 
341 	 3.61298527995 	 1.29751991389 	 0.108510215329 
342 	 4.25636073171 	 2.20255886796 	 0.0921528009337 
343 	 6.70749554644 	 0.522197675642 	 0.0579942430987 
344 	 4.5843136275 	 1.00761359052 	 0.0863117149432 
345 	 4.97218050183 	 0.928901987612 	 0.0808016289123 
346 	 7.20774800151 	 0.988907069527 	 0.0538992873611 
347 	 5.31953181144 	 1.1208778571 	 0.0724830912011 
348 	 10.5326054214 	 0.701296860445 	 0.0385913393056 
349 	 4.27577678128 	 2.26538277824 	 0.08470680155 
350 	 4.79245215386 	 1.56886935838 	 0.0826634012784 
351 	 6.52872640403 	 1.12785928258 	 0.0599441302827 
352 	 5.84970429635 	 1.20025739062 	 0.0680857093893 
353 	 28.6133705203 	 0.0338727315852 	 0.0139260140325 
354 	 6.3580203077 	 1.06392747511 	 0.0620009088228 
355 	 9.18190974277 	 0.156651363293 	 0.0388770042309 
356 	 6.63332594367 	 1.05441947538 	 0.0578234392608 
357 	 7.36704146218 	 0.933403366943 	 0.054399542269 
358 	 5.6541360839 	 0.771246736384 	 0.0703813408858 
359 	 5.44451979443 	 1.46959970154 	 0.072159493492 
360 	 4.53983285165 	 1.15892094482 	 0.0883756436157 
361 	 6.35740012487 	 0.745861176042 	 0.0620735115841 
362 	 6.5463068096 	 0.650572706953 	 0.0585842778698 
363 	 6.55255409611 	 0.44703086331 	 0.0594375398619 
364 	 5.88269469992 	 0.976970796856 	 0.0637665770034 
365 	 25.029137454 	 0.523144853748 	 0.0157613628059 
366 	 5.48815035268 	 1.1656594226 	 0.070385242857 
367 	 3.66082218905 	 1.2001072621 	 0.110832805533 
368 	 4.00614906011 	 1.6567765826 	 0.0997223452652 
369 	 10.7262574944 	 0.190036312959 	 0.034289335767 
370 	 3.87085646333 	 0.742519938995 	 0.101348775192 
371 	 4.80824926418 	 1.48419536222 	 0.0816762461917 
372 	 5.03480516914 	 1.1745325602 	 0.0783077475422 
373 	 5.64767145492 	 1.21922937584 	 0.0708784364998 
374 	 5.48330741029 	 0.619272683829 	 0.0733678139142 
375 	 14.1301832925 	 0.0794472370489 	 0.028585977196 
376 	 5.64570526923 	 0.383989720579 	 0.0713120301 
377 	 6.36366423745 	 0.644452050899 	 0.0617877780271 
378 	 4.67233263194 	 0.827998618554 	 0.0878995080703 
379 	 7.9662425519 	 0.535368205797 	 0.0487432839183 
380 	 3.62635710818 	 1.7857525081 	 0.111980749659 
381 	 5.78711344432 	 1.01964893112 	 0.0678081041348 
382 	 4.65702511842 	 0.928919603499 	 0.0853995325703 
383 	 5.42001962132 	 1.06300453506 	 0.0730492254078 
384 	 7.55039399466 	 0.334940631522 	 0.0526801706654 
385 	 19.8112013638 	 0.0388988941686 	 0.0214667635219 
386 	 5.86163763281 	 1.12170327871 	 0.067157966103 
387 	 7.60146645374 	 0.631784593798 	 0.0519811568386 
388 	 6.49273129128 	 0.425324448375 	 0.0605686243661 
389 	 4.957473485 	 0.968692217353 	 0.0773638934052 
390 	 6.00294392398 	 0.73137187915 	 0.0649445187423 
391 	 6.26011222426 	 0.767181347719 	 0.0632315713083 
392 	 6.41881131566 	 0.717028151869 	 0.0603597726547 
393 	 9.9339633629 	 0.713278261043 	 0.0396209626906 
394 	 6.08841829448 	 0.649117155098 	 0.0635907125987 
395 	 5.33681805139 	 1.42401710484 	 0.0734369756536 
396 	 5.72454683217 	 0.940659134884 	 0.0699348522866 
397 	 7.56558854576 	 0.414790190865 	 0.0536334667997 
398 	 4.20837995262 	 2.04225801615 	 0.0912495548608 
399 	 11.5584347464 	 0.164906316714 	 0.0325599778749 
400 	 6.81340005503 	 0.530137851098 	 0.0576328264142 
401 	 8.15666893715 	 0.174280945188 	 0.0400170948451 
402 	 5.06621253595 	 1.40802540809 	 0.070492230322 
403 	 5.54218734167 	 0.789566966702 	 0.0726701012726 
404 	 8.16094825234 	 0.448627061135 	 0.047419613965 
405 	 5.63601305254 	 0.942049672063 	 0.0677632314825 
406 	 8.35538215851 	 1.16762694854 	 0.047623121792 
407 	 5.9417815721 	 1.0148016753 	 0.0642358554815 
408 	 7.08514117925 	 0.459281470629 	 0.055884461157 
409 	 6.14655582866 	 0.647066697764 	 0.0636803079273 
410 	 5.42495913509 	 0.584408773077 	 0.0743211328885 
411 	 7.12237075741 	 0.600167278502 	 0.055126350545 
412 	 4.17640009383 	 1.49410781155 	 0.0951142716585 
413 	 22.4628050554 	 0.369102829312 	 0.0177909314259 
414 	 6.2730686695 	 0.449266022477 	 0.0613518242113 
415 	 6.81323221467 	 0.167215582738 	 0.0370724311382 
416 	 10.6860962767 	 0.13912321976 	 0.036209662712 
417 	 4.67618913809 	 1.07561257237 	 0.0805784517435 
418 	 7.95208075248 	 0.47219152223 	 0.0529422323368 
419 	 6.3479595428 	 0.879368689252 	 0.062082509247 
420 	 5.55390184458 	 1.01881407908 	 0.0702905493917 
421 	 7.32648027888 	 0.67565163548 	 0.052905097323 
422 	 5.27388290029 	 1.03082633603 	 0.0749162007879 
423 	 12.0060807769 	 0.118587011968 	 0.032847205194 
424 	 5.17151637396 	 1.13359439286 	 0.07754654702 
425 	 6.56610285897 	 0.870239352308 	 0.0601949315231 
426 	 4.39023146163 	 2.36489715183 	 0.0902986578748 
427 	 4.19712417291 	 2.14273887461 	 0.0912614431463 
428 	 6.1262481911 	 0.663190641577 	 0.0635343076874 
429 	 4.58834846348 	 1.5142789619 	 0.086296696474 
430 	 6.39812597472 	 0.642868336115 	 0.0612952172402 
431 	 6.35303869136 	 0.806105660446 	 0.0622948029944 
432 	 5.90650436998 	 0.720320269927 	 0.0654521494971 
433 	 5.10465627565 	 0.535511591063 	 0.077449413469 
434 	 9.35464117181 	 0.392875679751 	 0.0425811927474 
435 	 6.37345662473 	 1.08588483671 	 0.0626731763046 
436 	 6.22041185707 	 0.566212077589 	 0.0637954984053 
437 	 5.50443286594 	 0.92253017298 	 0.0726357551063 
438 	 6.31725401996 	 0.655552010827 	 0.0614129874596 
439 	 5.78781682513 	 0.384470309406 	 0.069485216471 
440 	 4.73473472388 	 1.02515005587 	 0.0828375588165 
441 	 7.61498594114 	 0.745631176047 	 0.0513906345015 
442 	 23.0783601975 	 0.391912639127 	 0.0155802943624 
443 	 5.45987218156 	 0.575080329108 	 0.0738534966515 
444 	 5.02731902081 	 0.879029217988 	 0.0800147439785 
445 	 8.16395172068 	 0.691324645924 	 0.0477661047071 
446 	 4.64823506011 	 0.872436222849 	 0.0862697087112 
447 	 2.37595309385 	 0.848514843091 	 0.172006124837 
448 	 5.63006567937 	 0.792472894406 	 0.0710086899313 
449 	 4.96779009655 	 1.47797113911 	 0.0787431229817 
450 	 8.22531022254 	 0.199364100421 	 0.0417912855276 
451 	 45.1114550868 	 0.494506145764 	 0.00875638447935 
452 	 4.77469388496 	 0.944326937334 	 0.0827346692751 
453 	 4.14927677614 	 1.77737787732 	 0.0962092158551 
454 	 7.32100475456 	 0.528484127555 	 0.0536712201479 
455 	 7.00797905162 	 1.18649959197 	 0.0542965013206 
456 	 6.09987683171 	 1.20582941362 	 0.064429007949 
457 	 5.74058410644 	 0.548922993249 	 0.0695576963612 
458 	 2.06460604021 	 1.00943336098 	 0.203809026806 
459 	 10.3256064026 	 0.143582233023 	 0.0357461668421 
460 	 5.22057600399 	 1.20904618406 	 0.0764008869939 
461 	 21.2166593523 	 0.129323847469 	 0.0129820144982 
462 	 28.7456910686 	 0.371247362539 	 0.013811768766 
463 	 4.85243653176 	 0.931703508604 	 0.0814974586473 
464 	 9.58537194257 	 0.136042908373 	 0.0366572055514 
465 	 8.58001532603 	 0.85908682186 	 0.0461119081283 
466 	 4.58731601419 	 0.350575664057 	 0.0879541030209 
467 	 5.57109955152 	 1.09378500473 	 0.0700970221081 
468 	 6.33104542261 	 1.12252885701 	 0.0624983933867 
469 	 5.17445778511 	 1.02961473604 	 0.075594416274 
470 	 6.8095529103 	 0.700821341355 	 0.0567172939205 
471 	 8.58359709222 	 0.69630926819 	 0.0460018586335 
472 	 6.39093846631 	 0.604322944135 	 0.0618911644547 
473 	 5.62164188197 	 0.447670926261 	 0.0687425836825 
474 	 5.66876249987 	 0.471043129378 	 0.0692211410703 
475 	 13.4021060104 	 0.49998664373 	 0.0307095825115 
476 	 4.61253647964 	 1.17843224401 	 0.0865271630824 
477 	 6.24595134816 	 1.68098062538 	 0.0613100732145 
478 	 12.169295834 	 0.126335850498 	 0.03215762051 
479 	 4.8839581128 	 1.08223951962 	 0.0808730292769 
480 	 6.96528293672 	 0.676072637768 	 0.0570027455046 
481 	 5.91735421597 	 1.06813390641 	 0.0661547887354 
482 	 5.58339104581 	 0.35069825162 	 0.0716264121623 
483 	 7.40170052972 	 0.605270048834 	 0.0539318281586 
484 	 5.91828506128 	 0.639704198633 	 0.0671188596663 
485 	 5.07412913028 	 0.900238437178 	 0.0790029734894 
486 	 33.23697309 	 0.394896176666 	 0.0115261446768 
487 	 28.0001487115 	 0.634315310323 	 0.0141979485522 
488 	 6.41189748353 	 0.554492632819 	 0.0615478253486 
489 	 6.23329964567 	 2.8095412437 	 0.0624539093973 
490 	 5.75461503391 	 1.21569877552 	 0.0628670456036 
491 	 6.55371651969 	 0.497146777011 	 0.0597613567997 
492 	 8.79698418925 	 0.145755776227 	 0.0375012534281 
493 	 3.87263779934 	 2.40023362161 	 0.101333643665 
494 	 9.17385564892 	 0.437149177804 	 0.0453199957259 
495 	 11.1570337758 	 0.112572251991 	 0.0354418611353 
496 	 13.3662463809 	 0.084565980774 	 0.0301353271093 
497 	 4.09740827087 	 1.54287653629 	 0.0966338303131 
498 	 5.77375790943 	 0.664334565346 	 0.0674789527247 
499 	 5.45858702137 	 0.653012091262 	 0.0734860598509 
500 	 38.7256589106 	 0.869801575921 	 0.0102175301306 
501 	 5.27104260931 	 1.13316520795 	 0.0748335596438 
502 	 4.8143749335 	 1.49315179861 	 0.0839304610654 
503 	 1.18753142959 	 1.77888288894 	 0.900915131899 
504 	 4.30939120088 	 1.15262785754 	 0.073574476231 
505 	 6.96448587708 	 0.713085983198 	 0.0554895728986 
506 	 5.14904721434 	 0.37025399168 	 0.0779329158826 
507 	 7.32701702062 	 0.652035043457 	 0.0533521624901 
508 	 4.98217778766 	 0.923151593513 	 0.080094262069 
509 	 7.02363711105 	 0.594246054827 	 0.0564663827556 
510 	 10.9887825741 	 0.132254617194 	 0.034152230206 
511 	 6.27647689316 	 1.18565011704 	 0.0613253145565 
512 	 4.84760965684 	 0.931814563459 	 0.0827809902386 
513 	 5.49938218546 	 1.08502257371 	 0.0716840909641 
514 	 3.48792537854 	 2.20861854424 	 0.111112742868 
515 	 53.2357398428 	 0.0175155237542 	 0.00949553799539 
516 	 7.07378886308 	 0.617772283803 	 0.0563495422905 
517 	 6.42658871559 	 0.563355153332 	 0.0618513784777 
518 	 5.81986928177 	 0.456490778766 	 0.065418120252 
519 	 7.5815164682 	 0.526423815589 	 0.0515850336392 
520 	 5.35264906666 	 0.855936243212 	 0.0749464139836 
521 	 5.70921541205 	 1.53655955181 	 0.0685361087996 
522 	 5.97762604643 	 1.16429683409 	 0.0653339481324 
523 	 4.46839540321 	 1.04017394626 	 0.089431581187 
524 	 6.59558404536 	 0.451636391556 	 0.0614636286969 
525 	 22.9813629625 	 0.548599793571 	 0.0174391968163 
526 	 2.14769754813 	 1.17238051027 	 0.196582108593 
527 	 5.81053707213 	 0.965254345653 	 0.0679365187408 
528 	 6.66066870017 	 1.52824428059 	 0.060013802582 
529 	 5.84859310344 	 0.50431628326 	 0.0673239690783 
530 	 5.4729079903 	 0.458387409906 	 0.0702548878713 
531 	 5.21499937037 	 1.51625761454 	 0.0761840410715 
532 	 3.61107140638 	 2.02163899326 	 0.104907019735 
533 	 5.81142145518 	 0.470094624531 	 0.0673904979349 
534 	 5.1648169245 	 0.405198377842 	 0.0766543533075 
535 	 6.52598299873 	 0.605675559535 	 0.0608218788871 
536 	 3.20376768582 	 1.79988872857 	 0.130564960577 
537 	 5.08397544102 	 0.919513610812 	 0.077596647437 
538 	 5.58755603811 	 1.17780047394 	 0.07108172159 
539 	 21.9732603918 	 0.212532316147 	 0.0179712093289 
540 	 27.3840379256 	 0.544488718528 	 0.0144086648848 
541 	 5.50996154073 	 0.373162339032 	 0.0721879003999 
542 	 4.12336975026 	 0.303906921709 	 0.101267662134 
543 	 5.63877350925 	 0.403314417797 	 0.0663527195588 
544 	 6.25329665364 	 0.990470687356 	 0.0639176449899 
545 	 6.22104707615 	 0.65236363452 	 0.063883898756 
546 	 10.1193997054 	 0.773469811761 	 0.0385851396778 
547 	 16.5530806797 	 0.0242534487757 	 0.0301118029022 
548 	 5.04575342414 	 0.360610176939 	 0.0806573922978 
549 	 5.74067697916 	 0.477694261185 	 0.0681540215373 
550 	 43.3106092467 	 0.378718369124 	 0.00869239378873 
551 	 5.19920155333 	 1.03632375054 	 0.0761411993308 
552 	 6.33687117977 	 0.200183232075 	 0.0462722747711 
553 	 3.8069555824 	 0.210645765806 	 0.111369190198 
554 	 25.5877267985 	 0.517112514922 	 0.0154025695205 
555 	 6.59410563894 	 0.998933569596 	 0.0599143072088 
556 	 5.88333408082 	 1.05101854531 	 0.0680802824941 
557 	 39.332115634 	 0.396839723606 	 0.0101034099719 
558 	 42.2404716914 	 0.537476081434 	 0.00939515762652 
559 	 4.85400258625 	 2.09295861482 	 0.0778850821819 
560 	 6.45046026376 	 0.96878548477 	 0.0617420813711 
561 	 5.48267540895 	 0.524880906314 	 0.072331640741 
562 	 14.6320692378 	 0.659129362585 	 0.0270813800829 
563 	 33.7520778292 	 0.422596889809 	 0.0115249905161 
564 	 6.62862554293 	 0.964861471876 	 0.0601044976308 
565 	 5.56426705641 	 1.4215986559 	 0.068739774371 
566 	 4.7013409611 	 0.800558765635 	 0.0859701314047 
567 	 5.78653379363 	 0.406796468947 	 0.0682612495178 
568 	 4.64023009469 	 0.364923744258 	 0.09078736786 
569 	 4.93819677111 	 0.381695881303 	 0.0818639149569 
570 	 5.22327218655 	 0.414167116142 	 0.0763451860416 
571 	 3.85764408274 	 0.828140572218 	 0.106820968134 
572 	 4.29600996702 	 0.999759004606 	 0.0866592931609 
573 	 7.00962202779 	 0.636867415324 	 0.0561085241804 
574 	 6.20942556336 	 1.58689269501 	 0.0614218302119 
575 	 5.2936177758 	 0.952831675897 	 0.0753332681004 
576 	 6.16157938809 	 0.580314516978 	 0.0642414470345 
577 	 5.26790418779 	 0.41498476087 	 0.0753607193183 
578 	 5.4365782123 	 0.646041324232 	 0.0731686440491 
579 	 6.03506174567 	 0.673433765664 	 0.0674682979667 
580 	 7.83016535938 	 0.425899488233 	 0.0519444413401 
581 	 4.77615679408 	 1.12746304646 	 0.0823394017847 
582 	 4.60387418368 	 1.68734014687 	 0.0789783272197 
583 	 6.38679819013 	 0.478580730531 	 0.0602708899339 
584 	 4.83662817588 	 1.387515353 	 0.0779004060762 
585 	 6.68636976136 	 1.04417013821 	 0.0587900555443 
